time (s)	theta (A)	maj axis/z0	min axis/z0	crossing#mod 255
5869.598720	38.953896	1.054623	-0.008776	33
5871.671808	38.926479	1.054495	-0.009032	35
5873.745920	38.947609	1.054161	-0.008924	37
5875.818496	38.983955	1.053602	-0.008808	39
5877.892608	38.971008	1.054884	-0.008607	41
5879.965696	38.988888	1.054887	-0.008831	43
5882.039808	38.994865	1.055142	-0.009012	45
5884.112896	39.001865	1.054404	-0.009067	47
5886.185984	39.000122	1.053770	-0.008729	49
5888.259584	39.011238	1.053408	-0.008569	51
5890.333184	39.027756	1.054841	-0.008454	53
5892.406784	39.007420	1.054829	-0.008764	55
5894.480384	38.989159	1.054833	-0.008772	57
5896.553472	39.006855	1.056337	-0.009240	59
5898.627584	39.030334	1.056527	-0.008945	61
5900.700672	38.982384	1.056318	-0.008898	63
5902.774272	39.038383	1.055282	-0.009066	65
5904.847360	39.047241	1.054872	-0.008986	67
5906.920448	39.071701	1.055006	-0.008811	69
5908.994560	39.063419	1.053985	-0.008846	71
5911.067648	39.055603	1.053748	-0.008712	73
5913.141248	39.076263	1.053386	-0.008518	75
5915.214336	39.111465	1.053391	-0.008352	77
5917.287936	39.093651	1.053768	-0.008475	79
5919.361536	39.090412	1.053525	-0.008806	81
5921.435136	39.108959	1.053725	-0.008766	83
5923.508224	39.109489	1.053885	-0.008575	85
5925.582336	39.122005	1.054823	-0.008644	87
5927.655424	39.159130	1.054904	-0.008626	89
5929.728512	39.128384	1.054797	-0.008617	91
5931.802112	39.175133	1.054570	-0.008371	93
5933.876224	39.143089	1.054428	-0.007953	95
5935.949312	39.127182	1.053718	-0.007622	97
5938.023424	39.158524	1.053687	-0.007671	99
5940.096000	39.145164	1.053187	-0.007653	101
5942.170112	39.120453	1.053048	-0.007728	103
5944.243200	39.160866	1.052175	-0.007579	105
5946.316800	39.173359	1.052255	-0.007443	107
5948.390400	39.162582	1.051924	-0.007711	109
5950.464000	39.169979	1.053361	-0.008139	111
5952.537088	39.185673	1.053927	-0.008146	113
5954.610688	39.165382	1.053456	-0.008337	115
5956.684288	39.190262	1.053206	-0.008303	117
5958.757888	39.184303	1.054430	-0.007988	119
5960.830976	39.202671	1.053597	-0.007663	121
5962.904576	39.199520	1.054155	-0.007749	123
5964.978176	39.201031	1.053998	-0.007507	125
5967.051264	39.204712	1.053634	-0.007547	127
5969.124864	39.216633	1.052941	-0.007443	129
5971.198464	39.234554	1.053296	-0.007547	131
5973.271552	39.196747	1.052860	-0.007815	133
5975.345664	39.233196	1.053891	-0.007891	135
5977.418752	39.171822	1.053026	-0.007933	137
5979.492352	39.196827	1.053172	-0.008331	139
5981.565440	39.209480	1.052978	-0.007709	141
5983.639552	39.188179	1.053443	-0.007681	143
5985.712640	39.222313	1.053151	-0.007623	145
5987.786240	39.189766	1.052947	-0.007466	147
5989.859328	39.193752	1.052759	-0.007546	149
5991.932928	39.208694	1.052735	-0.007475	151
5994.006528	39.177849	1.053516	-0.007726	153
5996.079616	39.254921	1.052750	-0.007568	155
5998.153216	39.227158	1.053507	-0.007718	157
6000.226304	39.230629	1.053264	-0.007989	159
6002.300416	39.221783	1.054705	-0.008015	161
6004.374016	39.225754	1.054046	-0.007832	163
6006.447104	39.211876	1.053952	-0.007620	165
6008.520704	39.252331	1.054039	-0.007720	167
6010.593792	39.246456	1.053672	-0.007516	169
6012.667392	39.229488	1.053456	-0.007396	171
6014.740992	39.250935	1.053922	-0.007460	173
6016.814592	39.258587	1.053868	-0.007538	175
6018.887680	39.293911	1.053777	-0.007492	177
6020.961280	39.258030	1.053263	-0.007558	179
6023.034368	39.279453	1.053727	-0.007835	181
6025.107968	39.277374	1.052875	-0.007833	183
6027.181568	39.280396	1.054103	-0.007767	185
6029.255680	39.259888	1.054358	-0.008040	187
6031.328256	39.266499	1.054266	-0.008315	189
6033.402368	39.260937	1.053701	-0.008147	191
6035.475456	39.296925	1.053138	-0.008138	193
6037.549056	39.319843	1.053445	-0.007956	195
6039.622656	39.308636	1.052967	-0.007663	197
6041.695744	39.318996	1.053001	-0.007634	199
6043.769344	39.335548	1.052576	-0.007499	201
6045.842944	39.352001	1.052855	-0.007358	203
6047.916544	39.358276	1.053751	-0.007238	205
6049.989632	39.364914	1.052763	-0.007153	207
6052.063232	39.377911	1.052933	-0.007100	209
6054.136832	39.383610	1.053792	-0.007052	211
6056.210432	39.374897	1.053481	-0.007077	213
6058.283520	39.377583	1.054012	-0.007252	215
6060.357120	39.398560	1.054624	-0.007410	217
6062.430208	39.408737	1.055333	-0.007212	219
6064.503808	39.389309	1.056591	-0.007288	221
6066.577408	39.402435	1.056143	-0.007448	223
6068.651008	39.404346	1.055764	-0.007312	225
6070.724096	39.389599	1.055156	-0.007295	227
6072.797696	39.403568	1.055059	-0.007297	229
6074.871296	39.414906	1.055259	-0.007257	231
6076.944896	39.410835	1.055851	-0.007194	233
6079.018496	39.408585	1.055986	-0.007147	235
6081.091584	39.442081	1.056594	-0.007302	237
6083.164672	39.436344	1.055266	-0.007415	239
6085.238272	39.391933	1.055971	-0.007602	241
6087.311872	39.401443	1.055706	-0.007472	243
6089.384448	39.398895	1.053474	-0.007408	245
6091.458048	39.447578	1.052361	-0.007444	247
6093.531648	39.441368	1.053250	-0.007440	249
6095.604736	39.446014	1.053428	-0.007575	251
6097.678848	39.462917	1.053952	-0.007770	253
6099.752448	39.429623	1.053817	-0.007765	255
6101.826048	39.449890	1.054129	-0.008012	1
6103.899136	39.469479	1.054444	-0.007995	3
6105.972736	39.475456	1.053974	-0.007855	5
6108.046336	39.489517	1.053984	-0.007807	7
6110.119424	39.464279	1.053007	-0.007884	9
6112.192512	39.446911	1.052776	-0.008405	11
6114.266112	39.463512	1.052950	-0.008762	13
6116.340224	39.498409	1.052673	-0.008891	15
6118.413312	39.494946	1.052832	-0.008626	17
6120.487424	39.464024	1.053398	-0.008748	19
6122.561024	39.448608	1.052547	-0.008721	21
6124.632576	39.462177	1.052095	-0.008286	23
6126.707712	39.480904	1.052262	-0.008566	25
6128.781312	39.492775	1.052209	-0.008581	27
6130.854912	39.484516	1.053132	-0.008611	29
6132.928000	39.498978	1.052802	-0.008465	31
6135.001600	39.535145	1.052337	-0.008197	33
6137.074688	39.490097	1.053379	-0.008266	35
6139.148288	39.480610	1.052371	-0.008075	37
6141.221376	39.498863	1.052344	-0.008111	39
6143.295488	39.515636	1.052638	-0.008075	41
6145.368576	39.502701	1.053489	-0.008119	43
6147.442176	39.510044	1.053036	-0.008671	45
6149.515264	39.504379	1.053674	-0.008801	47
6151.588864	39.503792	1.053250	-0.008966	49
6153.661952	39.518955	1.053342	-0.008900	51
6155.736064	39.520679	1.053985	-0.008813	53
6157.809152	39.481926	1.053077	-0.008631	55
6159.882240	39.536835	1.052292	-0.008355	57
6161.956352	39.545361	1.051536	-0.008000	59
6164.029440	39.567219	1.051757	-0.007641	61
6166.103040	39.596405	1.052509	-0.007857	63
6168.176640	39.540207	1.053518	-0.007298	65
6170.249728	39.544956	1.052288	-0.007304	67
6172.323328	39.562950	1.053006	-0.007517	69
6174.396416	39.545868	1.052609	-0.007300	71
6176.470016	39.568150	1.052367	-0.007358	73
6178.544128	39.573246	1.053082	-0.007334	75
6180.617216	39.575611	1.052438	-0.007425	77
6182.690816	39.570065	1.053132	-0.007925	79
6184.763904	39.584587	1.053053	-0.007953	81
6186.837504	39.611179	1.053032	-0.007934	83
6188.911104	39.625118	1.052552	-0.007909	85
6190.984192	39.631306	1.053224	-0.007861	87
6193.057792	39.692417	1.053071	-0.007465	89
6195.131392	39.648804	1.055108	-0.007957	91
6197.204992	39.672165	1.055387	-0.007877	93
6199.278592	39.654892	1.054991	-0.007413	95
6201.351680	39.676556	1.054649	-0.007207	97
6203.425280	39.674496	1.054461	-0.007321	99
6205.498880	39.696472	1.054254	-0.007364	101
6207.572480	39.696915	1.054241	-0.007017	103
6209.646080	39.709583	1.054234	-0.006809	105
6211.719168	39.710823	1.054879	-0.006967	107
6213.792768	39.701702	1.054336	-0.006724	109
6215.866368	39.742863	1.054315	-0.006655	111
6217.939456	39.675446	1.054181	-0.006456	113
6220.013056	39.733307	1.054119	-0.007007	115
6222.086144	39.697353	1.053020	-0.007230	117
6224.159744	39.735275	1.053889	-0.007460	119
6226.233344	39.723312	1.052737	-0.007364	121
6228.306944	39.707378	1.052625	-0.007094	123
6230.380032	39.702240	1.053226	-0.007188	125
6232.453632	39.726013	1.052965	-0.006982	127
6234.526720	39.728237	1.053417	-0.007371	129
6236.600320	39.749783	1.053621	-0.007425	131
6238.673920	39.775944	1.053013	-0.007085	133
6240.747008	39.772442	1.053452	-0.007069	135
6242.820608	39.782932	1.052429	-0.006990	137
6244.894208	39.794952	1.052030	-0.007009	139
6246.967296	39.796661	1.052151	-0.006825	141
6249.040896	39.816204	1.052801	-0.006640	143
6251.114496	39.787476	1.053162	-0.006672	145
6253.188096	39.821083	1.052934	-0.006932	147
6255.261696	39.824871	1.053263	-0.006919	149
6257.334784	39.805779	1.052889	-0.007125	151
6259.408384	39.835995	1.052489	-0.007292	153
6261.481984	39.811817	1.052767	-0.007460	155
6263.555584	39.821564	1.053307	-0.007554	157
6265.628672	39.835930	1.053757	-0.007588	159
6267.702272	39.839905	1.054026	-0.007489	161
6269.775872	39.846085	1.054904	-0.007485	163
6271.848960	39.837757	1.054431	-0.007638	165
6273.922560	39.836014	1.053958	-0.007565	167
6275.995648	39.865273	1.053116	-0.007702	169
6278.069248	39.865643	1.053253	-0.007838	171
6280.142848	39.868729	1.053769	-0.008066	173
6282.215936	39.842697	1.053296	-0.007920	175
6284.290048	39.867500	1.052917	-0.007933	177
6286.363136	39.876751	1.052742	-0.007940	179
6288.436736	39.867569	1.052947	-0.007867	181
6290.509824	39.869476	1.052945	-0.008218	183
6292.583424	39.851364	1.053363	-0.008348	185
6294.657024	39.881039	1.051752	-0.008427	187
6296.730112	39.841705	1.052550	-0.008479	189
6298.803712	39.880741	1.051233	-0.008522	191
6300.876800	39.893219	1.051366	-0.008582	193
6302.950400	39.872749	1.051292	-0.008646	195
6305.024000	39.904221	1.052114	-0.008704	197
6307.097088	39.874901	1.052894	-0.008785	199
6309.171200	39.862564	1.053658	-0.008560	201
6311.244800	39.903835	1.053854	-0.008147	203
6313.317888	39.883011	1.053973	-0.007968	205
6315.391488	39.892548	1.055527	-0.007851	207
6317.465088	39.906513	1.055434	-0.007778	209
6319.538176	39.862648	1.054742	-0.007515	211
6321.611776	39.907921	1.054089	-0.007606	213
6323.685376	39.877174	1.053824	-0.007691	215
6325.758464	39.932991	1.054567	-0.007530	217
6327.832064	39.901569	1.053890	-0.007454	219
6329.905664	39.913193	1.053638	-0.007629	221
6331.978752	39.950264	1.053409	-0.007588	223
6334.052352	39.927132	1.054400	-0.007424	225
6336.125952	39.926991	1.053122	-0.007326	227
6338.199040	39.942066	1.052862	-0.007146	229
6340.272640	39.946339	1.052612	-0.007494	231
6342.345728	39.970482	1.053223	-0.007359	233
6344.419840	39.971615	1.054628	-0.007483	235
6346.492928	39.978821	1.053619	-0.007431	237
6348.566528	39.953297	1.053034	-0.007451	239
6350.639616	39.990002	1.052574	-0.007507	241
6352.713216	40.005173	1.054080	-0.007491	243
6354.786304	39.979797	1.054643	-0.007352	245
6356.860416	39.990025	1.055527	-0.007448	247
6358.933504	39.964378	1.055370	-0.007420	249
6361.007104	39.982533	1.054906	-0.007660	251
6363.080192	39.984055	1.054607	-0.007687	253
6365.153792	39.988941	1.054536	-0.007749	255
6367.227392	40.005783	1.055671	-0.007636	1
6369.300992	39.998718	1.056477	-0.007678	3
6371.374080	39.998184	1.056478	-0.007761	5
6373.447680	40.014973	1.055891	-0.007605	7
6375.521280	40.035217	1.055321	-0.007373	9
6377.593856	40.000435	1.055141	-0.007250	11
6379.667968	40.055069	1.054492	-0.007033	13
6381.741056	40.023689	1.053982	-0.007049	15
6383.814656	40.058681	1.054378	-0.006736	17
6385.888256	40.056194	1.054775	-0.006666	19
6387.961856	40.036655	1.053854	-0.006737	21
6390.034944	40.044193	1.054461	-0.007157	23
6392.108544	40.033142	1.054485	-0.007286	25
6394.182144	40.033165	1.053985	-0.007301	27
6396.255232	40.029358	1.052944	-0.007172	29
6398.328320	40.068588	1.053003	-0.007024	31
6400.402432	40.035961	1.052754	-0.006800	33
6402.476032	40.054001	1.053186	-0.006634	35
6404.549632	40.049519	1.053379	-0.007316	37
6406.623232	40.063869	1.052810	-0.007106	39
6408.696320	40.036461	1.053177	-0.007404	41
6410.769408	40.046803	1.053493	-0.007522	43
6412.843008	40.069866	1.052968	-0.007336	45
6414.916096	40.053444	1.052484	-0.007275	47
6416.989696	40.058964	1.053880	-0.007284	49
6419.062784	40.064312	1.053073	-0.007266	51
6421.136896	40.057892	1.053297	-0.007218	53
6423.210496	40.079086	1.052025	-0.007254	55
6425.283584	40.068047	1.051318	-0.007255	57
6427.356672	40.104343	1.051550	-0.007278	59
6429.430272	40.094093	1.051797	-0.007388	61
6431.503872	40.114613	1.053008	-0.007191	63
6433.577472	40.143661	1.053860	-0.007433	65
6435.650560	40.103180	1.053901	-0.007276	67
6437.724160	40.130173	1.054534	-0.007304	69
6439.797248	40.125576	1.052946	-0.007183	71
6441.871360	40.130405	1.052989	-0.007073	73
6443.944448	40.133205	1.053542	-0.007231	75
6446.018048	40.144867	1.052464	-0.006923	77
6448.091136	40.159374	1.053204	-0.007026	79
6450.164736	40.152645	1.053086	-0.007068	81
6452.238336	40.155159	1.053047	-0.007333	83
6454.311424	40.130405	1.053489	-0.007689	85
6456.385024	40.113754	1.053096	-0.007969	87
6458.459136	40.134113	1.054288	-0.007914	89
6460.531712	40.184887	1.053622	-0.007482	91
6462.605824	40.172112	1.053451	-0.007389	93
6464.678912	40.174980	1.053757	-0.007262	95
6466.752512	40.178757	1.054207	-0.006921	97
6468.825600	40.208359	1.054499	-0.006940	99
6470.899200	40.199245	1.054054	-0.007015	101
6472.972288	40.195534	1.053262	-0.006821	103
6475.045888	40.211437	1.054659	-0.006967	105
6477.119488	40.216038	1.054315	-0.006954	107
6479.193088	40.215889	1.055131	-0.007312	109
6481.266176	40.223660	1.055804	-0.007404	111
6483.339776	40.264652	1.055817	-0.007489	113
6485.413376	40.211178	1.055528	-0.007418	115
6487.486464	40.239010	1.055327	-0.007209	117
6489.560064	40.238045	1.055328	-0.007374	119
6491.633664	40.262863	1.054870	-0.007422	121
6493.706752	40.256588	1.054700	-0.007503	123
6495.779840	40.240150	1.054520	-0.007536	125
6497.853952	40.244507	1.054605	-0.007576	127
6499.927040	40.227798	1.054029	-0.007668	129
6502.000640	40.247269	1.052874	-0.007906	131
6504.074240	40.286518	1.052681	-0.007788	133
6506.147328	40.271915	1.053615	-0.007888	135
6508.220928	40.263962	1.053269	-0.007726	137
6510.294016	40.275948	1.053870	-0.007606	139
6512.367616	40.286121	1.053591	-0.007588	141
6514.441216	40.306599	1.054164	-0.007170	143
6516.514816	40.255939	1.055169	-0.007538	145
6518.588416	40.291977	1.054278	-0.007776	147
6520.661504	40.289154	1.054637	-0.007659	149
6522.734592	40.278057	1.054448	-0.007776	151
6524.808192	40.292690	1.054378	-0.007866	153
6526.881280	40.332130	1.054301	-0.007277	155
6528.954880	40.332352	1.053664	-0.006656	157
6531.028480	40.337215	1.054220	-0.006350	159
6533.102080	40.348026	1.053740	-0.006493	161
6535.175680	40.344070	1.053423	-0.006465	163
6537.248768	40.360016	1.052932	-0.006651	165
6539.321856	40.329075	1.053339	-0.006901	167
6541.395456	40.352966	1.052093	-0.007033	169
6543.469056	40.343838	1.053036	-0.007059	171
6545.542144	40.370632	1.052984	-0.006617	173
6547.615744	40.352940	1.054311	-0.006899	175
6549.688832	40.352169	1.054497	-0.006977	177
6551.762432	40.357395	1.054371	-0.007093	179
6553.836032	40.361000	1.054854	-0.007280	181
6555.909632	40.363846	1.054911	-0.007073	183
6557.983232	40.361546	1.054995	-0.006859	185
6560.056320	40.358334	1.054189	-0.006510	187
6562.129920	40.348217	1.053979	-0.006488	189
6564.203520	40.377460	1.053622	-0.006526	191
6566.277120	40.358158	1.053126	-0.006741	193
6568.350208	40.390106	1.051720	-0.006894	195
6570.423296	40.381077	1.052175	-0.007129	197
6572.496896	40.377514	1.051942	-0.007072	199
6574.570496	40.379391	1.051982	-0.007250	201
6576.644096	40.430161	1.051902	-0.007437	203
6578.717184	40.394455	1.052522	-0.007448	205
6580.790784	40.423359	1.052970	-0.007633	207
6582.864384	40.395363	1.053169	-0.007684	209
6584.937472	40.414337	1.052637	-0.007693	211
6587.010560	40.401672	1.053011	-0.007822	213
6589.084160	40.408150	1.053152	-0.007831	215
6591.157760	40.432415	1.053658	-0.007689	217
6593.231360	40.402626	1.053246	-0.007577	219
6595.304960	40.457638	1.053769	-0.007302	221
6597.377536	40.418842	1.054850	-0.007354	223
6599.451136	40.453606	1.054948	-0.007449	225
6601.524736	40.445679	1.055312	-0.007117	227
6603.598336	40.436893	1.055165	-0.006967	229
6605.671936	40.422951	1.054736	-0.006965	231
6607.745024	40.457363	1.053788	-0.007012	233
6609.818624	40.473263	1.053943	-0.006919	235
6611.892224	40.473728	1.054378	-0.006541	237
6613.965312	40.475582	1.054246	-0.006412	239
6616.038400	40.456261	1.053866	-0.006284	241
6618.112000	40.481304	1.053533	-0.006119	243
6620.185600	40.480183	1.053862	-0.006183	245
6622.259200	40.495667	1.054110	-0.006226	247
6624.332288	40.506279	1.053886	-0.006155	249
6626.405376	40.502800	1.054569	-0.006127	251
6628.479488	40.495319	1.054480	-0.006082	253
6630.552576	40.496693	1.055041	-0.005981	255
6632.626176	40.497402	1.054083	-0.005915	1
6634.699264	40.502121	1.053580	-0.006002	3
6636.772864	40.498428	1.053193	-0.006085	5
6638.845952	40.503563	1.052957	-0.006383	7
6640.920064	40.497635	1.052844	-0.006811	9
6642.993152	40.530460	1.052572	-0.006922	11
6645.066752	40.527378	1.052769	-0.006825	13
6647.139840	40.558140	1.052535	-0.006590	15
6649.213440	40.521656	1.053566	-0.006528	17
6651.287040	40.533283	1.052620	-0.006846	19
6653.360640	40.537094	1.052750	-0.006861	21
6655.433728	40.540245	1.052266	-0.006803	23
6657.507328	40.546398	1.053029	-0.006678	25
6659.580928	40.548630	1.052831	-0.006812	27
6661.654528	40.543610	1.053329	-0.006924	29
6663.728128	40.546249	1.053227	-0.006728	31
6665.801216	40.537781	1.052218	-0.006578	33
6667.874816	40.546173	1.051311	-0.006738	35
6669.948416	40.575790	1.051093	-0.006932	37
6672.021504	40.593906	1.050935	-0.006975	39
6674.094592	40.591438	1.051843	-0.007001	41
6676.168192	40.569889	1.052132	-0.007056	43
6678.241792	40.592079	1.052016	-0.007175	45
6680.314880	40.580364	1.051601	-0.007177	47
6682.388480	40.593540	1.052159	-0.007157	49
6684.462080	40.581234	1.052052	-0.007194	51
6686.535168	40.599869	1.052104	-0.007140	53
6688.608768	40.585884	1.053004	-0.007196	55
6690.681856	40.607784	1.052861	-0.007078	57
6692.755456	40.610897	1.053417	-0.007019	59
6694.829056	40.575668	1.053576	-0.007030	61
6696.902144	40.610538	1.054585	-0.007333	63
6698.975744	40.609894	1.054085	-0.007162	65
6701.049344	40.621990	1.054526	-0.007319	67
6703.122432	40.620319	1.055226	-0.007388	69
6705.196032	40.603653	1.054992	-0.007651	71
6707.269632	40.602585	1.054404	-0.007728	73
6709.342720	40.634243	1.054606	-0.007353	75
6711.416320	40.600563	1.055087	-0.007648	77
6713.489920	40.635757	1.054868	-0.007865	79
6715.563520	40.665333	1.055690	-0.007830	81
6717.636608	40.624802	1.055482	-0.007356	83
6719.709696	40.642643	1.055506	-0.007663	85
6721.783296	40.637810	1.054692	-0.007697	87
6723.856896	40.661472	1.054956	-0.007761	89
6725.930496	40.663528	1.055126	-0.008502	91
6728.003584	40.682571	1.054668	-0.008488	93
6730.077184	40.698555	1.055632	-0.008168	95
6732.150784	40.677509	1.055999	-0.008313	97
6734.223872	40.704876	1.055938	-0.008362	99
6736.297472	40.710350	1.056183	-0.008180	101
6738.371072	40.673695	1.055128	-0.008006	103
6740.444672	40.751846	1.054394	-0.007748	105
6742.517760	40.711765	1.054430	-0.007191	107
6744.591360	40.740803	1.055251	-0.007101	109
6746.664448	40.744774	1.054704	-0.006749	111
6748.738560	40.764912	1.055088	-0.006460	113
6750.811648	40.737335	1.054684	-0.006337	115
6752.885248	40.793377	1.054526	-0.006203	117
6754.958848	40.763184	1.054602	-0.006397	119
6757.031936	40.765587	1.054377	-0.006331	121
6759.106048	40.782669	1.053751	-0.006426	123
6761.179136	40.791512	1.053146	-0.006097	125
6763.252224	40.800198	1.052820	-0.006110	127
6765.325312	40.773193	1.052568	-0.006090	129
6767.398912	40.794666	1.052647	-0.006469	131
6769.472000	40.821774	1.052692	-0.006686	133
6771.546112	40.791420	1.053237	-0.007017	135
6773.619200	40.825939	1.053175	-0.007003	137
6775.692800	40.820118	1.053339	-0.007152	139
6777.765888	40.800911	1.052850	-0.006893	141
6779.840000	40.836109	1.054094	-0.006624	143
6781.913088	40.820465	1.053368	-0.006699	145
6783.986176	40.819672	1.053168	-0.006556	147
6786.059776	40.854362	1.053647	-0.006435	149
6788.132864	40.822075	1.053248	-0.005976	151
6790.206464	40.847931	1.052806	-0.006069	153
6792.280576	40.845058	1.052469	-0.006376	155
6794.353664	40.864918	1.052008	-0.006389	157
6796.426752	40.891991	1.052740	-0.006308	159
6798.500352	40.892582	1.053401	-0.006607	161
6800.573952	40.898830	1.053300	-0.006603	163
6802.646528	40.898659	1.054080	-0.006446	165
6804.720640	40.888992	1.053768	-0.006542	167
6806.793728	40.897411	1.053298	-0.006742	169
6808.867840	40.913361	1.053868	-0.006912	171
6810.941440	40.894783	1.053106	-0.006864	173
6813.014528	40.932758	1.053036	-0.006796	175
6815.088128	40.928421	1.054536	-0.006763	177
6817.161728	40.955009	1.054280	-0.006701	179
6819.235328	40.933029	1.054229	-0.006715	181
6821.308416	40.936558	1.054089	-0.006891	183
6823.382016	40.949730	1.054547	-0.006983	185
6825.455616	40.942043	1.054564	-0.006954	187
6827.529216	40.932350	1.055267	-0.006997	189
6829.602304	40.940685	1.055668	-0.006901	191
6831.675904	40.922894	1.055836	-0.006924	193
6833.749504	40.929649	1.055162	-0.007099	195
6835.823104	40.933289	1.055019	-0.006941	197
6837.896192	40.945850	1.055196	-0.006722	199
6839.969792	40.929230	1.056014	-0.007008	201
6842.042880	40.973499	1.056131	-0.007085	203
6844.116480	40.934658	1.056081	-0.006983	205
6846.190080	40.964344	1.056308	-0.007253	207
6848.263680	40.970634	1.056222	-0.007123	209
6850.336768	40.981419	1.056546	-0.007007	211
6852.409856	40.986057	1.056485	-0.006937	213
6854.483456	41.002239	1.056931	-0.006475	215
6856.556544	40.969788	1.057304	-0.006391	217
6858.630144	40.949329	1.056355	-0.006219	219
6860.703744	40.982960	1.056216	-0.006021	221
6862.776832	40.983253	1.054968	-0.005952	223
6864.850944	40.981762	1.055298	-0.005791	225
6866.924032	40.973984	1.055062	-0.005688	227
6868.997632	40.965641	1.055493	-0.005944	229
6871.071232	40.965645	1.055439	-0.005954	231
6873.144320	40.979351	1.055523	-0.006135	233
6875.217920	40.995277	1.055355	-0.006182	235
6877.291008	40.991817	1.056351	-0.005979	237
6879.364608	41.014420	1.055603	-0.005598	239
6881.437696	41.008434	1.055676	-0.005511	241
6883.511296	41.026409	1.055236	-0.005652	243
6885.585408	41.025452	1.055166	-0.005368	245
6887.657984	41.007824	1.055641	-0.005279	247
6889.732096	41.025566	1.054459	-0.004960	249
6891.805184	41.054173	1.055004	-0.004916	251
6893.878272	41.044823	1.055373	-0.005152	253
6895.951872	41.053429	1.054908	-0.005216	255
6898.024960	41.088192	1.055762	-0.005412	1
6900.099072	41.065971	1.056874	-0.005229	3
6902.172160	41.026779	1.056136	-0.005462	5
6904.245760	41.062527	1.056829	-0.005565	7
6906.318848	41.075806	1.057898	-0.005856	9
6908.391936	41.066360	1.056914	-0.005800	11
6910.466048	41.070854	1.056770	-0.005671	13
6912.539648	41.088802	1.056216	-0.005737	15
6914.612736	41.091873	1.056495	-0.005701	17
6916.686336	41.095631	1.056638	-0.005695	19
6918.759424	41.103832	1.055871	-0.005943	21
6920.833024	41.121067	1.055921	-0.005859	23
6922.906624	41.118782	1.056205	-0.005968	25
6924.980224	41.113380	1.056073	-0.005942	27
6927.053312	41.152069	1.055427	-0.005640	29
6929.126400	41.109364	1.055093	-0.004764	31
6931.200512	41.127300	1.055683	-0.005064	33
6933.273600	41.140045	1.055962	-0.004992	35
6935.347200	41.130276	1.056329	-0.004912	37
6937.420288	41.136978	1.055866	-0.004929	39
6939.493888	41.166443	1.055910	-0.005307	41
6941.567488	41.152462	1.055573	-0.005110	43
6943.640576	41.154812	1.055177	-0.005190	45
6945.714176	41.163811	1.054265	-0.005265	47
6947.787264	41.173878	1.053123	-0.004950	49
6949.860864	41.179298	1.054085	-0.005099	51
6951.934464	41.165443	1.054207	-0.005086	53
6954.008064	41.144642	1.053847	-0.005160	55
6956.081152	41.193657	1.053272	-0.005523	57
6958.154752	41.202309	1.053677	-0.005874	59
6960.228352	41.186966	1.055026	-0.006133	61
6962.301952	41.184315	1.055876	-0.006165	63
6964.375552	41.232235	1.055497	-0.006065	65
6966.449152	41.230541	1.055643	-0.005448	67
6968.522240	41.203331	1.055603	-0.005365	69
6970.595840	41.240257	1.055014	-0.005309	71
6972.668928	41.231247	1.054327	-0.005294	73
6974.743040	41.246437	1.054448	-0.005522	75
6976.816128	41.237164	1.054105	-0.005471	77
6978.889728	41.250538	1.054411	-0.005524	79
6980.962816	41.247463	1.054785	-0.005584	81
6983.036416	41.251667	1.055004	-0.005716	83
6985.110016	41.261993	1.054568	-0.005850	85
6987.183104	41.261559	1.054108	-0.005849	87
6989.256704	41.258511	1.054613	-0.005959	89
6991.329792	41.260239	1.055143	-0.005954	91
6993.403392	41.276680	1.055608	-0.005650	93
6995.476992	41.267181	1.056081	-0.005507	95
6997.550592	41.275421	1.055661	-0.005451	97
6999.623680	41.297108	1.055109	-0.005628	99
7001.697280	41.293324	1.056224	-0.005774	101
7003.770880	41.294350	1.055663	-0.005871	103
7005.843456	41.294384	1.055612	-0.006056	105
7007.917568	41.328575	1.055140	-0.006188	107
7009.991168	41.336033	1.055486	-0.006040	109
7012.064256	41.314796	1.056174	-0.006457	111
7014.137856	41.322262	1.055499	-0.006352	113
7016.210944	41.317013	1.055052	-0.006475	115
7018.284544	41.337906	1.055712	-0.006578	117
7020.358144	41.324814	1.055447	-0.006186	119
7022.431744	41.320580	1.055608	-0.006041	121
7024.504832	41.317738	1.055779	-0.006345	123
7026.578432	41.325794	1.055355	-0.006551	125
7028.652032	41.328026	1.055423	-0.006719	127
7030.725120	41.359055	1.055464	-0.006767	129
7032.798720	41.345448	1.054727	-0.006743	131
7034.872320	41.334965	1.054654	-0.006736	133
7036.945408	41.360622	1.054647	-0.006678	135
7039.019008	41.368687	1.054208	-0.006542	137
7041.092096	41.372505	1.055071	-0.006363	139
7043.165696	41.376713	1.055196	-0.006028	141
7045.238784	41.386311	1.055537	-0.006059	143
7047.312384	41.378868	1.055809	-0.006194	145
7049.385472	41.384521	1.055616	-0.006022	147
7051.459072	41.378601	1.054890	-0.005931	149
7053.532672	41.395744	1.055400	-0.006022	151
7055.605760	41.402771	1.055057	-0.005997	153
7057.679360	41.403511	1.055569	-0.005893	155
7059.752448	41.401829	1.055179	-0.005804	157
7061.826048	41.396042	1.054180	-0.006123	159
7063.899648	41.408680	1.053912	-0.006248	161
7065.973248	41.425526	1.053853	-0.006304	163
7068.046848	41.400303	1.053899	-0.006330	165
7070.119936	41.426701	1.054490	-0.006398	167
7072.193536	41.431286	1.053877	-0.006507	169
7074.267136	41.423523	1.054072	-0.006514	171
7076.340224	41.461926	1.054874	-0.006399	173
7078.413824	41.441219	1.054623	-0.006412	175
7080.486912	41.438503	1.054839	-0.006466	177
7082.560512	41.446800	1.054770	-0.006573	179
7084.633600	41.465561	1.054732	-0.006675	181
7086.707200	41.476841	1.055168	-0.006643	183
7088.780800	41.467091	1.055424	-0.006587	185
7090.854400	41.478348	1.055098	-0.006548	187
7092.927488	41.468815	1.055857	-0.006553	189
7095.001088	41.488346	1.055749	-0.006526	191
7097.074176	41.466270	1.056024	-0.006550	193
7099.147776	41.487988	1.054467	-0.006588	195
7101.221376	41.492493	1.054829	-0.006767	197
7103.294464	41.498196	1.055107	-0.006840	199
7105.368576	41.490471	1.054544	-0.006531	201
7107.441152	41.497665	1.054866	-0.006760	203
7109.515264	41.510273	1.054585	-0.006615	205
7111.588864	41.497662	1.055230	-0.006663	207
7113.661952	41.479397	1.054821	-0.006603	209
7115.735040	41.517422	1.054807	-0.006705	211
7117.808640	41.489460	1.055209	-0.006639	213
7119.882240	41.510773	1.055875	-0.006336	215
7121.955840	41.530457	1.055252	-0.006289	217
7124.029440	41.513084	1.055869	-0.006259	219
7126.102528	41.521099	1.055557	-0.006192	221
7128.176128	41.524712	1.055845	-0.006144	223
7130.249216	41.519009	1.055555	-0.006398	225
7132.322304	41.511566	1.055869	-0.006345	227
7134.396416	41.519829	1.056115	-0.006206	229
7136.469504	41.554474	1.055703	-0.006374	231
7138.543104	41.533489	1.056188	-0.006393	233
7140.616704	41.561642	1.056533	-0.006303	235
7142.689792	41.554890	1.056203	-0.006263	237
7144.762880	41.523514	1.056457	-0.006264	239
7146.836992	41.532742	1.056064	-0.006493	241
7148.910080	41.520657	1.055408	-0.006414	243
7150.983680	41.534473	1.055623	-0.006759	245
7153.056768	41.538044	1.055593	-0.006566	247
7155.130368	41.544632	1.056395	-0.006781	249
7157.203968	41.544971	1.056201	-0.006557	251
7159.277056	41.552906	1.055893	-0.006585	253
7161.350656	41.554108	1.055107	-0.006724	255
7163.423744	41.547657	1.054621	-0.006599	1
7165.497344	41.537518	1.054114	-0.006590	3
7167.570944	41.576775	1.055689	-0.006494	5
7169.644032	41.576954	1.056099	-0.006628	7
7171.717632	41.559166	1.055878	-0.006716	9
7173.790720	41.575474	1.056418	-0.006950	11
7175.864832	41.572739	1.056168	-0.006881	13
7177.937920	41.575836	1.055630	-0.006890	15
7180.011520	41.585323	1.055666	-0.007266	17
7182.084608	41.569298	1.055482	-0.007364	19
7184.158720	41.577263	1.056285	-0.007396	21
7186.231808	41.563515	1.056597	-0.007465	23
7188.304896	41.579613	1.056462	-0.007532	25
7190.378496	41.594891	1.056372	-0.007427	27
7192.452096	41.593910	1.055982	-0.007357	29
7194.525184	41.620098	1.054288	-0.007020	31
7196.599296	41.613647	1.055717	-0.007183	33
7198.672384	41.616859	1.055218	-0.007336	35
7200.745472	41.576710	1.054127	-0.007349	37
7202.819584	41.612995	1.054263	-0.007415	39
7204.892672	41.585884	1.054116	-0.007291	41
7206.966272	41.597755	1.053990	-0.007487	43
7209.039360	41.592022	1.054217	-0.007549	45
7211.112960	41.615528	1.055455	-0.007310	47
7213.186560	41.599342	1.055469	-0.007067	49
7215.259648	41.575371	1.054639	-0.007069	51
7217.333248	41.594162	1.053875	-0.007059	53
7219.406848	41.613338	1.054215	-0.007093	55
7221.480448	41.616005	1.054222	-0.006989	57
7223.553536	41.625523	1.054271	-0.007133	59
7225.627136	41.602871	1.054485	-0.007235	61
7227.700224	41.626732	1.055061	-0.007163	63
7229.773824	41.630169	1.055281	-0.006915	65
7231.847424	41.629753	1.054727	-0.006846	67
7233.920512	41.630493	1.054563	-0.006877	69
7235.994112	41.643650	1.054570	-0.006657	71
7238.067200	41.620872	1.054958	-0.006541	73
7240.140800	41.662537	1.055551	-0.006478	75
7242.214400	41.607925	1.056069	-0.006410	77
7244.288000	41.625774	1.056356	-0.006303	79
7246.361088	41.619293	1.056686	-0.006139	81
7248.434688	41.640182	1.056932	-0.006173	83
7250.507776	41.601437	1.056140	-0.006272	85
7252.581376	41.634102	1.056330	-0.006305	87
7254.654976	41.618839	1.055690	-0.006258	89
7256.728576	41.654541	1.056193	-0.006156	91
7258.801664	41.679127	1.056322	-0.005773	93
7260.875776	41.648067	1.055914	-0.006119	95
7262.947840	41.614674	1.055529	-0.006011	97
7265.021952	41.642490	1.055245	-0.006327	99
7267.095552	41.678417	1.053816	-0.006298	101
7269.168640	41.679039	1.053177	-0.005948	103
7271.242240	41.663712	1.053934	-0.005926	105
7273.315328	41.661987	1.054760	-0.005838	107
7275.388928	41.708504	1.054119	-0.005859	109
7277.462528	41.696274	1.054914	-0.005650	111
7279.536128	41.674816	1.055455	-0.005940	113
7281.609216	41.673397	1.054959	-0.006421	115
7283.682816	41.675301	1.055043	-0.006488	117
7285.755904	41.699780	1.054480	-0.006177	119
7287.829504	41.709492	1.055566	-0.005965	121
7289.902592	41.692982	1.055638	-0.005627	123
7291.976192	41.707481	1.055417	-0.005341	125
7294.049280	41.739944	1.054760	-0.005019	127
7296.122880	41.728760	1.054606	-0.004903	129
7298.196480	41.747307	1.055076	-0.004974	131
7300.269568	41.766426	1.055246	-0.004748	133
7302.342656	41.752441	1.056256	-0.004772	135
7304.416256	41.715569	1.056751	-0.004880	137
7306.489856	41.770164	1.056096	-0.004957	139
7308.562944	41.758701	1.055778	-0.004357	141
7310.637056	41.735523	1.055989	-0.004545	143
7312.710656	41.754948	1.054853	-0.004257	145
7314.783744	41.747841	1.054911	-0.004245	147
7316.857344	41.777596	1.055583	-0.004066	149
7318.930432	41.767307	1.054980	-0.004090	151
7321.004032	41.800716	1.056389	-0.004343	153
7323.077632	41.804646	1.056240	-0.004410	155
7325.151232	41.780506	1.055986	-0.004658	157
7327.224320	41.807152	1.054823	-0.004864	159
7329.297920	41.820110	1.055478	-0.004866	161
7331.371008	41.837986	1.055328	-0.004716	163
7333.444608	41.817707	1.055690	-0.004474	165
7335.518208	41.803230	1.055277	-0.004383	167
7337.591296	41.819229	1.055518	-0.004312	169
7339.664384	41.822105	1.055693	-0.004395	171
7341.738496	41.800041	1.056241	-0.004602	173
7343.811584	41.818813	1.055695	-0.004660	175
7345.884672	41.823235	1.055393	-0.004806	177
7347.958272	41.805569	1.055030	-0.004855	179
7350.031872	41.801567	1.054915	-0.004979	181
7352.105472	41.827755	1.055053	-0.004972	183
7354.178560	41.824203	1.055693	-0.004883	185
7356.252160	41.803879	1.055474	-0.005015	187
7358.325760	41.821842	1.055699	-0.004978	189
7360.399360	41.848087	1.055366	-0.005016	191
7362.472448	41.842606	1.056074	-0.005368	193
7364.546560	41.817944	1.056076	-0.005405	195
7366.619648	41.818157	1.056537	-0.005397	197
7368.692736	41.847824	1.056173	-0.005547	199
7370.765824	41.821884	1.055833	-0.005610	201
7372.839424	41.816875	1.055538	-0.005551	203
7374.913024	41.835880	1.055046	-0.005588	205
7376.986624	41.837009	1.054603	-0.005536	207
7379.059712	41.830452	1.054748	-0.005462	209
7381.133312	41.832153	1.054862	-0.005533	211
7383.206400	41.841351	1.054542	-0.005445	213
7385.280000	41.873604	1.054499	-0.005417	215
7387.353600	41.882019	1.056087	-0.005461	217
7389.426688	41.876682	1.056979	-0.005259	219
7391.500288	41.867977	1.056572	-0.005280	221
7393.573376	41.854065	1.056993	-0.005337	223
7395.646976	41.863506	1.056148	-0.005572	225
7397.720576	41.892319	1.055775	-0.005850	227
7399.794176	41.893509	1.056025	-0.005829	229
7401.867264	41.874649	1.056479	-0.005718	231
7403.941376	41.897514	1.056593	-0.005660	233
7406.013952	41.921867	1.056143	-0.005389	235
7408.087552	41.884594	1.055975	-0.005124	237
7410.161152	41.916851	1.055797	-0.005170	239
7412.234240	41.942913	1.056175	-0.004940	241
7414.308352	41.945454	1.056372	-0.004492	243
7416.381440	41.938110	1.056529	-0.004473	245
7418.454528	41.950150	1.055831	-0.004469	247
7420.528128	41.941471	1.056292	-0.004526	249
7422.601216	41.962551	1.056256	-0.004341	251
7424.674816	41.986122	1.055905	-0.004316	253
7426.747904	41.972084	1.055960	-0.004381	255
7428.821504	41.990910	1.056903	-0.004175	1
7430.895104	42.011063	1.057139	-0.004143	3
7432.968192	42.000790	1.057716	-0.004303	5
7435.041792	42.006649	1.056420	-0.004394	7
7437.114880	42.037415	1.056118	-0.004458	9
7439.188480	42.028877	1.055598	-0.004469	11
7441.262080	42.037922	1.056663	-0.004621	13
7443.335168	42.040741	1.057025	-0.004907	15
7445.408768	42.055294	1.057527	-0.004906	17
7447.482368	42.044273	1.056740	-0.004824	19
7449.555456	42.037914	1.056309	-0.004762	21
7451.629056	42.059036	1.055984	-0.004833	23
7453.702656	42.047035	1.055734	-0.005260	25
7455.775744	42.058964	1.055338	-0.005378	27
7457.849344	42.046101	1.054674	-0.005410	29
7459.922432	42.102276	1.055653	-0.005624	31
7461.996032	42.077953	1.055811	-0.005756	33
7464.069632	42.069263	1.056465	-0.005940	35
7466.142720	42.075027	1.056218	-0.006048	37
7468.216320	42.086159	1.055867	-0.005909	39
7470.289920	42.065910	1.055501	-0.005801	41
7472.363008	42.114925	1.054957	-0.005900	43
7474.436096	42.106056	1.055456	-0.005615	45
7476.509696	42.121838	1.056067	-0.005692	47
7478.583296	42.119762	1.055170	-0.005456	49
7480.656896	42.118195	1.056166	-0.005587	51
7482.729984	42.127918	1.055679	-0.005565	53
7484.803584	42.116264	1.056529	-0.005858	55
7486.876672	42.105515	1.056320	-0.005929	57
7488.950272	42.108807	1.055161	-0.005895	59
7491.023872	42.121868	1.055488	-0.006185	61
7493.096960	42.139267	1.055019	-0.006085	63
7495.171072	42.153011	1.055220	-0.006087	65
7497.244160	42.128067	1.055450	-0.006165	67
7499.317760	42.162857	1.055863	-0.006702	69
7501.390848	42.152325	1.055691	-0.006856	71
7503.464448	42.148479	1.055333	-0.007237	73
7505.538048	42.164330	1.054502	-0.007263	75
7507.611648	42.160366	1.054191	-0.007537	77
7509.685248	42.181965	1.054183	-0.007535	79
7511.758848	42.172150	1.054419	-0.007558	81
7513.831936	42.157364	1.054520	-0.007416	83
7515.905024	42.157146	1.054593	-0.007284	85
7517.978624	42.181961	1.054594	-0.007158	87
7520.052224	42.168644	1.055037	-0.007123	89
7522.125312	42.161320	1.054862	-0.007075	91
7524.198912	42.174007	1.055452	-0.007054	93
7526.272512	42.137684	1.055478	-0.007245	95
7528.346112	42.157913	1.055329	-0.007207	97
7530.418688	42.168346	1.055600	-0.007318	99
7532.492288	42.175106	1.055461	-0.007088	101
7534.565888	42.188107	1.055873	-0.006637	103
7536.638976	42.158092	1.055233	-0.006537	105
7538.712064	42.163265	1.055044	-0.006339	107
7540.785664	42.186310	1.055152	-0.006583	109
7542.859264	42.200256	1.054837	-0.006833	111
7544.932864	42.181526	1.055496	-0.006945	113
7547.005952	42.170437	1.055610	-0.007240	115
7549.079552	42.161568	1.055697	-0.007429	117
7551.153152	42.174603	1.055588	-0.007257	119
7553.226240	42.191235	1.054987	-0.007370	121
7555.299840	42.160473	1.055611	-0.007460	123
7557.372928	42.197838	1.054323	-0.006899	125
7559.446528	42.187134	1.055866	-0.007327	127
7561.520128	42.177601	1.055909	-0.007439	129
7563.593216	42.185802	1.055617	-0.007379	131
7565.666304	42.155190	1.056499	-0.006846	133
7567.740416	42.190395	1.054631	-0.007416	135
7569.814016	42.183403	1.053868	-0.007209	137
7571.887616	42.237133	1.053286	-0.006564	139
7573.960704	42.223885	1.054349	-0.006029	141
7576.034304	42.222527	1.054277	-0.005735	143
7578.107904	42.231503	1.053990	-0.005442	145
7580.180992	42.268364	1.054491	-0.005491	147
7582.254080	42.253277	1.055224	-0.005457	149
7584.328192	42.242897	1.055544	-0.005280	151
7586.401280	42.249722	1.055066	-0.005297	153
7588.474880	42.252018	1.054401	-0.005314	155
7590.547968	42.267998	1.054700	-0.005406	157
7592.621568	42.213947	1.054664	-0.005408	159
7594.694656	42.276699	1.054852	-0.005370	161
7596.768768	42.280117	1.054687	-0.005464	163
7598.841856	42.277283	1.054846	-0.005586	165
7600.914944	42.298531	1.055297	-0.005477	167
7602.988544	42.293457	1.055186	-0.006121	169
7605.062144	42.305607	1.055771	-0.006460	171
7607.135232	42.279922	1.055755	-0.006600	173
7609.208832	42.289528	1.055236	-0.006859	175
7611.282432	42.285496	1.055430	-0.007169	177
7613.355520	42.296738	1.055959	-0.007224	179
7615.429120	42.250538	1.055796	-0.007210	181
7617.502208	42.293709	1.055552	-0.007367	183
7619.576320	42.307858	1.055652	-0.007554	185
7621.649408	42.286377	1.055447	-0.007365	187
7623.723008	42.279114	1.055824	-0.006916	189
7625.796096	42.272621	1.055785	-0.006931	191
7627.869696	42.303513	1.055468	-0.006899	193
7629.942784	42.289337	1.056046	-0.006915	195
7632.016384	42.292969	1.055715	-0.006938	197
7634.089984	42.307865	1.055285	-0.006977	199
7636.163584	42.326351	1.054902	-0.006971	201
7638.236160	42.302994	1.055157	-0.007123	203
7640.310272	42.327438	1.055068	-0.007061	205
7642.383872	42.326038	1.055241	-0.006993	207
7644.456960	42.329548	1.056039	-0.006802	209
7646.530560	42.311020	1.055797	-0.006827	211
7648.603648	42.337605	1.055807	-0.006782	213
7650.677248	42.359772	1.055132	-0.006697	215
7652.750848	42.311752	1.054987	-0.006778	217
7654.823936	42.337715	1.054826	-0.006997	219
7656.897536	42.357738	1.054546	-0.007115	221
7658.970624	42.338345	1.054726	-0.006970	223
7661.044224	42.332508	1.054813	-0.007212	225
7663.117824	42.339443	1.055736	-0.007068	227
7665.190912	42.353470	1.054688	-0.006924	229
7667.264512	42.352417	1.054705	-0.006815	231
7669.338112	42.352505	1.055420	-0.006629	233
7671.411200	42.366779	1.056035	-0.006398	235
7673.484800	42.358852	1.055922	-0.006293	237
7675.557888	42.388241	1.055867	-0.006245	239
7677.631488	42.367100	1.056659	-0.006301	241
7679.705088	42.362026	1.057274	-0.006351	243
7681.778688	42.348843	1.056948	-0.006441	245
7683.851776	42.349575	1.057018	-0.006578	247
7685.925376	42.372536	1.057425	-0.006652	249
7687.998976	42.363396	1.057089	-0.006413	251
7690.072064	42.393143	1.056849	-0.006373	253
7692.145152	42.392208	1.056935	-0.006049	255
7694.219264	42.380596	1.056038	-0.005810	1
7696.292352	42.386799	1.055327	-0.005693	3
7698.366464	42.371284	1.054853	-0.005932	5
7700.439040	42.391357	1.054554	-0.006220	7
7702.512640	42.383591	1.055427	-0.006061	9
7704.585728	42.381958	1.055245	-0.006421	11
7706.659328	42.412182	1.055267	-0.006394	13
7708.732928	42.403690	1.055070	-0.006064	15
7710.806528	42.406391	1.054950	-0.005849	17
7712.880128	42.423985	1.055211	-0.005891	19
7714.953216	42.386421	1.054673	-0.005892	21
7717.026304	42.404358	1.055326	-0.006153	23
7719.099904	42.382771	1.055102	-0.006216	25
7721.173504	42.408527	1.055185	-0.006223	27
7723.246592	42.406414	1.055400	-0.006267	29
7725.319680	42.405811	1.055853	-0.006308	31
7727.393792	42.408661	1.056175	-0.006427	33
7729.466880	42.416073	1.055869	-0.006674	35
7731.540480	42.395920	1.055589	-0.006829	37
7733.613568	42.412796	1.055634	-0.006929	39
7735.687168	42.401726	1.055631	-0.006864	41
7737.760768	42.421707	1.055488	-0.006983	43
7739.834368	42.410061	1.055657	-0.006941	45
7741.907456	42.407967	1.055332	-0.006946	47
7743.980544	42.429787	1.054888	-0.006897	49
7746.054144	42.421955	1.054659	-0.006820	51
7748.127232	42.421814	1.054556	-0.007117	53
7750.201344	42.456100	1.054350	-0.006976	55
7752.274432	42.428425	1.054571	-0.006953	57
7754.348032	42.443302	1.054126	-0.006998	59
7756.420608	42.438095	1.054131	-0.006977	61
7758.494720	42.453751	1.054719	-0.006976	63
7760.567808	42.466488	1.054930	-0.006596	65
7762.641408	42.477867	1.054745	-0.006351	67
7764.715008	42.470959	1.054679	-0.006390	69
7766.788096	42.494057	1.054177	-0.005988	71
7768.861696	42.479805	1.053853	-0.005912	73
7770.934784	42.500961	1.053525	-0.005925	75
7773.008384	42.495552	1.053960	-0.005955	77
7775.081984	42.532444	1.054186	-0.005952	79
7777.155584	42.504898	1.054723	-0.005803	81
7779.228672	42.560226	1.054047	-0.005713	83
7781.302272	42.525784	1.055383	-0.006029	85
7783.375360	42.546551	1.055437	-0.006599	87
7785.448960	42.540195	1.055975	-0.006203	89
7787.522048	42.542896	1.055803	-0.006010	91
7789.595136	42.550396	1.056206	-0.005539	93
7791.668736	42.531960	1.055764	-0.005258	95
7793.742336	42.542664	1.055730	-0.005362	97
7795.815424	42.547325	1.056004	-0.005316	99
7797.889024	42.544331	1.055754	-0.005228	101
7799.962624	42.532974	1.056948	-0.005331	103
7802.035712	42.569122	1.056247	-0.005486	105
7804.109312	42.565029	1.055768	-0.005524	107
7806.182400	42.582375	1.055947	-0.005445	109
7808.256512	42.569786	1.055704	-0.005391	111
7810.329600	42.578136	1.056220	-0.005548	113
7812.402688	42.580372	1.055740	-0.005618	115
7814.476288	42.590473	1.055543	-0.005555	117
7816.549888	42.558487	1.055543	-0.005774	119
7818.623488	42.577259	1.055990	-0.005908	121
7820.697088	42.597317	1.054973	-0.005535	123
7822.770176	42.610851	1.055866	-0.005564	125
7824.843776	42.621506	1.055673	-0.005407	127
7826.916864	42.631378	1.055514	-0.005153	129
7828.989952	42.622066	1.054999	-0.004959	131
7831.063552	42.617142	1.055134	-0.005099	133
7833.137664	42.608391	1.054807	-0.005173	135
7835.210752	42.649185	1.053830	-0.005105	137
7837.283840	42.633587	1.053861	-0.004893	139
7839.357440	42.629833	1.053258	-0.004714	141
7841.430528	42.659325	1.053497	-0.004823	143
7843.504640	42.659126	1.053860	-0.004602	145
7845.577728	42.647148	1.054321	-0.004720	147
7847.650816	42.642971	1.054580	-0.004757	149
7849.724416	42.669209	1.054442	-0.004880	151
7851.797504	42.654232	1.054424	-0.004973	153
7853.871104	42.657246	1.054828	-0.005068	155
7855.944704	42.658913	1.055236	-0.005231	157
7858.018304	42.649231	1.054681	-0.005196	159
7860.091392	42.660793	1.055030	-0.005395	161
7862.164992	42.635677	1.055013	-0.005477	163
7864.238080	42.643040	1.054229	-0.005635	165
7866.311680	42.669926	1.053758	-0.005728	167
7868.385280	42.685619	1.053953	-0.006163	169
7870.458368	42.669392	1.055279	-0.005946	171
7872.531456	42.698566	1.055278	-0.006115	173
7874.605568	42.642094	1.055119	-0.005924	175
7876.678656	42.671028	1.054786	-0.005782	177
7878.752256	42.714130	1.054973	-0.005820	179
7880.825344	42.685474	1.055405	-0.005984	181
7882.898944	42.698662	1.055377	-0.005869	183
7884.972032	42.719593	1.055592	-0.006138	185
7887.045120	42.716404	1.056564	-0.006329	187
7889.118720	42.721691	1.056238	-0.006275	189
7891.191808	42.735298	1.056393	-0.006404	191
7893.265408	42.711262	1.056298	-0.006386	193
7895.339008	42.706387	1.056043	-0.006301	195
7897.412096	42.730854	1.054925	-0.006343	197
7899.485696	42.734371	1.055426	-0.006541	199
7901.559296	42.727863	1.055785	-0.006939	201
7903.632384	42.736847	1.056252	-0.007104	203
7905.706496	42.725224	1.055267	-0.006968	205
7907.779584	42.748180	1.054648	-0.006683	207
7909.852672	42.749416	1.054891	-0.006477	209
7911.926272	42.745476	1.054631	-0.006766	211
7913.999872	42.750187	1.053482	-0.006472	213
7916.073472	42.764515	1.053248	-0.006345	215
7918.146560	42.745338	1.052436	-0.005975	217
7920.220160	42.768799	1.052706	-0.005937	219
7922.293760	42.767860	1.052068	-0.005811	221
7924.367360	42.802574	1.051712	-0.005594	223
7926.440448	42.768978	1.051762	-0.005288	225
7928.514048	42.805740	1.052233	-0.005391	227
7930.587136	42.836178	1.052121	-0.005425	229
7932.660224	42.793114	1.053267	-0.005610	231
7934.733824	42.779278	1.051985	-0.005257	233
7936.806912	42.804783	1.051660	-0.005304	235
7938.880512	42.819683	1.051596	-0.005408	237
7940.954112	42.801460	1.052660	-0.005378	239
7943.027712	42.844379	1.054398	-0.005453	241
7945.100800	42.826092	1.054799	-0.005190	243
7947.174400	42.809372	1.055037	-0.005252	245
7949.247488	42.825302	1.055822	-0.005646	247
7951.321088	42.829586	1.055931	-0.005584	249
7953.394688	42.848618	1.055469	-0.005236	251
7955.468288	42.805866	1.055473	-0.005214	253
7957.541888	42.779915	1.055222	-0.005442	255
7959.615488	42.838188	1.054925	-0.005504	1
7961.688064	42.850105	1.054239	-0.005548	3
7963.762176	42.831680	1.054980	-0.005455	5
7965.835776	42.830841	1.053858	-0.005056	7
7967.908352	42.867443	1.053923	-0.005333	9
7969.981952	42.860958	1.054360	-0.005319	11
7972.055552	42.868690	1.054010	-0.005200	13
7974.128640	42.854450	1.053796	-0.005427	15
7976.202240	42.874687	1.054489	-0.005535	17
7978.275840	42.872879	1.054570	-0.005480	19
7980.348928	42.891220	1.054733	-0.005420	21
7982.422528	42.867329	1.054298	-0.005546	23
7984.496128	42.874519	1.054132	-0.005528	25
7986.569728	42.876614	1.053981	-0.005596	27
7988.642816	42.888458	1.054939	-0.005506	29
7990.715904	42.878353	1.055158	-0.005685	31
7992.789504	42.938499	1.055027	-0.005682	33
7994.862592	42.873451	1.054631	-0.005368	35
7996.936192	42.923767	1.055136	-0.005663	37
7999.009792	42.894470	1.055484	-0.005492	39
8001.083392	42.892815	1.054924	-0.005565	41
8003.156480	42.917641	1.054030	-0.005577	43
8005.230080	42.917831	1.054292	-0.005707	45
8007.303168	42.891098	1.054296	-0.005664	47
8009.376256	42.950649	1.055135	-0.005553	49
8011.449856	42.945431	1.055383	-0.005685	51
8013.523456	42.904804	1.055179	-0.005574	53
8015.597056	42.936085	1.055520	-0.005519	55
8017.670144	42.944874	1.054900	-0.005254	57
8019.744256	42.958202	1.054762	-0.005316	59
8021.817344	42.936890	1.053920	-0.004814	61
8023.890432	42.940514	1.054522	-0.005088	63
8025.964032	42.967804	1.054416	-0.005238	65
8028.037120	42.961864	1.054722	-0.005176	67
8030.110720	42.952324	1.054938	-0.005112	69
8032.184320	42.956188	1.054763	-0.005425	71
8034.257408	42.961903	1.054391	-0.005280	73
8036.331008	42.962902	1.054012	-0.005501	75
8038.404096	42.961563	1.054196	-0.005626	77
8040.478208	42.956070	1.054822	-0.005709	79
8042.551296	42.953392	1.055054	-0.005781	81
8044.624384	42.968292	1.055015	-0.005757	83
8046.697984	42.954876	1.054666	-0.005734	85
8048.771072	42.949673	1.054294	-0.005949	87
8050.844672	42.964790	1.054649	-0.005825	89
8052.917760	42.940006	1.054802	-0.006064	91
8054.991360	42.941521	1.054414	-0.006213	93
8057.064960	42.940819	1.053301	-0.006684	95
8059.138048	42.923122	1.052546	-0.007058	97
8061.211648	42.957661	1.053016	-0.006953	99
8063.285248	42.964001	1.053563	-0.007239	101
8065.358336	42.949451	1.053816	-0.007040	103
8067.431936	42.956963	1.054323	-0.007110	105
8069.505536	42.932438	1.054036	-0.006551	107
8071.578624	42.941162	1.054518	-0.006768	109
8073.652224	42.960140	1.054353	-0.006496	111
8075.725312	42.949154	1.054323	-0.006394	113
8077.799424	42.976124	1.053939	-0.006165	115
8079.872512	42.951168	1.053921	-0.005992	117
8081.945600	42.959339	1.053233	-0.005847	119
8084.019200	42.939117	1.052290	-0.005965	121
8086.092288	42.969765	1.053147	-0.006364	123
8088.165888	42.969585	1.054002	-0.005959	125
8090.239488	42.998665	1.053602	-0.005569	127
8092.312576	42.959198	1.054207	-0.005489	129
8094.386176	42.996017	1.054693	-0.005541	131
8096.459776	42.989014	1.055079	-0.005696	133
8098.532864	42.985245	1.055466	-0.005755	135
8100.606464	42.985260	1.054824	-0.005723	137
8102.679552	42.962265	1.054886	-0.005866	139
8104.753152	42.961185	1.054865	-0.005842	141
8106.826752	42.967888	1.054371	-0.005865	143
8108.899840	42.971436	1.054263	-0.006108	145
8110.973952	42.987568	1.053869	-0.006103	147
8113.046528	43.030457	1.054636	-0.005998	149
8115.119616	43.004341	1.055504	-0.006049	151
8117.193216	43.063469	1.055946	-0.006289	153
8119.266304	43.047752	1.055117	-0.006217	155
8121.340416	43.054234	1.054870	-0.006299	157
8123.413504	43.071026	1.055017	-0.006071	159
8125.486592	43.087627	1.054321	-0.005732	161
8127.560192	43.058430	1.053868	-0.005825	163
8129.633792	43.073273	1.053459	-0.005690	165
8131.707392	43.071278	1.052646	-0.005844	167
8133.780992	43.099689	1.053487	-0.005905	169
8135.854080	43.129875	1.053947	-0.005810	171
8137.927680	43.107136	1.053908	-0.005932	173
8140.001280	43.120914	1.054953	-0.006077	175
8142.074368	43.132637	1.055040	-0.006339	177
8144.147456	43.115795	1.055115	-0.006137	179
8146.220544	43.107365	1.054286	-0.006124	181
8148.294656	43.120880	1.053285	-0.006131	183
8150.368256	43.144398	1.053405	-0.005991	185
8152.441344	43.138691	1.053589	-0.005985	187
8154.514944	43.127831	1.054811	-0.005742	189
8156.588544	43.119152	1.054367	-0.005798	191
8158.661632	43.138470	1.053469	-0.005770	193
8160.735232	43.151661	1.054360	-0.005752	195
8162.808832	43.147438	1.054883	-0.005793	197
8164.881920	43.121166	1.054536	-0.005686	199
8166.955520	43.157036	1.053512	-0.005671	201
8169.028608	43.152885	1.053354	-0.005657	203
8171.102720	43.149879	1.053536	-0.005563	205
8173.175296	43.155537	1.053400	-0.005441	207
8175.249408	43.178017	1.054152	-0.005289	209
8177.322496	43.140884	1.054016	-0.005283	211
8179.396096	43.145245	1.053103	-0.004945	213
8181.469696	43.178051	1.053161	-0.005103	215
8183.542784	43.181259	1.053295	-0.005177	217
8185.616384	43.156010	1.053347	-0.005165	219
8187.689472	43.190338	1.053478	-0.005447	221
8189.762560	43.183414	1.053089	-0.005555	223
8191.836160	43.187141	1.052649	-0.005613	225
8193.909760	43.187046	1.053676	-0.005690	227
8195.983360	43.202599	1.052771	-0.005519	229
8198.056448	43.208530	1.051859	-0.005737	231
8200.129536	43.216187	1.052895	-0.005717	233
8202.203136	43.226181	1.052458	-0.005888	235
8204.276736	43.241611	1.052939	-0.006066	237
8206.349824	43.230488	1.053006	-0.005668	239
8208.423936	43.245270	1.052787	-0.005572	241
8210.497024	43.267090	1.051982	-0.005691	243
8212.570112	43.297230	1.052963	-0.005411	245
8214.643712	43.268101	1.053267	-0.005610	247
8216.717312	43.258503	1.052779	-0.005680	249
8218.790912	43.250732	1.053215	-0.006106	251
8220.864000	43.269455	1.052077	-0.005959	253
8222.937088	43.226460	1.052410	-0.005766	255
8225.010688	43.282536	1.052277	-0.005673	1
8227.084288	43.242397	1.053786	-0.005664	3
8229.157888	43.272606	1.053074	-0.005613	5
8231.230976	43.264465	1.052478	-0.005637	7
8233.303552	43.260147	1.052831	-0.005341	9
8235.377664	43.293049	1.052370	-0.005626	11
8237.451264	43.283676	1.051969	-0.005626	13
8239.525376	43.304676	1.051936	-0.006037	15
8241.597952	43.305717	1.052015	-0.005848	17
8243.671552	43.295601	1.052111	-0.005824	19
8245.745152	43.299065	1.052148	-0.005608	21
8247.818752	43.299774	1.052506	-0.005441	23
8249.892352	43.284870	1.052729	-0.005648	25
8251.965952	43.290474	1.052339	-0.005617	27
8254.038528	43.290878	1.053144	-0.006019	29
8256.112128	43.331749	1.053571	-0.005933	31
8258.185728	43.301167	1.054917	-0.005995	33
8260.259328	43.304859	1.055086	-0.006161	35
8262.332416	43.303936	1.055067	-0.006180	37
8264.406016	43.309116	1.055134	-0.006242	39
8266.479616	43.254642	1.054119	-0.007164	41
8268.552704	43.316666	1.054399	-0.006712	43
8270.626304	43.301804	1.054940	-0.006901	45
8272.699904	43.296707	1.054695	-0.006624	47
8274.772992	43.302921	1.055989	-0.006849	49
8276.846592	43.327820	1.056482	-0.006708	51
8278.919168	43.302811	1.056178	-0.006703	53
8280.992768	43.333469	1.056340	-0.006544	55
8283.066368	43.301609	1.056208	-0.006577	57
8285.139968	43.340263	1.055450	-0.006725	59
8287.213056	43.323544	1.055292	-0.006392	61
8289.286144	43.325348	1.055455	-0.006470	63
8291.359744	43.331654	1.056444	-0.006511	65
8293.433344	43.357227	1.055813	-0.006499	67
8295.506944	43.330040	1.056752	-0.006485	69
8297.580032	43.359634	1.056728	-0.006312	71
8299.653632	43.353981	1.056293	-0.006163	73
8301.727232	43.310509	1.055303	-0.006392	75
8303.800320	43.331940	1.053777	-0.006198	77
8305.873408	43.320255	1.054112	-0.006524	79
8307.946496	43.366123	1.052934	-0.006557	81
8310.020608	43.313862	1.052822	-0.006533	83
8312.093696	43.364964	1.053409	-0.006158	85
8314.167296	43.493065	1.053820	-0.006211	87
8316.241408	43.342079	1.055136	-0.005520	89
8318.313984	43.388107	1.054430	-0.004915	91
8320.387584	43.392105	1.054930	-0.004955	93
8322.461184	43.408104	1.055189	-0.004706	95
8324.534784	43.369576	1.055434	-0.004519	97
8326.607872	43.396397	1.055230	-0.004406	99
8328.681984	43.401329	1.054664	-0.004447	101
8330.755072	43.394100	1.054433	-0.004688	103
8332.828672	43.402267	1.054814	-0.004694	105
8334.901760	43.394333	1.054907	-0.004675	107
8336.975360	43.414764	1.055818	-0.004634	109
8339.048448	43.408119	1.056255	-0.004504	111
8341.121536	43.403614	1.056410	-0.004773	113
8343.195136	43.432728	1.056055	-0.004850	115
8345.268736	43.439713	1.055472	-0.004582	117
8347.342336	43.413742	1.055673	-0.004963	119
8349.415424	43.407284	1.054973	-0.004740	121
8351.489024	43.431938	1.054306	-0.004654	123
8353.562624	43.427719	1.054409	-0.004675	125
8355.635200	43.445595	1.053403	-0.004405	127
8357.709312	43.447231	1.053856	-0.004875	129
8359.782400	43.454742	1.053845	-0.004753	131
8361.856512	43.441605	1.053782	-0.004771	133
8363.929600	43.449936	1.053241	-0.004644	135
8366.003200	43.478058	1.053594	-0.004692	137
8368.076288	43.473419	1.053264	-0.004811	139
8370.149888	43.495468	1.054305	-0.004938	141
8372.222976	43.504211	1.054114	-0.005051	143
8374.296576	43.512890	1.054555	-0.004781	145
8376.369664	43.488525	1.053400	-0.004995	147
8378.443264	43.477970	1.053873	-0.005134	149
8380.516864	43.500992	1.053158	-0.005084	151
8382.589952	43.519566	1.053652	-0.005242	153
8384.663552	43.524605	1.054623	-0.005279	155
8386.737152	43.487137	1.055555	-0.005614	157
8388.810240	43.500916	1.054879	-0.005718	159
8390.883328	43.519066	1.054704	-0.005485	161
8392.956928	43.552029	1.054237	-0.005524	163
8395.030528	43.500801	1.054973	-0.005384	165
8397.103616	43.510708	1.054651	-0.005393	167
8399.177216	43.563259	1.054662	-0.005411	169
8401.250304	43.544319	1.055014	-0.005617	171
8403.324416	43.506359	1.055670	-0.006239	173
8405.396992	43.534306	1.056451	-0.006460	175
8407.471104	43.566978	1.056014	-0.006393	177
8409.544192	43.544777	1.055342	-0.006625	179
8411.617792	43.546982	1.055736	-0.006645	181
8413.691392	43.541912	1.056600	-0.006641	183
8415.764480	43.521820	1.056185	-0.006919	185
8417.838592	43.522701	1.055096	-0.006645	187
8419.911680	43.561337	1.054330	-0.006712	189
8421.984768	43.549526	1.054876	-0.006873	191
8424.058368	43.545017	1.053929	-0.006751	193
8426.131968	43.572334	1.052297	-0.006691	195
8428.205568	43.573605	1.053138	-0.006397	197
8430.278656	43.600418	1.053073	-0.006120	199
8432.351744	43.567677	1.053463	-0.005936	201
8434.425344	43.615448	1.054016	-0.005819	203
8436.498944	43.625626	1.054506	-0.005801	205
8438.572544	43.571442	1.054092	-0.005621	207
8440.645632	43.603779	1.054504	-0.005814	209
8442.719232	43.595478	1.054356	-0.005612	211
8444.792832	43.596096	1.054173	-0.005851	213
8446.865920	43.599571	1.054266	-0.005882	215
8448.939008	43.593647	1.053939	-0.005826	217
8451.012608	43.581341	1.054436	-0.005872	219
8453.086208	43.612976	1.055813	-0.006055	221
8455.159808	43.594593	1.055490	-0.006184	223
8457.232896	43.586407	1.055239	-0.006243	225
8459.305984	43.607628	1.054945	-0.006206	227
8461.379584	43.627926	1.054747	-0.006357	229
8463.453184	43.640446	1.054643	-0.006133	231
8465.526272	43.613037	1.056526	-0.006041	233
8467.599872	43.636967	1.057818	-0.006086	235
8469.673472	43.644554	1.057768	-0.005895	237
8471.747072	43.668736	1.058625	-0.006221	239
8473.820160	43.619076	1.058746	-0.005921	241
8475.893760	43.613441	1.057939	-0.005875	243
8477.966336	43.629211	1.056841	-0.005763	245
8480.039936	43.643921	1.055811	-0.005781	247
8482.113024	43.664814	1.055517	-0.005557	249
8484.187136	43.624252	1.055491	-0.005477	251
8486.260224	43.630909	1.055544	-0.005421	253
8488.333824	43.612217	1.055801	-0.005302	255
8490.406912	43.653507	1.054312	-0.005592	1
8492.480512	43.662220	1.053788	-0.005282	3
8494.554112	43.662796	1.054761	-0.004723	5
8496.627200	43.679173	1.055418	-0.005211	7
8498.700800	43.691788	1.055372	-0.004885	9
8500.773888	43.716751	1.055411	-0.004714	11
8502.847488	43.678493	1.055701	-0.004567	13
8504.921088	43.693378	1.055318	-0.004522	15
8506.994176	43.731529	1.054586	-0.004690	17
8509.067776	43.682045	1.055215	-0.005117	19
8511.141376	43.699608	1.055372	-0.005076	21
8513.214464	43.750542	1.055097	-0.005137	23
8515.288064	43.725319	1.055139	-0.005109	25
8517.361152	43.718391	1.055632	-0.005476	27
8519.434240	43.705555	1.055694	-0.005372	29
8521.507840	43.711044	1.053960	-0.005412	31
8523.580928	43.699940	1.054298	-0.005368	33
8525.655040	43.697300	1.053763	-0.005110	35
8527.728640	43.706650	1.055481	-0.005231	37
8529.801216	43.743931	1.055277	-0.005195	39
8531.875328	43.682018	1.054555	-0.005367	41
8533.948416	43.743877	1.054191	-0.005520	43
8536.022016	43.721886	1.054862	-0.005456	45
8538.095616	43.739838	1.054537	-0.005530	47
8540.169216	43.708733	1.054557	-0.005207	49
8542.242304	43.744064	1.054561	-0.005283	51
8544.315392	43.738358	1.054204	-0.004976	53
8546.388992	43.715576	1.053593	-0.004788	55
8548.462592	43.717426	1.052659	-0.004992	57
8550.536192	43.723026	1.051164	-0.005016	59
8552.609280	43.733768	1.051654	-0.004880	61
8554.682880	43.738041	1.052188	-0.004852	63
8556.755968	43.734238	1.053321	-0.004913	65
8558.829568	43.711529	1.053791	-0.005062	67
8560.902656	43.729507	1.054560	-0.005085	69
8562.976256	43.742500	1.054492	-0.005141	71
8565.049856	43.735271	1.054948	-0.005082	73
8567.122944	43.737106	1.054455	-0.004749	75
8569.196544	43.771763	1.054223	-0.004635	77
8571.269632	43.743645	1.054653	-0.004654	79
8573.343232	43.760132	1.055380	-0.004573	81
8575.416320	43.763294	1.055431	-0.004624	83
8577.489408	43.749432	1.054284	-0.004889	85
8579.563008	43.758884	1.055187	-0.004902	87
8581.636608	43.744579	1.055257	-0.005106	89
8583.710208	43.752716	1.053732	-0.004983	91
8585.783808	43.737434	1.053618	-0.005160	93
8587.856384	43.781311	1.052657	-0.005240	95
8996.020224	43.732143	1.102440	-0.005047	97
8592.003072	43.748253	1.100206	-0.005301	99
8594.075648	43.756981	1.049082	-0.005919	101
8596.149248	43.767380	1.047926	-0.006010	103
8598.221824	43.772980	1.048996	-0.006162	105
8600.295424	43.771381	1.048516	-0.006037	107
8602.369024	43.770294	1.050070	-0.006233	109
8604.442624	43.783028	1.050275	-0.006051	111
8606.516224	43.740688	1.050879	-0.006128	113
8608.589824	43.783230	1.050528	-0.005917	115
8610.662400	43.786659	1.050579	-0.005753	117
8612.737024	43.761200	1.050208	-0.005479	119
8614.810624	43.787292	1.050171	-0.005630	121
8616.883200	43.726284	1.050182	-0.006029	123
8618.956800	43.789806	1.049242	-0.005744	125
8621.030400	43.785591	1.050652	-0.005677	127
8623.104000	43.785297	1.050534	-0.005804	129
8625.176576	43.806305	1.051971	-0.005738	131
8627.250176	43.790291	1.051869	-0.005862	133
8629.323776	43.804035	1.051925	-0.006056	135
8631.397376	43.802155	1.051234	-0.005860	137
8633.470976	43.812729	1.052522	-0.005841	139
8635.543552	43.805645	1.052780	-0.005921	141
8637.617152	43.812881	1.053037	-0.005574	143
8639.690752	43.828796	1.053196	-0.005673	145
8641.764352	43.811195	1.053172	-0.005659	147
8643.837952	43.820011	1.051464	-0.005589	149
8645.911552	43.828808	1.052207	-0.005551	151
8647.985152	43.853477	1.053818	-0.005777	153
8650.058752	43.821636	1.054212	-0.005750	155
8652.131328	43.836365	1.053339	-0.005816	157
8654.204928	43.849670	1.052973	-0.005974	159
8656.278528	43.858570	1.053668	-0.005833	161
8658.352128	43.803169	1.052845	-0.005997	163
8660.424704	43.869545	1.052107	-0.005653	165
8662.499328	43.849079	1.052415	-0.005608	167
8664.571904	43.874592	1.051275	-0.005799	169
8666.645504	43.853424	1.053201	-0.005689	171
8668.719104	43.854614	1.053128	-0.005820	173
8670.792704	43.847363	1.053185	-0.005701	175
8672.866304	43.880535	1.053955	-0.005590	177
8674.939904	43.878830	1.054340	-0.005439	179
8677.013504	43.889900	1.053568	-0.005205	181
8679.086080	43.865982	1.052964	-0.004902	183
8681.159680	43.862209	1.052655	-0.005241	185
8683.233280	43.931717	1.053068	-0.005163	187
8685.305856	43.904152	1.054621	-0.005683	189
8687.380480	43.936550	1.054067	-0.005473	191
8689.453056	43.883366	1.054274	-0.005529	193
8691.525632	43.878365	1.053397	-0.005471	195
8693.599232	43.895756	1.052735	-0.005239	197
8695.672832	43.894688	1.051779	-0.005537	199
8697.747456	43.905483	1.053304	-0.005634	201
8699.820032	43.912514	1.053822	-0.005819	203
8701.893632	43.865860	1.053684	-0.005810	205
8703.967232	43.869267	1.054042	-0.006189	207
8706.039808	43.867043	1.053799	-0.006542	209
8708.113408	43.878288	1.054443	-0.006305	211
8710.187008	43.852325	1.054355	-0.006459	213
8712.260608	43.854786	1.055233	-0.006493	215
8714.334208	43.835815	1.053705	-0.006471	217
8716.407808	43.872616	1.055153	-0.006693	219
8718.481408	43.895267	1.055799	-0.006641	221
8720.553984	43.830719	1.057201	-0.006591	223
8722.627584	43.853363	1.056886	-0.006562	225
8724.701184	43.822094	1.056828	-0.006837	227
8726.773760	43.908222	1.057267	-0.006757	229
8728.847360	43.900066	1.056187	-0.006265	231
8730.921984	43.903461	1.056974	-0.006413	233
8732.994560	43.966118	1.057127	-0.005754	235
8735.068160	43.920906	1.057274	-0.005197	237
8737.141760	43.936783	1.057279	-0.004761	239
8739.214336	43.914627	1.056141	-0.005032	241
8741.287936	43.898575	1.056154	-0.005056	243
8743.361536	43.925236	1.054208	-0.004883	245
8745.435136	43.920727	1.054634	-0.004877	247
8747.507712	43.937931	1.054244	-0.005063	249
8749.582336	43.921719	1.055307	-0.004989	251
8751.655936	43.942497	1.054284	-0.005114	253
8753.728512	43.927059	1.054591	-0.005113	255
8755.802112	43.920132	1.054630	-0.005146	1
8757.874688	43.947861	1.054168	-0.005138	3
8759.948288	43.949268	1.055826	-0.005165	5
8762.021888	43.968987	1.055850	-0.005076	7
8764.095488	43.973606	1.056790	-0.005281	9
8766.169088	43.937500	1.056768	-0.005344	11
8768.241664	43.953163	1.056013	-0.005447	13
8770.315264	43.965309	1.055659	-0.005450	15
8772.388864	43.960419	1.055326	-0.005660	17
8774.462464	43.976585	1.055599	-0.005826	19
8776.536064	43.972496	1.055797	-0.005850	21
8778.609664	43.996864	1.056358	-0.006033	23
8780.682240	43.992496	1.056178	-0.005909	25
8782.755840	43.981792	1.057498	-0.005903	27
8784.829440	43.981342	1.057303	-0.005944	29
8786.902016	43.978470	1.056676	-0.005891	31
8788.976640	43.992661	1.056362	-0.005899	33
8791.050240	43.981426	1.056600	-0.005799	35
8793.122816	43.987125	1.057142	-0.005808	37
8795.196416	44.000507	1.057470	-0.005863	39
8797.270016	43.996567	1.057286	-0.005677	41
8799.343616	43.971539	1.056167	-0.005559	43
8801.416192	43.996887	1.055145	-0.005498	45
8803.489792	43.979530	1.054743	-0.005219	47
8805.563392	43.983509	1.054216	-0.005495	49
8807.635968	44.009724	1.053678	-0.005628	51
8809.710592	44.002735	1.054171	-0.005658	53
8811.784192	44.016724	1.054740	-0.005705	55
8813.856768	43.998764	1.053757	-0.005642	57
8815.931392	44.006660	1.055393	-0.006127	59
8818.003968	43.999149	1.055292	-0.006034	61
8820.076544	44.017750	1.055959	-0.005987	63
8822.151168	44.032261	1.056715	-0.006066	65
8824.224768	44.031727	1.055759	-0.006010	67
8826.297344	44.018665	1.055049	-0.005887	69
8828.370944	44.044216	1.054955	-0.005949	71
8830.443520	44.043903	1.055526	-0.005906	73
8832.517120	44.048954	1.055813	-0.006048	75
8834.590720	44.042038	1.056028	-0.006218	77
8836.664320	44.079914	1.056651	-0.006257	79
8838.737920	44.065823	1.057711	-0.006105	81
8840.810496	44.038258	1.057484	-0.006014	83
8842.884096	44.071590	1.057755	-0.006001	85
8844.957696	44.047413	1.057411	-0.005986	87
8847.031296	44.037846	1.056997	-0.005838	89
8849.104896	44.048447	1.057669	-0.005871	91
8851.178496	44.031197	1.057446	-0.005862	93
8853.252096	44.066563	1.055843	-0.006064	95
8855.324672	44.063866	1.055603	-0.006044	97
8857.398272	44.063534	1.056235	-0.005918	99
8859.470848	44.052216	1.056077	-0.005681	101
8861.544448	44.090755	1.056387	-0.005690	103
8863.618048	44.090767	1.057226	-0.005603	105
8865.691648	44.084995	1.057227	-0.005482	107
8867.764224	44.086475	1.057369	-0.005318	109
8869.838848	44.102665	1.056104	-0.004878	111
8871.911424	44.067219	1.055479	-0.004944	113
8873.985024	44.098217	1.055295	-0.004665	115
8876.058624	44.053944	1.055373	-0.004996	117
8878.132224	44.087345	1.054872	-0.005033	119
8880.205824	44.116367	1.054696	-0.005361	121
8882.278400	44.077732	1.053740	-0.005746	123
8884.353024	44.134636	1.054706	-0.005693	125
8886.425600	44.102821	1.055682	-0.005785	127
8888.499200	44.115803	1.054820	-0.005318	129
8890.572800	44.128464	1.055301	-0.005211	131
8892.646400	44.117672	1.055743	-0.005018	133
8894.720000	44.135918	1.054958	-0.005188	135
8896.793600	44.114647	1.055154	-0.005184	137
8898.866176	44.127045	1.053898	-0.005255	139
8900.939776	44.127441	1.053724	-0.005533	141
8903.013376	44.170113	1.052726	-0.005154	143
8905.085952	44.145863	1.054288	-0.005521	145
8907.159552	44.137783	1.053072	-0.005199	147
8909.233152	44.163071	1.053002	-0.005492	149
8911.306752	44.166645	1.055498	-0.005675	151
8913.380352	44.098160	1.055082	-0.005582	153
8915.453952	44.176159	1.055010	-0.005602	155
8917.527552	44.185619	1.055870	-0.005548	157
8919.601152	44.174309	1.057198	-0.005876	159
8921.673728	44.134964	1.056911	-0.005626	161
8923.747328	44.149384	1.056088	-0.005492	163
8925.819904	44.184082	1.056445	-0.005576	165
8927.894528	44.139935	1.056209	-0.005702	167
8929.967104	44.174404	1.056580	-0.005845	169
8932.040704	44.181591	1.056704	-0.005398	171
8934.114304	44.187565	1.055983	-0.005358	173
8936.186880	44.165413	1.055614	-0.005616	175
8938.261504	44.167267	1.056677	-0.005573	177
8940.334080	44.175308	1.055209	-0.005473	179
8942.408704	44.158924	1.054437	-0.005946	181
8944.480256	44.177990	1.054052	-0.006322	183
8946.554880	44.205433	1.053998	-0.006397	185
8948.628480	44.192024	1.053797	-0.006355	187
8950.701056	44.180237	1.054027	-0.006185	189
8952.774656	44.196026	1.054096	-0.005815	191
8954.848256	44.198841	1.054687	-0.005612	193
8956.920832	44.197628	1.054536	-0.005582	195
8958.995456	44.187031	1.054368	-0.005576	197
8961.069056	44.167702	1.053079	-0.005840	199
8963.141632	44.195118	1.053711	-0.005963	201
8965.215232	44.188309	1.052993	-0.005910	203
8967.288832	44.184059	1.053538	-0.005790	205
8969.362432	44.204243	1.052876	-0.005538	207
8971.435008	44.208889	1.053408	-0.005547	209
8973.508608	44.217865	1.053712	-0.005220	211
8975.582208	44.205006	1.054310	-0.005133	213
8977.655808	44.206413	1.054349	-0.005112	215
8979.728384	44.225460	1.053405	-0.004888	217
8981.803008	44.197540	1.053473	-0.004894	219
8983.876608	44.241570	1.052594	-0.004801	221
8985.949184	44.226719	1.053237	-0.004540	223
8988.022784	44.250149	1.053615	-0.004641	225
8990.096384	44.242004	1.053917	-0.004907	227
8992.168960	44.239227	1.054121	-0.004615	229
8994.242560	44.275269	1.054405	-0.004937	231
8996.316160	44.262905	1.053490	-0.004982	233
8998.389760	44.242195	1.054107	-0.004855	235
9000.463360	44.297173	1.054958	-0.004530	237
9002.535936	44.269283	1.054333	-0.004389	239
9004.609536	44.279560	1.054757	-0.004382	241
9006.683136	44.266891	1.055254	-0.004419	243
9008.756736	44.282921	1.054996	-0.004549	245
9010.830336	44.269863	1.054865	-0.004703	247
9012.903936	44.264534	1.055216	-0.004942	249
9014.977536	44.302860	1.055548	-0.005001	251
9017.051136	44.291359	1.055310	-0.004987	253
9019.124736	44.301132	1.055687	-0.004787	255
9021.198336	44.262642	1.055985	-0.004934	1
9023.270912	44.297421	1.056484	-0.004770	3
9025.343488	44.289951	1.055686	-0.004559	5
9027.418112	44.287483	1.055817	-0.004869	7
9029.491712	44.301655	1.056595	-0.005053	9
9031.564288	44.287586	1.056368	-0.005267	11
9033.637888	44.308247	1.056039	-0.005317	13
9035.711488	44.289310	1.055477	-0.005469	15
9037.785088	44.301205	1.056009	-0.005515	17
9039.857664	44.287552	1.055290	-0.005524	19
9041.932288	44.324841	1.055566	-0.005490	21
9044.004864	44.298260	1.055924	-0.005513	23
9046.077440	44.312248	1.055854	-0.005390	25
9048.152064	44.331497	1.056653	-0.005487	27
9050.225664	44.328720	1.057349	-0.005333	29
9052.298240	44.338417	1.057353	-0.005107	31
9054.371840	44.323879	1.057246	-0.004947	33
9056.445440	44.327080	1.057567	-0.005138	35
9058.518016	44.326889	1.056229	-0.004974	37
9060.591616	44.313671	1.056407	-0.005189	39
9062.665216	44.341740	1.056738	-0.005191	41
9064.738816	44.355358	1.056813	-0.004894	43
9066.812416	44.337585	1.056818	-0.004838	45
9068.886016	44.371262	1.055470	-0.004475	47
9070.959616	44.374969	1.055806	-0.004514	49
9073.032192	44.378883	1.055281	-0.004419	51
9075.105792	44.364349	1.054888	-0.004349	53
9077.179392	44.360718	1.055458	-0.004195	55
9079.251968	44.374920	1.054894	-0.004130	57
9081.325568	44.368446	1.054428	-0.004029	59
9083.400192	44.359398	1.054517	-0.004047	61
9085.472768	44.396431	1.054299	-0.004347	63
9087.546368	44.405109	1.054234	-0.004173	65
9089.618944	44.393093	1.053462	-0.004089	67
9091.693568	44.398800	1.053668	-0.004286	69
9093.766144	44.389084	1.052611	-0.004314	71
9095.839744	44.400234	1.053288	-0.004474	73
9097.913344	44.407669	1.053428	-0.004897	75
9099.985920	44.409378	1.053434	-0.004725	77
9102.059520	44.399395	1.054220	-0.004946	79
9104.133120	44.417892	1.053629	-0.005082	81
9106.206720	44.397526	1.054921	-0.004994	83
9108.280320	44.399502	1.054549	-0.004931	85
9110.353920	44.392750	1.055060	-0.004986	87
9112.427520	44.404266	1.054689	-0.005037	89
9114.500096	44.416592	1.055194	-0.004904	91
9116.573696	44.404713	1.055050	-0.004951	93
9118.646272	44.403633	1.054764	-0.004858	95
9120.719872	44.418541	1.055255	-0.004611	97
9122.793472	44.435417	1.055690	-0.004768	99
9124.867072	44.433456	1.055837	-0.004507	101
9126.940672	44.426910	1.055674	-0.004404	103
9129.019392	44.443535	1.056483	-0.004590	105
9131.086848	44.413750	1.056473	-0.004431	107
9133.160448	44.468170	1.055196	-0.004324	109
9135.234048	44.430454	1.055716	-0.004340	111
9137.307648	44.427197	1.055207	-0.004460	113
9139.380224	44.446613	1.054197	-0.004522	115
9141.453824	44.447525	1.055260	-0.004602	117
9143.527424	44.459820	1.055713	-0.004658	119
9145.601024	44.475975	1.055133	-0.004482	121
9147.674624	44.457607	1.055734	-0.004806	123
9149.748224	44.444229	1.054837	-0.005056	125
9151.820800	44.474285	1.055537	-0.005259	127
9153.894400	44.476334	1.055653	-0.005266	129
9155.968000	44.498413	1.055051	-0.005508	131
9158.041600	44.462345	1.054699	-0.005635	133
9160.114176	44.498680	1.055237	-0.005744	135
9162.188800	44.469318	1.054462	-0.005592	137
9164.261376	44.482388	1.054552	-0.005616	139
9166.334976	44.483788	1.055225	-0.005645	141
9168.408576	44.505508	1.054348	-0.005847	143
9170.482176	44.478714	1.054286	-0.005794	145
9172.554752	44.469265	1.054030	-0.005561	147
9174.629376	44.500462	1.054685	-0.005784	149
9176.701952	44.493931	1.054047	-0.005256	151
9178.775552	44.490200	1.054151	-0.005412	153
9180.849152	44.451962	1.053689	-0.005427	155
9182.922752	44.499805	1.053883	-0.005617	157
9184.995328	44.492699	1.052799	-0.005361	159
9187.068928	44.510536	1.054312	-0.005222	161
9189.142528	44.510754	1.053212	-0.004677	163
9191.216128	44.540424	1.054822	-0.004844	165
9193.289728	44.532562	1.054168	-0.004779	167
9195.363328	44.524044	1.055406	-0.004700	169
9197.435904	44.526974	1.054733	-0.004584	171
9199.509504	44.520088	1.054348	-0.004302	173
9201.583104	44.522331	1.054377	-0.004385	175
9203.656704	44.522213	1.055383	-0.004575	177
9205.730304	44.525715	1.056200	-0.004499	179
9207.802880	44.544949	1.055339	-0.004346	181
9209.876480	44.515308	1.055311	-0.004380	183
9211.950080	44.540535	1.054962	-0.004584	185
9214.023680	44.534733	1.055712	-0.004630	187
9216.097280	44.534164	1.055320	-0.004763	189
9218.170880	44.546211	1.053792	-0.004712	191
9220.244480	44.548943	1.053491	-0.004845	193
9222.317056	44.539017	1.053429	-0.004663	195
9224.390656	44.540989	1.053645	-0.004755	197
9226.464256	44.544216	1.054036	-0.004768	199
9228.537856	44.548115	1.054271	-0.004720	201
9230.610432	44.539551	1.054385	-0.004978	203
9232.683008	44.539463	1.056341	-0.004914	205
9234.758656	44.532078	1.055916	-0.005329	207
9236.831232	44.558964	1.055568	-0.005242	209
9238.905856	44.556068	1.056555	-0.005305	211
9240.978432	44.545437	1.056483	-0.005091	213
9243.052032	44.554405	1.055157	-0.004994	215
9245.124608	44.562389	1.055163	-0.005032	217
9247.198208	44.581799	1.056436	-0.005114	219
9249.272832	44.565884	1.055708	-0.004934	221
9251.344384	44.548740	1.056524	-0.004639	223
9253.417984	44.591465	1.055662	-0.004984	225
9255.492608	44.544788	1.055428	-0.005635	227
9257.565184	44.583374	1.055032	-0.005502	229
9259.637760	44.565670	1.055151	-0.005618	231
9261.712384	44.575001	1.055389	-0.005295	233
9263.784960	44.573124	1.054786	-0.005280	235
9265.858560	44.592155	1.054758	-0.005133	237
9267.932160	44.596039	1.055194	-0.005225	239
9270.004736	44.567692	1.054471	-0.005030	241
9272.079360	44.571217	1.053869	-0.005119	243
