time (s)	energy (uJ)	charge (mC)	voltage (mV)	crossing#mod 255
1099.359346	37.470650	4.993853	7.503354	234
1100.389784	37.525436	4.981619	7.532780	235
1101.396495	37.227489	4.979501	7.476149	236
1102.425987	37.523823	5.000511	7.503998	237
1103.432344	37.558144	4.997923	7.514750	238
1104.460903	37.457603	4.972456	7.533019	239
1105.478367	38.488670	4.988181	7.715973	240
1106.496649	37.145096	4.930945	7.533058	241
1107.505125	37.634731	5.011540	7.509614	242
1108.532321	37.800121	4.993211	7.570304	243
1109.541902	37.051277	4.974761	7.447851	244
1110.567887	37.577808	4.978488	7.548037	245
1111.577481	37.315022	4.994398	7.471376	246
1112.603917	37.399803	4.974946	7.517630	247
1113.623771	38.300201	4.973639	7.700640	248
1114.639503	37.521973	4.974064	7.543525	249
1115.649698	37.504131	4.975434	7.537861	250
1116.675245	37.193718	4.949048	7.515328	251
1117.686248	37.326294	4.972974	7.505830	252
1118.711572	37.363926	4.975973	7.508869	253
1119.722016	36.908394	4.933014	7.481915	254
1120.747404	37.384281	4.969528	7.522703	255
1121.757946	37.380001	4.989528	7.491691	0
1122.783511	37.617466	4.991232	7.536711	1
1123.793592	37.565109	4.997946	7.516110	2
1124.819826	37.499573	4.991755	7.512303	3
1125.839301	38.222065	4.996103	7.650376	4
1126.856333	37.405502	4.987485	7.499873	5
1127.864703	37.354240	4.953240	7.541376	6
1128.901883	38.117928	4.979836	7.654455	7
1129.900626	37.309631	4.944736	7.545323	8
1130.929024	37.544018	4.992860	7.519542	9
1131.936313	37.554901	5.013976	7.490045	10
1132.965123	37.460770	4.972610	7.533422	11
1133.971865	37.421478	4.985183	7.506541	12
1135.001538	37.039692	4.920631	7.527427	13
1136.007384	37.128956	4.963646	7.480179	14
1137.037960	37.241028	4.977414	7.482004	15
1138.043078	37.634068	4.995886	7.533011	16
1139.073868	37.247765	4.972407	7.490893	17
1140.078698	37.609985	4.994361	7.530490	18
1141.110091	37.528378	4.963906	7.560251	19
1142.114560	37.885910	4.991127	7.590652	20
1143.146746	37.538116	4.990644	7.521698	21
1144.150366	37.417511	4.974131	7.522423	22
1145.182688	37.451569	4.988002	7.508331	23
1146.185987	37.270996	4.937242	7.548952	24
1147.218736	37.155571	4.968884	7.477649	25
1148.221926	37.737328	5.001563	7.545108	26
1149.254831	37.279648	4.992026	7.467839	27
1150.258039	37.671974	4.991136	7.547776	28
1151.300407	38.182682	4.978125	7.670094	29
1152.293957	37.755512	5.004327	7.544573	30
1153.326907	37.476833	4.989898	7.510541	31
1154.329782	37.702820	4.980895	7.569487	32
1155.363124	37.298244	4.986172	7.480336	33
1156.365592	37.692196	4.978675	7.570728	34
1157.398427	37.167336	4.942562	7.519852	35
1158.402297	37.432274	4.980159	7.516281	36
1159.434529	37.352566	4.979291	7.501584	37
1160.438467	37.413864	4.978004	7.515837	38
1161.470241	37.171444	4.963247	7.489340	39
1162.474738	37.436878	4.971276	7.530638	40
1163.505941	36.749290	4.886974	7.519845	41
1164.510735	37.254772	4.943186	7.536592	42
1165.551479	38.463608	4.979945	7.723702	43
1166.547364	37.348873	4.953364	7.540103	44
1167.577788	37.492271	4.971714	7.541117	45
1168.583575	37.507618	5.001574	7.499163	46
1169.613210	37.451424	4.952314	7.562410	47
1170.619664	37.328300	4.972925	7.506308	48
1171.648787	37.753620	5.003701	7.545139	49
1172.656078	37.333858	4.975875	7.502973	50
1173.694175	38.424465	4.983749	7.709952	51
1174.692354	37.545410	4.986148	7.529943	52
1175.720022	37.428375	4.976192	7.521490	53
1176.728444	37.476601	4.977407	7.529342	54
1177.755772	37.170837	4.949518	7.509992	55
1178.774269	38.487988	4.981493	7.726196	56
1179.791708	37.523102	4.985297	7.526754	57
1180.800854	37.426823	4.986600	7.505479	58
1181.827326	37.618542	4.984827	7.546610	59
1182.836637	37.350063	4.978887	7.501689	60
1183.862990	37.726723	4.982403	7.571995	61
1184.872789	37.115238	4.944600	7.506217	62
1185.900245	37.302635	4.989389	7.476394	63
1186.909218	37.126434	4.940404	7.514858	64
1187.935568	37.325176	4.970487	7.509361	65
1188.944600	37.632042	5.001406	7.524293	66
1189.971723	37.170879	4.945439	7.516194	67
1190.980154	37.729797	4.994103	7.554870	68
1192.007546	37.289597	4.965314	7.510018	69
1193.016390	37.537289	4.983737	7.531956	70
1194.044402	37.116291	4.930937	7.527229	71
1195.052452	37.235004	4.987967	7.464967	72
1196.080447	37.572964	4.977337	7.548809	73
1197.087676	37.412872	4.997273	7.486657	74
1198.116675	37.574730	4.990746	7.528882	75
1199.123375	37.224720	4.972903	7.485511	76
1200.152938	37.619755	4.990231	7.538681	77
1201.159298	37.599564	4.994772	7.527784	78
1202.189703	37.393944	4.994152	7.487547	79
1203.194859	37.416695	4.975438	7.520281	80
1204.235136	38.338669	4.987976	7.686218	81
1205.230241	37.287575	4.941348	7.546034	82
1206.261915	37.661812	5.002352	7.528821	83
1207.266226	37.564301	4.992699	7.523847	84
1208.297823	37.553757	4.983668	7.535365	85
1209.302211	37.565441	4.995152	7.520380	86
1210.334038	37.529346	4.974264	7.544704	87
1211.337826	37.467468	4.983929	7.517658	88
1212.370243	37.311405	4.971714	7.504737	89
1213.373774	37.267307	4.952029	7.525664	90
1214.406615	37.262180	4.974717	7.490312	91
1215.409865	37.436760	4.969572	7.533197	92
1216.442132	37.032001	4.933478	7.506267	93
1217.445705	37.192959	4.921898	7.556630	94
1218.477961	37.584713	4.990564	7.531156	95
1219.481529	37.607616	4.987697	7.540077	96
1220.514159	37.626816	4.988068	7.543365	97
1221.517629	37.553543	4.989373	7.526707	98
1222.550403	37.342529	4.985606	7.490068	99
1223.553594	37.264744	5.001055	7.451376	100
1224.586203	37.395149	4.985443	7.500869	101
1225.599376	38.327560	4.981325	7.694251	102
1226.622269	37.235153	4.974808	7.484742	103
1227.625630	37.468227	4.968182	7.541638	104
1228.658383	37.062920	4.928701	7.519816	105
1229.661756	37.534191	4.972023	7.549078	106
1230.693943	37.239380	4.948997	7.524633	107
1231.698459	36.965710	4.915985	7.519493	108
1232.729604	37.628021	4.991693	7.538128	109
1233.734175	37.082733	4.946187	7.497237	110
1234.765318	37.431526	4.976658	7.521418	111
1235.771120	37.323467	4.983762	7.489015	112
1236.801238	37.007229	4.935698	7.497872	113
1237.807026	37.012131	4.921938	7.519828	114
1238.836912	36.964108	4.929385	7.498727	115
1239.843730	37.323215	4.953346	7.534951	116
1240.872698	37.464272	4.965509	7.544900	117
1241.879516	37.266193	4.963940	7.507383	118
1242.908575	37.395302	4.972931	7.519771	119
1243.915454	37.355282	4.982323	7.497564	120
1244.944077	37.670624	4.994127	7.542984	121
1245.951828	37.407894	5.003209	7.476781	122
1246.979824	37.509190	4.988525	7.519094	123
1247.988129	37.575191	4.971522	7.558087	124
1249.015970	37.125172	4.951119	7.498339	125
1250.023717	37.457703	4.983812	7.515875	126
1251.051834	37.109264	4.943633	7.506477	127
1252.059830	37.383770	4.978678	7.508774	128
1253.087897	37.761169	5.004625	7.545255	129
1254.095724	37.512623	4.986306	7.523129	130
1255.124134	37.451157	4.993422	7.500099	131
1256.131729	36.745270	4.924304	7.462022	132
1257.160299	37.511715	4.992442	7.513702	133
1258.167395	37.397953	4.985684	7.501068	134
1259.196560	37.509209	5.008652	7.488884	135
1260.203129	37.529598	4.987161	7.525244	136
1261.232814	37.475258	4.994811	7.502839	137
1262.238803	37.463722	4.977117	7.527195	138
1263.268788	37.423729	4.968876	7.531629	139
1264.275006	37.351738	4.975763	7.506735	140
1265.305424	37.376644	4.992167	7.487059	141
1266.310132	37.385612	4.981305	7.505186	142
1267.341457	37.359627	4.978609	7.504029	143
1268.346214	37.394665	4.990140	7.493711	144
1269.377801	36.718788	4.920186	7.462886	145
1270.382144	37.495956	5.005691	7.490666	146
1271.413687	37.062340	4.926406	7.523201	147
1272.417681	37.145592	4.920689	7.548861	148
1273.450102	36.914688	4.920002	7.502982	149
1274.453690	37.513077	4.983383	7.527633	150
1275.486092	37.303726	4.964499	7.514097	151
1276.489633	36.817181	4.924779	7.475905	152
1277.522207	37.343300	4.982215	7.495321	153
1278.525777	36.984016	4.943052	7.482020	154
1279.558539	37.196411	4.975774	7.475504	155
1280.561689	37.339260	4.970371	7.512370	156
1281.594339	37.497005	5.007404	7.488312	157
1282.597378	37.587299	4.986005	7.538560	158
1283.640042	38.083210	4.975023	7.654881	159
1284.633076	37.468983	4.976583	7.529059	160
1285.667831	36.965881	4.991932	7.405125	161
1286.669367	37.064754	4.975878	7.448887	162
1287.702203	37.478783	4.960000	7.556207	163
1288.704868	36.793098	4.929397	7.464016	164
1289.738448	36.568153	4.928858	7.419195	165
1290.740900	37.015049	4.976174	7.438455	166
1291.775650	36.630920	4.913987	7.454420	167
1292.776775	37.168365	4.984959	7.456103	168
1293.810839	37.157913	4.980360	7.460889	169
1294.812810	37.364620	4.986546	7.493086	170
1295.846524	37.287743	4.988615	7.474569	171
1296.849142	37.259022	4.988052	7.469655	172
1297.882394	37.163830	4.984509	7.455867	173
1298.885104	36.541138	4.926475	7.417301	174
1299.917829	37.047100	4.975174	7.446393	175
1300.921522	36.944309	4.987270	7.407722	176
1301.953920	36.773849	4.928103	7.462070	177
1302.957512	37.173244	4.984834	7.457269	178
1303.989728	36.972233	4.970982	7.437612	179
1305.004290	37.729397	4.964877	7.599262	180
1306.025499	37.250179	4.985487	7.471724	181
1307.030030	36.921238	4.940624	7.472991	182
1308.061256	37.385513	5.000184	7.476828	183
1309.066454	36.664177	4.935150	7.429193	184
1310.097227	37.121868	4.969258	7.470303	185
1311.102359	36.824432	4.951813	7.436556	186
1312.132627	36.906960	4.932827	7.481908	187
1313.138291	36.955204	4.975214	7.427863	188
1314.168506	37.133839	4.983036	7.452051	189
1315.184053	38.012974	4.981372	7.631025	190
1316.205275	36.708366	4.949462	7.416638	191
1317.220249	37.867569	4.981863	7.601086	192
1318.240934	36.972187	4.990846	7.408001	193
1319.246029	36.764622	4.925702	7.463834	194
1320.276544	37.123478	4.989337	7.440563	195
1321.282020	36.983795	4.961510	7.454142	196
1322.322425	37.900097	4.971972	7.622751	197
1323.318059	36.973991	4.958897	7.456092	198
1324.348469	36.920502	4.947400	7.462608	199
1325.353677	37.297497	4.991755	7.471820	200
1326.385165	36.975624	4.945710	7.476304	201
1327.389542	37.019131	4.981854	7.430794	202
1328.420974	36.937790	4.943120	7.472567	203
1329.435113	37.983665	4.980947	7.625792	204
1330.457091	37.036217	4.964109	7.460798	205
1331.460955	36.610886	4.932578	7.422263	206
1332.493408	37.017296	4.976517	7.438395	207
1333.496762	36.834251	4.963517	7.421000	208
1334.529772	36.864990	4.968616	7.419570	209
1335.532710	37.094227	4.983870	7.442858	210
1336.565901	36.916096	4.985608	7.404533	211
1337.568623	37.225582	4.997957	7.448160	212
1338.601861	37.294296	4.995325	7.465841	213
1339.604002	37.225773	4.975042	7.482504	214
1340.638132	37.321262	4.999433	7.465099	215
1341.640354	37.534428	4.978730	7.538957	216
1342.673928	36.841541	4.949028	7.444197	217
1343.676326	36.901993	4.955431	7.446778	218
1344.709503	37.130703	4.930503	7.530814	219
1345.712490	37.216820	4.979472	7.474050	220
1346.746147	36.769135	4.933933	7.452298	221
1347.748205	37.479908	4.991326	7.509009	222
1348.781608	37.317673	4.988788	7.480309	223
1349.784401	37.374901	5.003831	7.469257	224
1350.818021	37.095119	4.970037	7.463752	225
1351.819980	37.331345	4.976595	7.501383	226
1352.853748	37.497955	5.008122	7.487429	227
1353.856560	37.396027	4.976899	7.513922	228
1354.889740	37.309238	4.984773	7.484642	229
1355.892119	37.383724	4.968907	7.523531	230
1356.925665	37.386127	4.976104	7.513133	231
1357.928462	37.304192	4.975012	7.498312	232
1358.961651	37.109608	4.947936	7.500018	233
1359.964583	36.818554	4.922928	7.478994	234
1360.997305	37.234650	4.980589	7.475953	235
1362.000604	37.037228	4.954398	7.475626	236
1363.033223	37.287994	4.991343	7.470533	237
1364.036590	37.460014	5.000031	7.491956	238
1365.068906	37.237820	4.985766	7.468826	239
1366.073388	37.199745	4.978739	7.471720	240
1367.104642	37.422146	4.975244	7.521671	241
1368.109301	37.338566	4.990697	7.481634	242
1369.140474	37.227001	4.941595	7.533398	243
1370.145474	37.422066	5.006320	7.474965	244
1371.176740	37.621986	5.012514	7.505613	245
1372.181870	37.241196	4.996361	7.453664	246
1373.212153	37.455719	4.983727	7.515606	247
1374.227551	38.196579	4.986267	7.660356	248
1375.247962	37.399422	4.987943	7.497966	249
1376.253692	36.985645	4.923811	7.511590	250
1377.283915	37.167587	4.968847	7.480123	251
1378.290264	37.337429	4.974560	7.505675	252
1379.319918	37.405693	4.984130	7.504960	253
1380.326048	37.060776	4.950371	7.486465	254
1381.355582	37.481762	4.962838	7.552486	255
1382.361969	37.175171	4.963629	7.489515	0
1383.392147	37.214664	4.966786	7.492705	1
1384.398140	37.166496	4.989956	7.448262	2
1385.427674	37.207935	4.963185	7.496787	3
1386.434182	37.340382	4.991583	7.480670	4
1387.463827	37.356312	4.995285	7.478315	5
1388.479576	38.228374	4.972721	7.687617	6
1389.500491	37.325615	4.985182	7.487312	7
1390.505833	37.068974	4.934149	7.512740	8
1391.536224	37.478703	4.987179	7.515011	9
1392.541763	37.193775	4.978210	7.471314	10
1393.572340	37.656307	4.986792	7.551208	11
1394.577671	37.072941	4.955178	7.481657	12
1395.608692	37.267124	4.974538	7.491576	13
1396.613473	37.220928	4.990110	7.458939	14
1397.644745	37.386528	4.990123	7.492105	15
1398.649106	37.283920	4.976981	7.491272	16
1399.681278	37.446877	4.982639	7.515471	17
1400.684751	37.274906	4.965873	7.506214	18
1401.717355	37.052109	4.942798	7.496181	19
1402.720909	37.296097	4.971724	7.501644	20
1403.753469	37.068420	4.928146	7.521778	21
1404.756551	37.010838	4.952195	7.473623	22
1405.789471	37.144699	4.968154	7.476560	23
1406.792368	37.360184	4.987815	7.490291	24
1407.826066	37.116306	4.990276	7.437726	25
1408.828383	37.357468	5.000419	7.470868	26
1409.871209	38.328243	4.986304	7.686704	27
1410.863949	37.445438	4.971848	7.531495	28
1411.897948	37.599007	5.017121	7.494140	29
1412.900095	37.388443	4.971028	7.521270	30
1413.933729	37.207157	4.968010	7.489347	31
1414.936249	36.831947	4.924993	7.478580	32
1415.969761	37.161240	4.982011	7.459085	33
1416.971873	37.384586	4.993738	7.486294	34
1418.005519	36.865322	4.932165	7.474471	35
1419.008477	37.479969	5.000561	7.495153	36
1420.041680	36.798901	4.923420	7.474256	37
1421.044497	37.234146	4.966975	7.496342	38
1422.077433	37.495255	4.990407	7.513467	39
1423.080158	37.608212	4.994698	7.529627	40
1424.113397	37.532120	5.005803	7.497722	41
1425.116324	37.290291	4.982740	7.483892	42
1426.149231	37.201355	4.973333	7.480166	43
1427.153068	37.261578	4.998384	7.454725	44
1428.185319	37.184395	4.982541	7.462938	45
1429.188754	36.819908	4.918294	7.486317	46
1430.220939	36.948761	4.919184	7.511156	47
1431.224720	37.424179	4.988310	7.502377	48
1432.256880	37.633457	5.013278	7.506757	49
1433.261089	37.219006	4.985969	7.464750	50
1434.292824	37.600067	4.995290	7.527104	51
1435.297306	36.844299	4.934203	7.467123	52
1436.328573	37.311043	4.988627	7.479221	53
1437.333584	37.337189	4.998498	7.469681	54
1438.364374	37.238274	4.973091	7.487954	55
1439.369342	37.270523	4.970638	7.498137	56
1440.400029	37.225010	4.947080	7.524642	57
1441.405981	37.150925	4.970976	7.473567	58
1442.436194	37.526112	4.991038	7.518699	59
1443.441809	37.229168	4.973220	7.485929	60
1444.471869	37.622543	4.989968	7.539636	61
1445.477766	36.553322	4.883993	7.484312	62
1446.508052	37.280125	4.977515	7.489706	63
1447.513719	37.316101	4.982268	7.489782	64
1448.553443	38.297775	4.977061	7.694858	65
1449.550105	37.284096	4.980267	7.486366	66
1450.579895	37.239082	4.942561	7.534370	67
1451.585565	36.931301	4.923365	7.501233	68
1452.615899	37.484035	4.978964	7.528481	69
1453.621890	37.075275	4.967340	7.463808	70
1454.651948	37.070915	4.933357	7.514339	71
1455.657655	36.987823	4.960215	7.456900	72
1456.688103	37.057899	4.936571	7.506811	73
1457.693373	37.543259	4.997733	7.512058	74
1458.724514	37.238792	4.988651	7.464702	75
1459.729665	37.406898	4.998347	7.483854	76
1460.760437	37.487011	4.992339	7.508908	77
1461.765017	37.069763	4.939187	7.505236	78
1462.796689	37.457233	4.986855	7.511195	79
1463.800931	37.087749	4.940586	7.506751	80
1464.832849	37.453758	4.980856	7.519543	81
1465.837036	37.041084	4.963521	7.462663	82
1466.868909	37.323799	4.995744	7.471119	83
1467.872883	37.308388	5.002608	7.457788	84
1468.905260	37.375610	4.997085	7.479483	85
1469.908711	37.412399	4.989845	7.497707	86
1470.941441	37.384239	4.996815	7.481615	87
1471.944452	37.398907	4.978859	7.511541	88
1472.977356	36.974247	4.926013	7.505918	89
1473.980132	37.250301	4.960296	7.509694	90
1475.013535	37.429401	4.977119	7.520295	91
1476.016125	37.293159	4.966698	7.508644	92
1477.049925	37.063343	4.959638	7.472994	93
1478.052018	37.353226	4.974493	7.508953	94
1479.085794	36.921146	4.948327	7.461340	95
1480.088354	37.174057	4.988867	7.451403	96
1481.121656	37.126541	4.983017	7.450614	97
1482.133759	38.312572	4.981978	7.690234	98
1483.157568	37.549026	4.996055	7.515737	99
1484.169822	38.247597	4.987221	7.669120	100
1485.193891	37.211388	4.988312	7.459716	101
1486.196155	37.352551	4.967884	7.518806	102
1487.229759	37.283943	4.976389	7.492168	103
1488.232236	36.725460	4.916622	7.469653	104
1489.265381	37.422153	4.974426	7.522909	105
1490.268250	37.471600	5.004699	7.487283	106
1491.301391	36.945850	4.932137	7.490840	107
1492.304835	36.752796	4.923292	7.465086	108
1493.337556	37.025360	4.940424	7.494369	109
1494.340601	37.124401	4.968133	7.472506	110
1495.372944	37.508339	4.996263	7.507279	111
1496.376817	37.396416	4.986933	7.498881	112
1497.409193	37.391205	4.984720	7.501164	113
1498.413049	37.444107	4.979094	7.520267	114
1499.444989	37.057537	4.927820	7.520068	115
1500.449653	37.181290	4.988150	7.453925	116
1501.480663	37.269470	4.960793	7.512805	117
1502.485261	37.296669	4.985896	7.480435	118
1503.516772	37.118011	4.960162	7.483225	119
1504.521568	37.167915	4.985066	7.455853	120
1505.552509	37.354908	4.991534	7.483653	121
1506.557694	37.288654	4.983181	7.482903	122
1507.588416	37.293430	4.983857	7.482846	123
1508.593753	37.567913	4.986742	7.533559	124
1509.634024	37.930092	4.974160	7.625427	125
1510.629919	36.970913	4.983717	7.418341	126
1511.660285	36.742931	4.919084	7.469466	127
1512.666099	36.812439	4.931748	7.464380	128
1513.695895	36.945843	4.925187	7.501410	129
1514.701958	36.954124	4.967663	7.438936	130
1515.731886	37.489048	4.969068	7.544483	131
1516.738752	37.301807	4.964423	7.513826	132
1517.768169	37.263916	4.974635	7.490784	133
1518.774041	37.692997	4.989473	7.554504	134
1519.804147	37.227566	4.988889	7.462096	135
1520.809611	37.350754	4.981978	7.497173	136
1521.840224	37.655884	4.986902	7.550958	137
1522.845614	37.223820	4.945522	7.526772	138
1523.876449	37.587204	4.984380	7.540999	139
1524.881619	37.387367	4.967009	7.527140	140
1525.912217	36.819714	4.978562	7.395652	141
1526.917438	37.291058	4.991409	7.471049	142
1527.948870	37.184589	4.975249	7.473915	143
1528.953192	37.344746	4.990073	7.483809	144
1529.984965	37.305496	4.979282	7.492144	145
1530.989169	37.337326	4.982876	7.493127	146
1532.020907	36.907936	4.940800	7.470033	147
1533.034734	38.118832	4.973548	7.664314	148
1534.057045	37.395741	4.979011	7.510677	149
1535.060570	36.993515	4.931015	7.502213	150
1536.093754	36.926853	4.937884	7.478275	151
1537.096639	36.887150	4.919444	7.498237	152
1538.128361	37.840534	4.981542	7.596150	153
1539.132466	37.354774	4.984869	7.493633	154
1540.165341	36.865124	4.993123	7.383180	155
1541.167110	37.752659	4.982935	7.576390	156
1542.201599	37.401134	4.987205	7.499418	157
1543.204452	37.178139	4.987835	7.453763	158
1544.237026	36.782528	4.907354	7.495390	159
1545.240153	37.369217	4.975375	7.510834	160
1546.273344	37.221996	4.981943	7.471382	161
1547.276570	37.315445	4.973345	7.503088	162
1548.309542	37.194405	4.919758	7.560210	163
1549.312320	36.962395	4.921799	7.509936	164
1550.345602	37.211105	4.963048	7.497632	165
1551.347997	37.286385	4.969985	7.502314	166
1552.381453	37.473297	4.994940	7.502252	167
1553.384321	37.164387	4.984281	7.456320	168
1554.427221	38.385750	4.977550	7.711776	169
1555.420080	37.327187	4.991852	7.477623	170
1556.453553	37.351162	4.989254	7.486323	171
1557.455499	36.957474	4.935197	7.488551	172
1558.490193	37.206242	4.989673	7.456650	173
1559.491492	36.965332	4.936639	7.487956	174
1560.525659	37.417828	4.980824	7.512377	175
1561.527868	36.915012	4.937735	7.476102	176
1562.561544	37.556805	4.968844	7.558459	177
1563.563947	37.041916	4.941030	7.496801	178
1564.597037	37.381752	4.960255	7.536256	179
1565.600322	37.145947	4.987275	7.448145	180
1566.632849	37.396309	4.988279	7.496836	181
1567.636166	37.178623	4.991221	7.448804	182
1568.668818	37.528461	5.002209	7.502378	183
1569.672146	37.290901	4.996196	7.463859	184
1570.715130	38.276962	4.978766	7.688042	185
1571.708279	37.280796	4.983939	7.480187	186
1572.740766	37.356628	4.972932	7.511993	187
1573.744136	37.449009	4.978995	7.521399	188
1574.776686	37.124340	4.937577	7.518737	189
1575.780174	37.298141	4.971905	7.501782	190
1576.813085	37.534878	5.002722	7.502891	191
1577.816459	37.099236	4.956614	7.484795	192
1578.848520	37.729523	5.002275	7.542472	193
1579.853542	37.019447	4.966722	7.453497	194
1580.885133	37.575150	4.989671	7.530588	195
1581.888486	37.184200	4.968110	7.484577	196
1582.920438	37.239460	4.984436	7.471149	197
1583.925599	36.977695	4.953129	7.465523	198
1584.955888	37.241436	4.963281	7.503392	199
1585.961051	37.391392	4.997519	7.481992	200
1586.991830	37.490635	4.971208	7.541554	201
1587.997174	37.095009	4.980471	7.448093	202
1589.028646	37.044510	4.953608	7.478289	203
1590.032487	37.002579	4.977837	7.433465	204
1591.064067	37.133442	4.974687	7.464478	205
1592.068967	37.065388	4.982031	7.439815	206
1593.100051	37.225407	4.986594	7.465097	207
1594.104816	36.747555	4.921830	7.466238	208
1595.136749	37.367115	4.990769	7.487246	209
1596.140434	37.199471	4.967669	7.488316	210
1597.181844	37.848351	4.978855	7.601819	211
1598.176219	37.367260	4.988483	7.490705	212
1599.208113	37.392990	4.980184	7.508356	213
1600.212379	37.454502	4.995825	7.497160	214
1601.244404	37.401691	4.983916	7.504478	215
1602.248550	37.139488	4.988164	7.445523	216
1603.281093	37.289928	4.975613	7.494540	217
1604.283958	37.255512	4.994822	7.458828	218
1605.317295	36.862465	4.985595	7.393795	219
1606.319736	37.179440	4.950701	7.509934	220
1607.352935	37.144890	4.963284	7.483935	221
1608.355697	37.403343	4.993982	7.489683	222
1609.388653	37.250740	4.961519	7.507930	223
1610.391420	37.585915	4.985598	7.538899	224
1611.424864	37.516380	4.989435	7.519164	225
1612.427726	37.187763	4.989839	7.452699	226
1613.460761	37.329357	4.984674	7.488827	227
1614.473231	37.985741	4.974985	7.635349	228
1615.496888	37.159306	4.978736	7.463602	229
1616.499690	36.778542	4.933626	7.454669	230
1617.532647	37.004753	4.969644	7.446158	231
1618.535532	37.155464	4.962226	7.487661	232
1619.568549	36.868919	4.922635	7.489672	233
1620.571507	37.199856	4.963023	7.495403	234
1621.604728	37.103138	4.953847	7.489762	235
1622.607840	37.415173	4.987226	7.502203	236
1623.640659	37.410461	4.985924	7.503215	237
1624.644092	37.131744	4.986526	7.446414	238
1625.676540	37.413391	4.989659	7.498186	239
1626.679960	37.033287	4.965238	7.458513	240
1627.712516	37.190426	4.984956	7.460532	241
1628.716246	37.033516	4.985668	7.427995	242
1629.748193	37.246300	4.975922	7.485306	243
1630.752038	37.182987	4.982489	7.462734	244
1631.784264	36.854633	4.933248	7.470663	245
1632.788241	37.293400	4.982839	7.484369	246
1633.819926	37.292007	4.999770	7.458745	247
1634.824340	37.196846	4.976216	7.474926	248
1635.865248	38.307175	4.982339	7.688593	249
1636.860330	36.903893	4.920600	7.499877	250
1637.901326	38.167107	4.978978	7.665652	251
1638.896123	37.174587	4.974648	7.472807	252
1639.927599	37.123665	4.926354	7.535728	253
1640.932322	37.188362	4.983612	7.462132	254
1641.963505	36.968361	4.927948	7.501776	255
1642.968620	37.087734	4.982545	7.443532	0
1643.999144	37.201092	4.965048	7.492596	1
1645.004525	37.265034	4.991384	7.465873	2
1646.035180	37.316746	4.985836	7.484551	3
1647.040226	37.197067	4.963151	7.494648	4
1648.071663	37.184391	4.990592	7.450898	5
1649.076247	37.344547	4.977253	7.503043	6
1650.107065	37.616840	4.998683	7.525351	7
1651.112139	37.393379	4.996943	7.483251	8
1652.143286	37.658825	4.981505	7.559728	9
1653.148803	36.825336	4.920502	7.484062	10
1654.179567	37.142941	4.929466	7.534882	11
1655.184536	37.049931	4.973649	7.449245	12
1656.215193	37.313931	4.976668	7.497774	13
1657.220510	37.003918	4.978394	7.432904	14
1658.252003	37.131866	4.989305	7.442294	15
1659.256077	37.086411	4.985857	7.438323	16
1660.288114	36.571854	4.929049	7.419656	17
1661.291806	37.065609	4.972539	7.454061	18
1662.323553	37.197033	4.982050	7.466210	19
1663.327652	37.029343	4.942597	7.491879	20
1664.359812	37.317108	4.984826	7.486141	21
1665.363813	36.961132	4.933881	7.491291	22
1666.396101	37.257835	4.989758	7.466862	23
1667.399275	37.285252	4.990659	7.471008	24
1668.432015	37.473320	4.986832	7.514454	25
1669.435467	37.407169	5.007902	7.469630	26
1670.467841	37.277584	4.985380	7.477381	27
1671.471022	37.087830	4.973288	7.457408	28
1672.503960	37.089863	4.968908	7.464389	29
1673.507271	37.352455	4.973960	7.509602	30
1674.540387	37.120983	4.981253	7.452137	31
1675.543310	36.854309	4.933252	7.470591	32
1676.576076	37.107552	4.944386	7.504988	33
1677.579068	37.278179	4.967374	7.504605	34
1678.612361	37.193977	4.964046	7.492674	35
1679.614986	37.561352	4.996407	7.517673	36
1680.647835	37.377983	4.984033	7.499546	37
1681.651023	37.299927	4.991873	7.472131	38
1682.684527	37.222679	4.986465	7.464743	39
1683.687043	37.257545	4.987278	7.470516	40
1684.720421	37.149368	4.981421	7.457584	41
1685.723119	37.183010	4.981506	7.464211	42
1686.756011	37.098358	4.971490	7.462222	43
1687.759666	36.922363	4.933789	7.483572	44
1688.791453	37.061008	4.946842	7.491853	45
1689.795534	37.356159	4.965626	7.522952	46
1690.827331	37.504848	4.994664	7.508983	47
1691.831674	36.855213	4.922069	7.487749	48
1692.863097	37.519920	4.982419	7.530463	49
1693.867765	36.794384	4.931685	7.460815	50
1694.899113	37.383324	4.983642	7.501205	51
1695.903707	37.249058	4.987832	7.467986	52
1696.935034	37.270306	4.971821	7.496309	53
1697.939543	37.194981	4.977329	7.472880	54
1698.971113	37.549992	4.995931	7.516116	55
1699.975382	37.581249	4.991723	7.528713	56
1701.007271	36.920265	4.931634	7.486416	57
1702.011643	37.215782	4.981212	7.471231	58
1703.043205	37.415623	4.990085	7.497993	59
1704.048246	37.273994	4.985400	7.476632	60
1705.080493	37.206646	4.966650	7.491296	61
1706.083010	36.493587	4.935865	7.393554	62
1707.115636	37.384567	4.968878	7.523744	63
1708.119736	36.750420	4.926034	7.460448	64
1709.150807	37.194462	4.973001	7.479278	65
1710.155891	36.980225	4.979365	7.426695	66
1711.186619	37.172138	4.971622	7.476864	67
1712.191667	37.046314	4.978694	7.440970	68
1713.222584	37.357250	4.969208	7.517748	69
1714.227888	37.449261	5.002952	7.485434	70
1715.258661	37.421177	5.002618	7.480318	71
1716.263632	37.368034	4.993080	7.483965	72
1717.294653	37.509777	4.987389	7.520926	73
1718.299591	37.322956	4.973015	7.505096	74
1719.331006	37.264801	4.980971	7.481434	75
1720.335651	37.323318	4.979181	7.495875	76
1721.367558	37.494919	4.993629	7.508552	77
1722.370852	37.273331	4.988887	7.471272	78
1723.403318	37.444561	4.991269	7.502012	79
1724.407099	37.187653	4.995512	7.444212	80
1725.439289	37.121140	4.970552	7.468212	81
1726.452745	37.953575	4.977993	7.624274	82
1727.475426	37.359688	4.984968	7.494470	83
1728.479030	37.124336	4.984926	7.447320	84
1729.511123	36.946430	4.945073	7.471363	85
1730.515228	37.179649	4.973264	7.475905	86
1731.547513	37.324871	4.994916	7.472573	87
1732.550853	36.932751	4.941787	7.473562	88
1733.583446	37.514565	5.005580	7.494549	89
1734.586561	37.233852	4.974684	7.484667	90
1735.619623	37.351063	4.982921	7.495817	91
1736.622722	37.472076	5.002452	7.490742	92
1737.655512	37.299362	4.976716	7.494775	93
1738.658623	37.204926	4.995007	7.448424	94
1739.691450	37.378227	5.000343	7.475133	95
1740.694224	37.208233	4.983871	7.465730	96
1741.727381	37.247623	4.977983	7.482473	97
1742.730547	37.171196	4.981173	7.462339	98
1743.763358	37.231628	4.976690	7.481203	99
1744.766516	37.283382	4.990994	7.470131	100
1745.799582	36.888992	4.925959	7.488693	101
1746.802246	37.470707	4.990248	7.508787	102
1747.835601	36.773983	4.916978	7.478981	103
1748.838250	37.494953	4.998693	7.500953	104
1749.871287	37.516571	4.992796	7.514141	105
1750.874585	37.141529	4.976178	7.463867	106
1751.907191	37.534016	4.998845	7.508538	107
1752.910587	37.213238	4.984826	7.465304	108
1753.943532	37.281231	4.991288	7.469261	109
1754.946586	37.244976	4.982487	7.475179	110
1755.979065	37.200325	4.977411	7.473831	111
1756.982392	37.204773	4.977324	7.474855	112
1758.015047	37.424244	5.011537	7.467620	113
1759.018806	37.249939	4.972287	7.491510	114
1760.051084	36.951828	4.936289	7.485751	115
1761.054995	37.130501	4.972395	7.467327	116
1762.086785	37.509743	4.993273	7.512055	117
1763.090722	37.033440	4.965878	7.457582	118
1764.122726	37.565060	5.000119	7.512834	119
1765.127023	36.978294	4.992813	7.406306	120
1766.158909	37.265060	4.983830	7.477193	121
1767.163019	37.149715	4.996932	7.434506	122
1768.194427	37.401619	4.984018	7.504312	123
1769.198814	37.440060	4.987606	7.506619	124
1770.230909	37.163227	4.979916	7.462622	125
1771.234535	37.416870	4.982106	7.510253	126
1772.266737	36.970570	4.945620	7.475418	127
1773.270892	37.350361	4.982749	7.495936	128
1774.302655	37.400360	4.975997	7.516154	129
1775.307072	37.136524	4.988984	7.443705	130
1776.338512	37.448498	4.988728	7.506623	131
1777.342962	36.549320	4.914630	7.436840	132
1778.384005	38.084084	4.978702	7.649402	133
1779.379023	36.874756	4.953964	7.443486	134
1780.410315	36.820396	4.928627	7.470722	135
1781.414805	37.399261	4.996140	7.485631	136
1782.446579	37.153969	4.981043	7.459075	137
1783.451152	37.430943	5.007544	7.474911	138
1784.482365	37.259277	4.974594	7.489914	139
1785.496574	38.157673	4.980673	7.661148	140
1786.518352	37.103672	4.939666	7.511373	141
1787.522923	37.013897	4.936146	7.498543	142
1788.554739	37.183289	4.948450	7.514129	143
1789.558808	36.916859	4.943987	7.467022	144
1790.590684	37.406139	4.992125	7.493030	145
1791.594614	36.866497	4.964706	7.425717	146
1792.626536	37.301476	4.989531	7.475949	147
1793.630625	37.043499	4.967615	7.457000	148
1794.672636	38.325111	4.992615	7.676361	149
1795.666536	37.335278	4.977358	7.501024	150
1796.698715	37.133862	4.976083	7.462468	151
1797.702794	37.452953	4.991282	7.503675	152
1798.734576	37.418724	4.983688	7.508240	153
1799.738410	37.387402	4.975060	7.514965	154
1800.771238	37.232189	4.972533	7.487570	155
1801.774075	36.656994	4.919511	7.451349	156
1802.806623	37.029293	4.956024	7.471572	157
1803.810036	36.850693	4.932439	7.471090	158
1804.842777	37.159836	4.973670	7.471312	159
1805.845836	37.202976	4.983622	7.465048	160
1806.879120	37.163799	4.992527	7.443885	161
1807.882591	37.349388	5.000323	7.469395	162
1808.915193	37.476112	5.004862	7.487940	163
1809.918358	37.178246	4.970481	7.479809	164
1810.950860	37.376907	4.984696	7.498332	165
1811.954148	37.206833	4.992517	7.452521	166
1812.996702	38.298843	4.973423	7.700701	167
1813.989960	37.198612	4.979378	7.470535	168
1815.023154	37.000252	4.978281	7.432334	169
1816.026297	37.103371	4.975626	7.457026	170
1817.058749	37.059830	4.967225	7.460873	171
1818.062303	37.107098	4.953033	7.491793	172
1819.094698	37.471859	4.995937	7.500467	173
1820.097924	37.384785	4.986770	7.496794	174
1821.130922	37.412544	4.996334	7.487999	175
1822.133920	37.410091	4.987915	7.500147	176
1823.166694	37.453655	4.989997	7.505747	177
1824.170631	37.210510	4.991299	7.455076	178
1825.212322	37.978058	4.976398	7.631636	179
1826.206331	37.307343	4.997653	7.464973	180
1827.238500	36.838943	4.932849	7.468086	181
1828.242277	37.381672	4.979829	7.506617	182
1829.274686	36.966846	4.949452	7.468876	183
1830.278400	37.251537	4.974993	7.487758	184
1831.310498	37.451874	5.006697	7.480357	185
1832.314591	37.209160	4.976897	7.476377	186
1833.356044	38.409508	4.992725	7.693095	187
1834.350435	36.671803	4.923721	7.447985	188
1835.382132	37.463924	4.983799	7.517142	189
1836.386303	37.053883	4.971966	7.452561	190
1837.418019	37.276756	4.975276	7.492399	191
1838.422586	37.197613	4.982025	7.466364	192
1839.454188	37.212517	4.983158	7.467659	193
1840.458506	37.262688	4.978494	7.484732	194
1841.489793	36.840107	4.924924	7.480340	195
1842.504343	37.913235	4.981887	7.610216	196
1843.526001	37.023830	4.935696	7.501238	197
1844.530613	37.229122	4.965775	7.497142	198
1845.562201	37.539597	4.997111	7.512260	199
1846.566701	37.107754	4.980253	7.450978	200
1847.598165	37.353935	4.988685	7.487731	201
1848.602437	37.119152	4.972546	7.464819	202
1849.633808	37.387142	4.986665	7.497424	203
1850.638353	37.016071	4.962277	7.459493	204
1851.670398	37.098915	4.981152	7.447860	205
1852.674547	37.292099	4.988805	7.475157	206
1853.706020	37.061302	4.970371	7.456446	207
1854.710582	37.313442	4.976075	7.498570	208
1855.742359	36.931686	4.935244	7.483255	209
1856.746377	37.387421	4.990959	7.491030	210
1857.778186	36.990833	4.924850	7.511058	211
1858.782161	36.960472	4.940765	7.480718	212
1859.814154	37.182964	4.958609	7.498668	213
1860.818212	37.068165	4.968312	7.460917	214
1861.850364	37.283627	4.982739	7.482556	215
1862.854030	36.798351	4.943464	7.443839	216
1863.886404	37.205471	4.977952	7.474051	217
1864.889812	37.234928	4.994232	7.455587	218
1865.922378	37.252392	4.986565	7.470552	219
1866.926032	37.281300	5.001991	7.453291	220
1867.958569	36.954910	4.974169	7.429364	221
1868.961696	37.355652	4.986522	7.491324	222
1869.994533	37.244015	4.980175	7.478456	223
1870.998038	37.214157	4.971983	7.484771	224
1872.030847	37.395813	5.000893	7.477827	225
1873.033993	37.025635	4.939542	7.495763	226
1874.066358	37.145195	4.945264	7.511267	227
1875.069856	36.842594	4.932831	7.468854	228
1876.102403	37.483170	4.990363	7.511112	229
1877.105678	37.182369	4.986183	7.457082	230
1878.138670	37.265694	4.996182	7.458835	231
1879.141697	37.197105	4.992133	7.451145	232
1880.174412	37.237514	4.989839	7.462670	233
1881.177700	37.143742	4.998266	7.431325	234
1882.210326	37.211670	4.983486	7.466997	235
1883.213561	37.284233	4.983677	7.481270	236
1884.246418	37.058701	4.982771	7.437369	237
1885.249685	37.197201	4.977537	7.473013	238
1886.282385	37.232727	4.984246	7.470082	239
1887.285732	37.302483	4.983768	7.484795	240
1888.318180	37.068851	4.939905	7.503962	241
1889.321637	37.365105	4.990077	7.487883	242
1890.354527	37.359264	4.970798	7.515747	243
1891.357508	37.277336	4.980710	7.484342	244
1892.390302	37.340916	4.973190	7.508444	245
1893.393893	37.233143	4.997622	7.450172	246
1894.425917	37.054539	4.953279	7.480809	247
1895.429750	37.242714	4.997212	7.452699	248
1896.461801	37.159100	4.969191	7.477897	249
1897.466348	37.126823	4.989323	7.441255	250
1898.497882	36.798286	4.933627	7.458669	251
1899.501921	37.424923	4.985883	7.506178	252
1900.533665	37.481895	5.003124	7.491698	253
1901.537951	37.325085	4.976478	7.500301	254
1902.570024	37.097569	4.951891	7.491597	255
1903.574252	37.387630	4.987712	7.495948	0
1904.605726	37.928284	4.993738	7.595169	1
1905.610221	36.823540	4.939837	7.454405	2
1906.641690	37.335529	4.993755	7.476444	3
1907.645764	37.057602	4.983457	7.436123	4
1908.677765	37.279610	4.990465	7.470168	5
1909.682102	37.091938	4.981256	7.446302	6
1910.723596	37.892086	4.975646	7.615510	7
1911.718098	37.268551	4.988861	7.470354	8
1912.749452	37.079487	4.952141	7.487567	9
1913.754002	37.454449	4.985286	7.512999	10
1914.785499	37.321899	4.976895	7.499033	11
1915.790208	37.260048	4.978729	7.483848	12
1916.821607	37.416458	4.977885	7.516538	13
1917.826283	37.123062	4.989459	7.440299	14
1918.857464	37.379932	4.979193	7.507227	15
1919.861957	36.773495	4.923804	7.468513	16
1920.893869	37.247837	4.995898	7.455684	17
1921.897806	36.972355	4.962030	7.451054	18
1922.929684	36.828400	4.926475	7.475610	19
1923.933776	37.278091	4.988703	7.472501	20
1924.965794	37.219597	4.976934	7.478418	21
1925.979408	38.073189	4.992846	7.625549	22
1927.002205	37.190327	4.971278	7.481040	23
1928.005915	37.256680	4.997053	7.455731	24
1929.038016	37.169807	4.952123	7.505832	25
1930.041335	37.195019	4.991172	7.452162	26
1931.073807	37.092258	4.951993	7.490371	27
1932.077083	37.036304	4.950861	7.480782	28
1933.109689	37.298725	4.986755	7.479558	29
1934.113675	37.127701	4.986797	7.445200	30
1935.145872	37.196106	4.996307	7.444720	31
1936.149349	37.306221	4.994058	7.470121	32
1937.181942	37.234436	4.983379	7.471725	33
1938.185272	37.470531	4.993779	7.503443	34
1939.218275	37.279396	4.980949	7.484397	35
1940.221511	37.338207	4.991528	7.480316	36
1941.253986	37.040939	4.945731	7.489478	37
1942.267115	37.920868	4.974182	7.623539	38
1943.289854	37.064281	4.949562	7.488396	39
1944.292912	37.015766	4.953001	7.473401	40
1945.326144	36.676945	4.916797	7.459520	41
1946.329418	36.714928	4.930567	7.446390	42
1947.362075	36.943855	4.964960	7.440918	43
1948.365225	37.253922	4.988955	7.467280	44
1949.397573	37.469158	4.997106	7.498172	45
1950.401187	37.289787	4.981580	7.485534	46
1951.443569	38.169342	4.992229	7.645751	47
1952.437307	37.449417	4.998194	7.492590	48
1953.479560	38.182781	4.977546	7.671005	49
1954.473240	37.209160	4.993140	7.452056	50
1955.505868	37.095387	4.967941	7.466954	51
1956.509021	37.103512	4.968296	7.468057	52
1957.541649	37.005222	4.951101	7.474140	53
1958.545474	37.040874	4.970034	7.452842	54
1959.577717	36.736301	4.935717	7.442952	55
1960.581354	36.848621	4.919621	7.490134	56
1961.613509	37.349918	4.987636	7.488502	57
1962.617435	36.941360	4.924633	7.501343	58
1963.649589	37.455151	4.994844	7.498763	59
1964.653640	37.087963	4.955875	7.483635	60
1965.685422	37.442051	4.988164	7.506179	61
1966.689426	37.316521	4.985815	7.484538	62
1967.721492	37.198715	4.965248	7.491814	63
1968.725815	37.084141	4.990174	7.431433	64
1969.757531	37.219059	4.979222	7.474874	65
1970.771305	37.998348	4.979178	7.631450	66
1971.793254	36.902702	4.946350	7.460593	67
1972.797501	37.276001	4.978951	7.486719	68
1973.829426	37.050758	4.959483	7.470690	69
1974.833535	37.123806	4.940008	7.514929	70
1975.865058	37.425121	5.005706	7.476491	71
1976.869661	37.017414	4.940970	7.491932	72
1977.901057	37.468224	4.987099	7.513030	73
1978.905531	37.357330	5.004403	7.464893	74
1979.937282	37.385960	4.988260	7.494790	75
1980.941706	37.026840	4.982131	7.431929	76
1981.973207	36.829578	4.927342	7.474533	77
1982.977116	37.151615	4.996269	7.435871	78
1984.009220	37.161270	4.979644	7.462636	79
1985.013196	36.913704	4.934582	7.480614	80
1986.045485	36.762257	4.921560	7.469636	81
1987.049340	37.297218	4.969827	7.504733	82
1988.081491	36.969627	4.936778	7.488615	83
1989.085671	37.294827	4.970423	7.503351	84
1990.117088	37.292809	4.986842	7.478242	85
1991.121150	37.183182	4.947802	7.515091	86
1992.153402	37.504791	4.992570	7.512121	87
1993.157456	37.076103	4.972205	7.456673	88
1994.199346	37.961102	4.994128	7.601147	89
1995.193319	37.258518	4.989141	7.467923	90
1996.225636	37.187557	4.988617	7.454482	91
1997.239100	37.950218	4.991776	7.602548	92
1998.261182	37.040691	4.966347	7.458338	93
1999.265162	36.863613	4.947618	7.450780	94
2000.297175	36.657597	4.915281	7.457885	95
2001.300969	37.165199	4.967612	7.481503	96
2002.333530	37.063202	4.938546	7.504882	97
2003.337015	36.955097	4.926624	7.501101	98
2004.369424	37.209255	4.971941	7.483850	99
2005.373084	36.907791	4.928123	7.489220	100
2006.405507	37.547817	5.007981	7.497597	101
2007.408869	37.232391	4.995634	7.452987	102
2008.441319	36.953785	4.925034	7.503256	103
2009.444658	37.334042	4.988425	7.484135	104
2010.477642	37.377464	4.980780	7.504341	105
2011.490540	37.908939	4.975316	7.619403	106
2012.513856	37.160294	4.977518	7.465627	107
2013.516853	36.796471	4.914911	7.486701	108
2014.549500	37.232952	4.984666	7.469498	109
2015.552514	37.150410	4.940609	7.519399	110
2016.585628	37.518242	4.986762	7.523569	111
2017.588497	37.098331	4.943567	7.504365	112
2018.622037	37.121517	4.943907	7.508539	113
2019.625222	37.151989	4.963553	7.484958	114
2020.657679	37.337166	4.990800	7.481198	115
2021.661066	37.156090	4.991487	7.443892	116
2022.693583	37.492683	4.995172	7.505785	117
2023.696854	37.361008	5.003830	7.466482	118
2024.729788	37.011486	4.979635	7.432571	119
2025.733273	37.164944	5.000546	7.432178	120
2026.765582	37.162098	4.977636	7.465813	121
2027.769482	37.332150	4.991313	7.479424	122
2028.801458	36.750431	4.929624	7.455018	123
2029.805258	37.229397	4.968796	7.492640	124
2030.837201	37.298134	4.976674	7.494591	125
2031.841095	37.150093	4.939048	7.521711	126
2032.873501	37.393433	4.976479	7.514035	127
2033.877441	36.989151	4.943666	7.482130	128
2034.909595	37.267906	4.985825	7.474773	129
2035.913442	37.273636	5.005359	7.446747	130
2036.945096	37.448521	4.997857	7.492917	131
2037.949310	37.135860	4.990337	7.441554	132
2038.981591	37.413067	4.996784	7.487430	133
2039.985114	37.377411	4.990868	7.489161	134
2041.017554	36.737774	4.911249	7.480333	135
2042.021298	37.122311	4.984960	7.446863	136
2043.053065	36.917133	4.942554	7.469243	137
2044.057292	37.206020	4.967862	7.489343	138
2045.088999	37.048843	4.944174	7.493435	139
2046.093300	36.934616	4.930778	7.490628	140
2047.124976	37.361645	4.975639	7.508914	141
2048.129370	37.408249	4.979735	7.512096	142
2049.160375	37.198620	4.983835	7.463855	143
2050.165475	36.847004	4.939405	7.459806	144
2051.196504	37.375118	4.970242	7.519780	145
2052.201393	37.339409	4.996855	7.472582	146
2053.233289	37.274353	4.987878	7.472988	147
2054.238189	37.068554	5.003224	7.408935	148
2055.269257	37.191826	4.971452	7.481079	149
2056.273058	37.201851	4.983092	7.465616	150
2057.304833	36.657906	4.937563	7.424291	151
2058.309061	36.976727	4.962223	7.451647	152
2059.341099	36.926628	4.940154	7.474794	153
2060.345234	37.199486	4.968296	7.487374	154
2061.377390	37.157032	4.961327	7.489334	155
2062.381388	37.159218	4.952672	7.502862	156
2063.413231	37.700569	4.999095	7.541479	157
2064.417143	37.180546	4.961663	7.493566	158
2065.449088	37.476768	4.982123	7.522249	159
2066.452972	37.377182	4.986596	7.495531	160
2067.485421	37.382706	4.983775	7.500882	161
2068.489063	37.374378	4.992709	7.485792	162
2069.521241	36.995514	4.970546	7.442948	163
2070.524992	37.293308	4.991114	7.471941	164
2071.557190	37.291649	4.992456	7.469601	165
2072.560702	37.101009	4.970013	7.464974	166
2073.593179	36.861942	4.934448	7.470327	167
2074.596776	36.979210	4.947198	7.474779	168
2075.629470	36.896286	4.945076	7.461217	169
2076.632761	37.403507	4.991555	7.493357	170
2077.665540	37.156612	4.970666	7.475178	171
2078.668990	37.157887	4.963803	7.485769	172
2079.701241	37.468407	5.002231	7.490339	173
2080.704996	37.275291	4.982306	7.481534	174
2081.737112	37.266014	4.978472	7.485433	175
2082.740756	37.552364	4.998588	7.512595	176
2083.773184	36.877419	4.916341	7.500988	177
2084.776663	37.439583	4.990689	7.501887	178
2085.809309	37.154995	4.970722	7.474768	179
2086.812748	37.034531	4.964445	7.459955	180
2087.845015	36.919888	4.940145	7.473443	181
2088.848574	37.199219	4.982701	7.465674	182
2089.880624	37.461250	4.991454	7.505078	183
2090.885003	36.788277	4.926484	7.467452	184
2091.917544	36.939808	4.982133	7.414456	185
2092.921204	36.715034	4.933411	7.442121	186
2093.953357	37.344505	4.990067	7.483768	187
2094.957150	37.361828	5.001297	7.470428	188
2095.988839	37.463116	4.981427	7.520560	189
2096.992768	37.426361	4.993448	7.495093	190
2098.024927	37.501251	4.985816	7.521588	191
2099.038431	38.365498	4.986138	7.694431	192
2100.060966	37.333702	4.969634	7.512366	193
2101.064960	37.218079	4.967971	7.491606	194
2102.097140	36.839115	4.928320	7.474985	195
2103.101194	37.101398	4.967033	7.469530	196
2104.132928	37.295612	4.984291	7.482631	197
2105.137094	37.336742	4.976922	7.501975	198
2106.168712	37.350880	4.990128	7.484954	199
2107.172862	37.470844	4.986923	7.513821	200
2108.204953	37.295403	4.990168	7.473777	201
2109.209208	37.280392	4.968015	7.504081	202
2110.240959	37.375717	4.984832	7.497890	203
2111.245140	37.303482	4.990963	7.474206	204
2112.276482	37.548691	4.981016	7.538360	205
2113.281337	37.172859	4.997105	7.438879	206
2114.312768	36.884811	4.930593	7.480806	207
2115.316858	37.256336	4.972585	7.492348	208
2116.348803	36.752117	4.924628	7.462923	209
2117.353560	37.054817	4.976687	7.445681	210
2118.384680	37.381294	4.988647	7.493272	211
2119.388872	37.081474	4.949153	7.492489	212
2120.420780	37.415852	4.987661	7.501683	213
2121.424653	37.678955	5.009279	7.521832	214
2122.456959	37.526257	4.993416	7.515148	215
2123.460981	37.208096	4.977108	7.475847	216
2124.492940	37.434521	4.996397	7.492302	217
2125.496733	37.233246	4.980999	7.475058	218
2126.528699	37.245461	4.973910	7.488165	219
2127.532614	37.377659	5.004356	7.469025	220
2128.565068	36.718266	4.931063	7.446319	221
2129.568780	37.222477	4.970942	7.488013	222
2130.601126	37.022797	4.963421	7.459130	223
2131.604818	37.227577	4.978252	7.478043	224
2132.637085	37.379539	4.989628	7.491448	225
2133.640326	37.010006	4.927253	7.511287	226
2134.673007	37.192413	4.969303	7.484434	227
2135.676602	37.203190	4.971727	7.482951	228
2136.709186	37.160183	4.974710	7.469819	229
2137.712646	37.197041	4.996987	7.443893	230
2138.745040	37.433617	4.999732	7.487124	231
2139.748628	37.161400	5.000142	7.432070	232
2140.790910	38.128246	4.991024	7.639362	233
2141.784369	37.519703	5.002337	7.500436	234
2142.817376	37.133926	4.962223	7.483325	235
2143.820503	37.289082	4.976413	7.493165	236
2144.852902	37.104496	4.941689	7.508464	237
2145.856483	37.079487	4.959114	7.477040	238
2146.889190	37.023262	4.932988	7.505241	239
2147.892235	37.211658	4.969201	7.488460	240
2148.925510	37.168037	4.970131	7.478281	241
2149.928460	37.090874	4.965386	7.469888	242
2150.961254	37.247311	4.991105	7.462739	243
2151.964895	36.951916	4.987451	7.408979	244
2152.997008	37.339470	5.001232	7.466055	245
2154.000240	37.480785	5.005319	7.488191	246
2155.033446	37.213722	4.991653	7.455189	247
2156.036637	37.334332	4.982908	7.492478	248
2157.069184	36.784378	4.921402	7.474370	249
2158.072892	37.284382	4.987119	7.476136	250
2159.104902	36.980003	4.927559	7.504731	251
2160.108816	37.022537	4.945565	7.486008	252
2161.140831	36.961922	4.949864	7.467260	253
2162.144606	37.129501	4.967579	7.474366	254
2163.177027	37.058399	4.974739	7.449315	255
2164.180813	37.031021	4.963344	7.460902	0
2165.213125	37.387547	4.989232	7.493648	1
2166.216529	37.177494	4.984747	7.458251	2
2167.258653	38.100887	4.998272	7.622812	3
2168.252736	37.316792	4.985487	7.485084	4
2169.284679	37.299786	4.981231	7.488066	5
2170.288770	37.463139	4.991107	7.505979	6
2171.320695	36.930168	4.948804	7.462443	7
2172.324898	37.148922	4.989124	7.445982	8
2173.356564	36.964027	4.928163	7.500571	9
2174.370831	38.057804	5.009176	7.597618	10
2175.392652	37.143391	4.975566	7.465159	11
2176.396944	37.070477	4.977797	7.447166	12
2177.428566	37.356049	4.989612	7.486765	13
2178.432986	36.612621	4.926383	7.431949	14
2179.474166	38.236431	4.975698	7.684637	15
2180.468835	37.285458	4.963865	7.511376	16
2181.500747	37.288040	4.985704	7.478992	17
2182.505137	37.421585	4.999887	7.484488	18
2183.546341	38.027966	4.984013	7.629990	19
2184.540729	37.606731	5.003925	7.515447	20
2185.572657	36.938656	4.920463	7.507150	21
2186.576683	37.198139	4.988877	7.456216	22
2187.608868	37.482292	4.999304	7.497502	23
2188.612913	37.017551	4.967604	7.451792	24
2189.644035	37.509743	4.993131	7.512270	25
2190.648439	36.984280	4.960416	7.455884	26
2191.680658	37.177574	4.982323	7.461897	27
2192.684415	37.030071	4.952356	7.477264	28
2193.716958	37.114426	4.989634	7.438308	29
2194.720754	36.992813	4.949034	7.474755	30
2195.752903	37.359741	5.005756	7.463356	31
2196.756425	37.469364	4.988467	7.511199	32
2197.798374	37.925545	4.967696	7.634434	33
2198.792874	37.196686	5.001451	7.437179	34
2199.824797	37.064617	4.948755	7.489686	35
2200.828370	37.185574	4.985941	7.458086	36
2201.860842	37.119705	4.964344	7.477263	37
2202.864598	36.983456	4.968438	7.443678	38
2203.897232	36.795029	4.926969	7.468086	39
2204.899845	37.252815	4.972361	7.491977	40
2205.933216	37.020554	4.956657	7.468855	41
2206.936114	37.555565	5.012028	7.493088	42
2207.969433	37.003311	4.975361	7.437311	43
2208.972789	36.866192	4.938728	7.464714	44
2210.013664	38.314468	4.966427	7.714695	45
2211.008762	37.274086	4.984458	7.478063	46
2212.050422	38.102894	4.986553	7.641129	47
2213.044092	37.464928	4.985507	7.514767	48
2214.086636	38.182682	4.979745	7.667598	49
2215.080090	37.267689	4.976057	7.489403	50
2216.112884	37.112514	4.946416	7.502911	51
2217.116561	37.124611	4.967693	7.473209	52
2218.149149	37.239929	4.997028	7.452415	53
2219.152649	37.248669	5.007148	7.439099	54
2220.185055	36.969360	4.944448	7.476945	55
2221.188443	36.899273	4.961829	7.436628	56
2222.221017	37.233749	4.993083	7.457066	57
2223.224831	37.256439	4.993502	7.460984	58
2224.257299	37.165726	4.985687	7.454484	59
2225.260421	37.343204	4.980423	7.497999	60
2226.292226	37.262451	4.974503	7.490689	61
2227.296474	37.488617	5.006869	7.487437	62
2228.328776	36.996861	4.931940	7.501482	63
2229.332638	37.444126	4.984610	7.511947	64
2230.364402	37.090046	4.924005	7.532497	65
2231.369510	37.201492	4.993590	7.449849	66
2232.400987	36.885094	4.935170	7.473927	67
2233.404326	36.920738	4.942435	7.470152	68
2234.436039	37.398991	4.986989	7.499313	69
2235.441056	36.673458	4.945926	7.414884	70
2236.472250	37.349766	4.992313	7.481455	71
2237.476805	36.699696	4.928714	7.446101	72
2238.508942	37.171192	4.983363	7.459058	73
2239.512815	37.141186	4.965693	7.479558	74
2240.553977	38.148067	4.966991	7.680317	75
2241.548541	37.340809	4.981961	7.495203	76
2242.580275	37.206570	4.975090	7.478573	77
2243.585244	37.338314	4.984140	7.491426	78
2244.616285	37.277588	4.963068	7.510998	79
2245.620951	37.164444	4.980188	7.462459	80
2246.652603	37.033207	4.950024	7.481420	81
2247.656910	37.131519	4.979229	7.457283	82
2248.688372	37.255154	4.975479	7.487752	83
2249.693088	37.106823	4.992523	7.432480	84
2250.724773	37.177250	4.979622	7.465878	85
2251.728193	37.187721	4.982591	7.463531	86
2252.760595	37.167763	4.982696	7.459369	87
2253.764734	37.194466	4.984683	7.461752	88
2254.806259	37.994934	4.991267	7.612283	89
2255.800637	37.467709	4.987540	7.512263	90
2256.832483	37.154694	4.968632	7.477853	91
2257.835768	37.302956	4.967013	7.510138	92
2258.868824	37.169254	4.973503	7.473456	93
2259.871669	37.423233	4.972156	7.526562	94
2260.905422	37.294315	4.982671	7.484804	95
2261.908133	36.750862	4.932101	7.451361	96
2262.942575	37.534058	4.984553	7.530075	97
2263.944730	37.884674	4.975777	7.613822	98
2264.976181	37.698563	4.993667	7.549275	99
2265.980589	37.095070	4.934958	7.516795	100
2267.022098	38.572075	4.993870	7.723884	101
2268.016872	37.189564	4.951383	7.510945	102
2269.047919	37.498028	4.971031	7.543311	103
2270.052829	37.663948	4.999803	7.533087	104
2271.084146	37.458153	4.978627	7.523792	105
2272.088515	37.557152	4.979823	7.541865	106
2273.120632	37.432640	4.990262	7.501137	107
2274.124814	36.821434	4.879894	7.545540	108
2275.156079	37.373386	4.937715	7.568965	109
2276.160197	37.272488	4.936453	7.550460	110
2277.192461	37.360703	4.951831	7.544827	111
2278.196572	37.331261	4.962862	7.522123	112
2279.228392	37.525284	4.988842	7.521842	113
2280.232802	37.119293	4.943326	7.508971	114
2281.264373	37.632862	5.004107	7.520395	115
2282.268662	37.435188	4.987827	7.505311	116
2283.299512	37.788567	4.987840	7.576138	117
2284.304874	37.700626	5.000783	7.538945	118
2285.336433	37.341434	4.972108	7.510182	119
2286.340248	37.792030	4.980064	7.588665	120
2287.372192	37.550022	4.990861	7.523756	121
2288.376931	37.643394	4.991746	7.541129	122
2289.408318	37.496323	4.951918	7.572081	123
2290.412912	37.665703	4.990859	7.546938	124
2291.444445	37.824272	5.009233	7.550911	125
2292.448653	37.634518	4.981572	7.554748	126
2293.480384	37.501556	4.989478	7.516128	127
2294.484973	36.919586	4.955596	7.450081	128
2295.515223	37.215878	4.982767	7.468919	129
2296.521549	37.113918	4.978436	7.454937	130
2297.552194	37.368073	4.977776	7.506982	131
2298.557185	37.129078	4.929437	7.532115	132
2299.588025	37.431828	4.976960	7.521023	133
2300.592936	37.723991	5.002965	7.540328	134
2301.624377	37.433441	4.974674	7.524803	135
2302.628774	37.815639	4.991898	7.575403	136
2303.660066	37.394360	4.942105	7.566485	137
2304.665359	37.676762	5.005533	7.527022	138
2305.696360	37.772892	5.005867	7.545724	139
2306.700358	37.748119	4.970853	7.593892	140
2307.732297	37.817707	4.998095	7.566424	141
2308.736553	37.598911	4.979576	7.550626	142
2309.768618	37.754185	4.994240	7.559546	143
2310.772855	37.193073	4.924859	7.552110	144
2311.814141	38.489185	4.979256	7.729908	145
2312.808979	37.197716	4.952084	7.511528	146
2313.840324	37.623886	4.970635	7.569231	147
2314.844826	37.543171	4.978685	7.540781	148
2315.876317	37.625793	4.978956	7.556965	149
2316.880979	37.470394	4.977944	7.527283	150
2317.912210	37.129791	4.922249	7.543258	151
2318.926581	38.208187	4.972339	7.684149	152
2319.948322	37.429905	4.951787	7.558868	153
2320.952455	37.678123	4.968221	7.583827	154
2321.984450	37.724087	4.985208	7.567204	155
2322.988760	37.578232	4.952104	7.588336	156
2324.020569	37.614765	4.970176	7.568096	157
2325.024717	37.179966	4.924031	7.550718	158
2326.056111	37.523746	4.944857	7.588440	159
2327.060893	37.348770	4.967330	7.518883	160
2328.092414	37.765141	4.987300	7.572262	161
2329.096777	37.707001	5.002857	7.537094	162
2330.128345	37.814972	4.974725	7.601419	163
2331.142415	38.565380	4.984405	7.737210	164
2332.164721	37.515980	4.976941	7.537960	165
2333.168705	37.480392	4.995023	7.503548	166
2334.200027	37.464695	4.958138	7.556203	167
2335.204932	37.531353	4.980258	7.536026	168
2336.236772	37.558239	4.979087	7.543199	169
2337.240175	37.292328	4.924271	7.573167	170
2338.272715	37.641426	4.979836	7.558769	171
2339.276508	37.764870	4.998350	7.555467	172
2340.308906	37.705124	4.988179	7.558895	173
2341.312881	37.429325	4.944310	7.570182	174
2342.344742	37.654034	4.983038	7.556441	175
2343.348114	37.913895	5.001435	7.580603	176
2344.380621	37.815475	4.984425	7.586729	177
2345.384587	37.910038	4.993938	7.591211	178
2346.416767	37.776134	4.978553	7.587774	179
2347.420340	37.584991	4.981643	7.544698	180
2348.452320	37.404930	4.925323	7.594412	181
2349.456909	37.568024	4.997428	7.517472	182
2350.488677	37.734688	4.985062	7.569553	183
2351.492701	37.337029	4.978370	7.499850	184
2352.525062	37.088551	4.950097	7.492491	185
2353.528663	37.209969	4.936553	7.537643	186
2354.559988	37.545433	4.985680	7.530654	187
2355.565231	37.386513	4.991340	7.490277	188
2356.596449	37.512218	4.982562	7.528701	189
2357.601189	37.246925	4.955741	7.515915	190
2358.632828	37.579365	4.991778	7.528252	191
2359.636976	37.709976	4.991742	7.554472	192
2360.668824	37.506748	4.979030	7.532944	193
2361.672862	37.682735	4.995401	7.543486	194
2362.704622	37.075947	4.924545	7.528807	195
2363.709169	37.705780	4.988329	7.558801	196
2364.740274	37.498772	4.946328	7.581133	197
2365.744581	37.432652	4.929366	7.593807	198
2366.776279	37.817612	4.986568	7.583895	199
2367.780924	37.692860	4.984891	7.561421	200
2368.812640	37.882450	4.969711	7.622667	201
2369.816643	37.313049	4.936802	7.558142	202
2370.848667	37.827526	4.984286	7.589357	203
2371.852802	37.681217	4.968382	7.584203	204
2372.884239	37.702259	4.969177	7.587224	205
2373.888762	37.524445	4.989447	7.520763	206
2374.920444	37.563137	4.963709	7.567555	207
2375.924760	37.547039	4.994318	7.517951	208
2376.956752	37.345070	4.965865	7.520356	209
2377.961107	37.758759	4.993793	7.561139	210
2378.991869	37.586552	4.966419	7.568140	211
2379.996816	37.563614	4.971974	7.555070	212
2381.028452	37.743504	4.980536	7.578200	213
2382.032637	37.751610	4.962646	7.607153	214
2383.064560	37.716629	4.970119	7.588679	215
2384.068991	37.453392	4.939739	7.582060	216
2385.100537	37.855049	4.986960	7.590807	217
2386.104939	37.551697	4.961272	7.568965	218
2387.146192	38.791958	4.989593	7.774575	219
2388.141247	37.465683	4.982497	7.519460	220
2389.172463	37.700302	4.977562	7.574050	221
2390.176722	36.937572	4.895994	7.544449	222
2391.208621	37.444515	4.965202	7.541389	223
2392.213019	37.532143	4.990141	7.521258	224
2393.244803	37.720467	4.991090	7.557561	225
2394.248186	37.546574	4.973585	7.549197	226
2395.280955	37.074459	4.931203	7.518339	227
2396.285032	37.268959	4.938773	7.546199	228
2397.316686	37.712685	4.998074	7.545444	229
2398.320566	37.358391	4.933469	7.572438	230
2399.352529	37.758915	4.988881	7.568614	231
2400.356665	37.738770	4.976982	7.582663	232
2401.388751	37.732349	4.982533	7.572925	233
2402.392643	37.903790	4.986762	7.600883	234
2403.424663	37.611610	4.963183	7.578123	235
2404.438589	38.469582	4.976287	7.730579	236
2405.460705	37.653900	4.972738	7.572066	237
2406.464763	37.599701	4.984335	7.543574	238
2407.496329	37.831703	4.990166	7.581251	239
2408.500967	37.537323	4.993229	7.517645	240
2409.532538	37.491924	4.950214	7.573799	241
2410.536946	37.067364	4.923945	7.527981	242
2411.569209	37.271030	4.954145	7.523202	243
2412.571831	37.790058	4.981894	7.585482	244
2413.604948	37.564415	4.989094	7.529306	245
2414.609070	37.628971	4.986213	7.546604	246
2415.641023	37.795441	5.000577	7.558217	247
2416.644552	37.658936	4.976588	7.567220	248
2417.677241	37.822258	4.996774	7.569336	249
2418.690305	38.427734	4.976594	7.721694	250
2419.713244	37.790359	4.994579	7.566275	251
2420.716715	37.259117	4.940468	7.541617	252
2421.749002	37.725773	4.982968	7.570945	253
2422.752662	37.506897	4.969930	7.546766	254
2423.784683	37.810745	4.980809	7.591286	255
2424.788381	37.381035	4.972742	7.517189	0
2425.821128	37.158981	4.936616	7.527217	1
2426.824517	37.688404	5.000140	7.537470	2
2427.857147	37.540951	4.976398	7.543800	3
2428.860781	37.291382	4.941617	7.546392	4
2429.902570	38.803055	4.989186	7.777433	5
2430.896496	37.903728	4.983717	7.605514	6
2431.928711	37.681171	4.989263	7.552454	7
2432.932877	37.684654	4.963268	7.592710	8
2433.965245	37.706696	4.988672	7.558464	9
2434.968897	37.824806	4.990643	7.579145	10
2436.001035	37.418793	4.952844	7.555012	11
2437.004772	37.909084	4.998255	7.584464	12
2438.036720	37.448296	4.932703	7.591842	13
2439.040742	37.647503	4.972460	7.571203	14
2440.072967	37.476849	4.957902	7.559013	15
2441.076841	37.515446	4.970681	7.547345	16
2442.108951	37.550533	4.978075	7.543184	17
2443.112937	37.109104	4.926735	7.532189	18
2444.144847	37.701187	4.995934	7.546376	19
2445.149059	37.294411	4.958044	7.522001	20
2446.180901	37.562462	4.984822	7.535366	21
2447.184855	37.579472	4.991528	7.528652	22
2448.216907	37.525471	4.984641	7.528220	23
2449.221170	37.897087	4.979986	7.609878	24
2450.252840	37.989468	4.971773	7.641031	25
2451.256901	37.832439	4.992309	7.578145	26
2452.288710	37.710617	4.982204	7.569063	27
2453.292749	37.782562	4.974419	7.595372	28
2454.325111	37.197166	4.919720	7.560831	29
2455.329272	37.701714	4.972682	7.581767	30
2456.360843	37.680840	4.976785	7.571322	31
2457.364997	37.766460	4.987259	7.572589	32
2458.397005	37.662109	4.980816	7.561434	33
2459.400709	37.595665	4.975763	7.555759	34
2460.432719	37.942322	4.992140	7.600413	35
2461.436616	37.631027	4.988855	7.543019	36
2462.469348	37.575573	4.985127	7.537536	37
2463.472997	37.614136	4.989519	7.538630	38
2464.504488	37.714615	4.973876	7.582541	39
2465.509240	37.672073	4.996416	7.539820	40
2466.540947	37.583588	4.972120	7.558866	41
2467.544767	37.454815	4.968304	7.538753	42
2468.577011	37.148941	4.920624	7.549640	43
2469.580788	37.605480	4.979079	7.552699	44
2470.613366	37.507393	4.977054	7.536064	45
2471.616941	37.589371	4.961409	7.576351	46
2472.649009	37.592834	4.988303	7.536198	47
2473.653023	37.374542	4.942453	7.561942	48
2474.684777	37.962982	4.995873	7.598870	49
2475.697916	38.522217	4.975696	7.742077	50
2476.721137	37.989590	5.004510	7.591071	51
2477.724624	37.990494	4.993221	7.608415	52
2478.756932	37.740753	4.975544	7.585251	53
2479.760954	37.676281	4.983390	7.560372	54
2480.792817	37.840763	4.992728	7.579176	55
2481.796653	37.555172	4.983418	7.536026	56
2482.828923	37.127388	4.922651	7.542154	57
2483.832459	37.487572	4.957609	7.561624	58
2484.865382	37.162952	4.928994	7.539664	59
2485.868564	37.023682	4.915069	7.532688	60
2486.901099	37.602703	4.998302	7.523095	61
2487.904775	37.374577	4.951261	7.548497	62
2488.937005	37.860722	5.020550	7.541151	63
2489.940565	37.793293	4.979606	7.589616	64
2490.973257	37.760544	4.997997	7.555135	65
2491.977180	37.791367	4.989532	7.574131	66
2493.008993	37.573586	4.962843	7.570981	67
2494.013011	37.667110	4.988915	7.550161	68
2495.045034	37.362637	4.918118	7.596939	69
2496.048196	37.776180	4.973514	7.595472	70
2497.081103	37.438808	4.938940	7.580333	71
2498.085256	37.179607	4.939255	7.527372	72
2499.116923	37.493046	4.949875	7.574545	73
2500.121365	37.419186	4.980510	7.513124	74
2501.153233	37.419083	4.964316	7.537611	75
2502.156623	37.391083	4.959014	7.540023	76
2503.189016	37.726215	4.994417	7.553678	77
2504.193213	37.536480	4.967630	7.556215	78
2505.224808	37.615990	4.980206	7.553099	79
2506.229150	37.739567	4.988028	7.566030	80
2507.260870	37.584751	4.970341	7.561806	81
2508.264989	37.828278	5.006106	7.556428	82
2509.296728	37.708099	4.967821	7.590472	83
2510.301165	37.728172	4.993834	7.554950	84
2511.333179	37.720375	4.975762	7.580823	85
2512.336980	37.677620	4.977282	7.569920	86
2513.369060	37.314400	4.929848	7.569077	87
2514.372881	37.193619	4.926019	7.550442	88
2515.404881	37.707752	4.980756	7.570689	89
2516.409007	37.497646	4.972905	7.540392	90
2517.441039	37.660030	4.979723	7.562675	91
2518.444688	37.637623	4.984104	7.551532	92
2519.477267	37.617348	4.992357	7.534988	93
2520.480980	37.757690	4.990984	7.565179	94
2521.512768	37.560898	4.975298	7.549476	95
2522.516692	37.868759	4.992504	7.585124	96
2523.548969	37.619301	4.974532	7.562381	97
2524.562408	38.650383	4.993505	7.740132	98
2525.585005	37.768944	4.988255	7.571576	99
2526.588613	37.733757	4.966059	7.598331	100
2527.620990	37.695465	4.965757	7.591082	101
2528.624961	37.564537	4.972739	7.554095	102
2529.656790	37.740173	4.962772	7.604656	103
2530.661007	37.108452	4.924127	7.536047	104
2531.692937	37.712044	4.988341	7.560037	105
2532.696950	37.680229	4.995494	7.542844	106
2533.729390	37.574879	4.983239	7.540253	107
2534.733059	37.547348	4.982540	7.535786	108
2535.764946	37.498085	4.987298	7.518719	109
2536.778502	38.516613	4.973799	7.743903	110
2537.801470	37.615631	4.992421	7.534548	111
2538.804675	37.369236	4.933356	7.574811	112
2539.836642	37.510086	4.940499	7.592369	113
2540.841519	37.602951	4.982555	7.546922	114
2541.873279	37.450527	4.946284	7.571447	115
2542.876743	37.778214	4.975626	7.592655	116
2543.908853	38.056702	5.001839	7.608543	117
2544.912885	37.255909	4.931614	7.554506	118
2545.945160	37.719669	4.993928	7.553106	119
2546.949109	37.029881	4.916801	7.531296	120
2547.980821	37.811180	4.982920	7.588158	121
2548.985033	37.322346	4.973311	7.504528	122
2550.016960	37.502956	4.980605	7.529799	123
2551.021336	37.577480	4.994747	7.523400	124
2552.052769	37.187679	4.977171	7.471650	125
2553.056993	37.679829	4.988678	7.553069	126
2554.088867	37.103359	4.933190	7.521171	127
2555.093338	37.699429	4.992208	7.551655	128
2556.125197	37.463802	4.958605	7.555312	129
2557.138961	38.507221	4.976299	7.738124	130
2558.160929	37.718063	4.981474	7.571667	131
2559.165250	37.459476	4.979636	7.522534	132
2560.206370	38.238400	4.970209	7.693520	133
2561.201652	37.226044	4.971956	7.487203	134
2562.232413	37.021862	4.933268	7.504532	135
2563.236991	37.407471	4.976065	7.517480	136
2564.268514	37.350414	4.950821	7.544288	137
2565.273066	37.117180	4.983463	7.448071	138
2566.304465	35.717220	4.964389	7.194686	139
2567.305715	38.978016	4.997124	7.800089	140
2568.341879	38.921204	4.990895	7.798441	141
2569.345455	37.592655	4.981913	7.545827	142
2570.377128	37.166279	4.935009	7.531148	143
2571.380715	37.495930	4.980192	7.529014	144
2572.411808	37.502529	4.990205	7.515228	145
2573.427447	38.209805	4.989697	7.657741	146
2574.449911	36.818878	4.926039	7.474339	147
2575.452776	37.096016	4.972517	7.460210	148
2576.484942	37.383297	4.994576	7.484780	149
2577.488679	37.047577	4.964043	7.463187	150
2578.521916	37.347866	4.991804	7.481839	151
2579.525193	37.535770	4.987637	7.525764	152
2580.556726	37.505119	4.975923	7.537320	153
2581.560924	37.565826	4.999505	7.513910	154
2582.592715	37.328243	4.970257	7.510324	155
2583.596906	37.410240	4.985938	7.503150	156
2584.629318	36.924866	4.938176	7.477431	157
2585.632748	37.162476	4.972628	7.473408	158
2586.665434	37.071186	4.963609	7.468595	159
2587.668776	37.074390	4.968007	7.462629	160
2588.701155	37.407032	5.002946	7.477001	161
2589.704794	37.063446	4.947804	7.490888	162
2590.737308	37.182152	4.987242	7.455454	163
2591.740664	37.457634	4.997572	7.495166	164
2592.773086	37.398342	4.993057	7.490069	165
2593.776957	37.447327	4.990311	7.504007	166
2594.818813	38.103058	4.984035	7.645022	167
2595.812777	37.477642	4.996613	7.500611	168
2596.845349	37.422447	4.981427	7.512395	169
2597.849182	37.219662	4.986333	7.464335	170
2598.881638	37.276207	4.991190	7.468400	171
2599.884938	37.069553	4.973387	7.453583	172
2600.917283	36.945168	4.941528	7.476466	173
2601.920745	37.247147	4.984629	7.472402	174
2602.953448	37.202034	4.981404	7.468182	175
2603.957055	36.995987	4.940019	7.489038	176
2604.989725	36.960121	4.948899	7.468352	177
2605.993144	36.992760	4.950023	7.473251	178
2607.025286	37.323742	4.976547	7.499928	179
2608.028891	37.125774	4.972062	7.466877	180
2609.060993	37.559757	4.985471	7.533843	181
2610.064260	37.340813	4.969587	7.513866	182
2611.096851	37.090958	4.943247	7.503359	183
2612.101123	37.136658	4.992158	7.438999	184
2613.133361	37.131191	4.971772	7.468402	185
2614.136820	36.931850	4.940897	7.474726	186
2615.169141	36.792805	4.934883	7.455660	187
2616.172852	37.311947	4.975986	7.498403	188
2617.205337	37.391232	4.987018	7.497714	189
2618.208736	36.951324	4.922146	7.507158	190
2619.241424	37.214790	4.970368	7.487332	191
2620.244580	37.546318	4.998239	7.511910	192
2621.277522	37.374996	4.984950	7.497567	193
2622.280928	37.239948	4.981727	7.475308	194
2623.323182	37.967487	4.986067	7.614717	195
2624.316830	37.273975	4.981621	7.482298	196
2625.349290	37.169811	4.968973	7.480381	197
2626.362622	37.944481	4.968869	7.636442	198
2627.385025	37.348392	4.980805	7.498466	199
2628.388825	37.068478	4.969773	7.458787	200
2629.421213	37.023289	4.969208	7.450541	201
2630.425056	37.222347	4.977017	7.478847	202
2631.457058	37.210957	4.959632	7.502766	203
2632.460686	36.841095	4.917324	7.492103	204
2633.493172	37.177216	4.968049	7.483263	205
2634.496865	36.915539	4.936774	7.477665	206
2635.529393	37.529716	4.992884	7.516642	207
2636.532733	37.422966	5.005478	7.476402	208
2637.565415	37.441963	4.999040	7.489831	209
2638.568983	37.103748	4.972118	7.462364	210
2639.601253	37.165325	4.972640	7.473964	211
2640.605070	37.243301	4.993465	7.458409	212
2641.637386	37.084064	4.966436	7.466938	213
2642.640794	37.136211	4.972099	7.468920	214
2643.673232	36.959148	4.929171	7.498046	215
2644.676952	37.255146	4.968862	7.497723	216
2645.709482	37.226082	4.982220	7.471786	217
2646.713040	37.378033	4.981910	7.502752	218
2647.745285	37.516308	5.002110	7.500096	219
2648.748745	36.977257	4.941008	7.483748	220
2649.781254	37.366871	4.989865	7.488554	221
2650.785088	37.164299	4.992523	7.443991	222
2651.817373	37.258247	4.986721	7.471493	223
2652.820591	37.105377	4.985141	7.443195	224
2653.863418	38.052116	4.985587	7.632424	225
2654.856950	37.326561	5.001701	7.462774	226
2655.889535	37.183857	4.974840	7.474383	227
2656.892638	37.275093	4.977317	7.488993	228
2657.925270	37.026348	4.941117	7.493517	229
2658.928693	37.421177	4.976287	7.519900	230
2659.961501	37.299152	4.976100	7.495660	231
2660.965000	37.276794	4.978021	7.488276	232
2661.997553	36.962368	4.937004	7.486801	233
2663.000982	37.050892	4.963331	7.464925	234
2664.033245	37.455315	5.000473	7.490355	235
2665.036859	37.259418	4.997307	7.455899	236
2666.069529	37.303871	4.992090	7.472596	237
2667.072971	37.330860	4.989078	7.482518	238
2668.114961	38.044537	4.975708	7.646056	239
2669.108921	37.611847	5.006848	7.512081	240
2670.141548	37.213783	4.971305	7.485718	241
2671.154420	38.050880	4.970801	7.654880	242
2672.177238	37.413956	4.982948	7.508398	243
2673.180476	37.327637	4.969365	7.511551	244
2674.213430	37.072197	4.939639	7.505043	245
2675.216563	37.014713	4.955810	7.468954	246
2676.249359	37.118389	4.950044	7.498599	247
2677.252878	37.022045	4.935836	7.500664	248
2678.285055	37.199532	4.984889	7.462460	249
2679.289000	37.169655	4.961522	7.491584	250
2680.320997	37.508068	4.992977	7.512165	251
2681.324748	37.584049	4.994337	7.525334	252
2682.357237	37.502220	4.982424	7.526903	253
2683.360762	37.616470	4.995402	7.530219	254
2684.393571	37.500458	4.994470	7.508397	255
2685.397044	37.262264	4.984551	7.475551	0
2686.429444	36.811962	4.915660	7.488713	1
2687.432871	37.143085	4.968281	7.476044	2
2688.465463	37.044689	4.968604	7.455754	3
2689.468713	37.099552	4.987615	7.438336	4
2690.501121	37.098213	4.959225	7.480647	5
2691.506077	37.587376	4.975288	7.554814	6
2692.537212	37.372921	4.989952	7.489636	7
2693.540810	37.489735	4.985371	7.519948	8
2694.573221	37.569008	4.994119	7.522649	9
2695.577034	37.377155	4.968060	7.523491	10
2696.609422	37.494804	4.991848	7.511208	11
2697.613202	37.479870	4.993559	7.505643	12
2698.644890	37.439968	4.976704	7.523045	13
2699.649177	37.425404	5.001420	7.482956	14
2700.680980	37.496849	4.975796	7.535850	15
2701.685063	37.361320	4.987876	7.490427	16
2702.717438	37.212669	4.975778	7.478765	17
2703.721120	37.234531	4.977440	7.480659	18
2704.753083	37.287281	4.989937	7.472496	19
2705.757126	37.462627	4.987171	7.511800	20
2706.789041	37.346462	4.977574	7.502945	21
2707.793011	37.220776	4.954694	7.512225	22
2708.825130	37.430408	4.975875	7.522378	23
2709.829027	37.698250	5.008515	7.526832	24
2710.861409	37.505558	4.991390	7.514050	25
2711.865165	37.331642	4.993620	7.475868	26
2712.896656	37.623295	4.986092	7.545649	27
2713.900814	37.461533	4.985039	7.514792	28
2714.933186	36.962891	4.927713	7.501024	29
2715.936913	37.269619	4.982502	7.480102	30
2716.969332	37.186161	4.979281	7.468179	31
2717.982950	38.251480	4.978603	7.683177	32
2719.005210	36.811161	4.929504	7.467518	33
2720.008976	37.314232	4.968545	7.510092	34
2721.041385	37.333042	4.971616	7.509237	35
2722.044716	37.266968	4.953308	7.523653	36
2723.077321	37.380428	4.988637	7.493114	37
2724.081211	37.218632	4.933021	7.544796	38
2725.113792	37.336403	4.993863	7.476458	39
2726.116506	37.463642	4.993399	7.502634	40
2727.148877	36.775024	4.904583	7.498094	41
2728.153094	37.421669	4.991808	7.496616	42
2729.185135	37.525120	4.972885	7.545946	43
2730.198501	38.122967	4.977724	7.658715	44
2731.220889	36.933914	4.948208	7.464099	45
2732.225362	37.857010	4.986001	7.592660	46
2733.257236	38.084328	4.992917	7.627671	47
2734.260909	37.185772	4.975184	7.474250	48
2735.293158	37.323830	4.971406	7.507701	49
2736.296934	36.894234	4.927924	7.486771	50
2737.329282	37.388718	4.982196	7.504466	51
2738.333040	37.573051	5.005906	7.505745	52
2739.365211	37.521706	5.002220	7.501012	53
2740.369300	37.395760	4.987624	7.497711	54
2741.401234	37.491955	4.984189	7.522178	55
2742.405344	37.213165	4.981742	7.469911	56
2743.437243	37.165623	4.976561	7.468134	57
2744.441144	37.324833	5.000764	7.463826	58
2745.473290	36.913784	4.946156	7.463127	59
2746.477120	37.009811	4.964404	7.455037	60
2747.509315	36.712975	4.932327	7.443338	61
2748.513086	37.163891	4.974495	7.470888	62
2749.545296	37.127651	4.961930	7.482502	63
2750.548777	37.542515	4.996964	7.513065	64
2751.581646	37.233582	4.979491	7.477387	65
2752.585264	37.103710	4.931595	7.523674	66
2753.617333	37.392017	4.978576	7.510584	67
2754.621254	37.130051	4.962080	7.482759	68
2755.653023	37.393337	4.983184	7.503905	69
2756.666092	38.119724	4.976670	7.659686	70
2757.689111	37.480293	4.987906	7.514234	71
2758.693022	37.535709	5.010313	7.491689	72
2759.725491	37.075798	4.967895	7.463081	73
2760.729082	37.415215	4.995303	7.490079	74
2761.760673	37.318169	4.979458	7.494425	75
2762.764853	37.565845	4.987160	7.532513	76
2763.797545	37.314587	4.989849	7.478101	77
2764.801332	37.334461	4.974962	7.504472	78
2765.833269	37.453949	4.975053	7.528352	79
2766.837215	37.120735	4.948007	7.502160	80
2767.869150	37.435856	4.986801	7.506989	81
2768.873453	36.986267	4.957043	7.461357	82
2769.905249	37.225235	4.976459	7.480266	83
2770.909088	37.274330	4.978555	7.486978	84
2771.941461	37.221436	4.986319	7.464712	85
2772.945369	37.453861	5.001892	7.487939	86
2773.976944	37.216877	4.973720	7.482706	87
2774.990810	38.258114	4.976077	7.688409	88
2776.013126	36.939274	4.926522	7.498043	89
2777.016889	37.375854	4.955917	7.541663	90
2778.049244	36.899097	4.924501	7.492962	91
2779.052601	37.098621	4.912252	7.552264	92
2780.085381	37.483913	4.979396	7.527804	93
2781.089536	36.853107	4.946764	7.449944	94
2782.121300	37.365112	4.978896	7.504699	95
2783.125149	37.121277	4.976813	7.458845	96
2784.157284	37.085083	4.990169	7.431629	97
2785.160993	37.330791	5.000936	7.464761	98
2786.193408	37.036732	4.978356	7.439551	99
2787.197125	37.508541	5.006794	7.491529	100
2788.228529	37.207485	4.934457	7.540340	101
2789.233244	37.560307	5.000759	7.510922	102
2790.265240	37.150768	4.956665	7.495114	103
2791.268736	37.393074	4.964764	7.531693	104
2792.301070	36.867878	4.944718	7.456011	105
2793.304148	37.652794	5.003131	7.525846	106
2794.337753	37.377708	4.944226	7.559870	107
2795.340510	37.724377	4.966482	7.595795	108
2796.373295	37.132858	4.990494	7.440719	109
2797.376870	37.287132	4.980304	7.486918	110
2798.409994	37.058655	4.964411	7.464864	111
2799.413270	37.522018	4.978979	7.536087	112
2800.445664	37.046207	4.992415	7.420499	113
2801.448967	37.409142	4.997522	7.485538	114
2802.491420	38.026333	4.993195	7.615633	115
2803.484590	37.328186	4.990439	7.479941	116
2804.517642	37.095242	4.971945	7.460912	117
2805.520746	36.979359	4.964927	7.448118	118
2806.553360	37.049984	4.947005	7.489377	119
2807.555886	37.420998	4.974085	7.523193	120
2808.589163	37.340050	4.982929	7.493596	121
2809.592783	36.922501	4.924497	7.497721	122
2810.625452	37.435417	4.981400	7.515039	123
2811.628461	37.439953	5.003297	7.483057	124
2812.661537	37.447182	4.984875	7.512161	125
2813.664527	37.399494	5.001581	7.477534	126
2814.697729	37.271641	4.997588	7.457926	127
2815.700476	37.216419	4.997850	7.446486	128
2816.732971	37.184502	4.984849	7.459505	129
2817.736694	37.205242	4.988409	7.458339	130
2818.769300	37.099468	4.977353	7.453654	131
2819.771908	37.397663	4.978127	7.512396	132
2820.805761	37.323105	4.988904	7.481225	133
2821.808624	37.305012	4.963576	7.515753	134
2822.841395	37.017811	4.929746	7.509071	135
2823.845091	36.754478	4.929486	7.456048	136
2824.877179	37.445980	4.979231	7.520435	137
2825.880301	37.318138	4.989615	7.479162	138
2826.913715	37.272224	4.993863	7.463606	139
2827.915937	37.238018	4.975187	7.484748	140
2828.949407	37.121380	4.989137	7.440442	141
2829.962263	37.880806	4.971306	7.619891	142
2830.994916	38.170650	4.985297	7.656646	143
2831.988370	37.322113	4.975532	7.501131	144
2833.021314	36.877487	4.923068	7.490754	145
2834.024857	37.241089	4.977773	7.481476	146
2835.057621	37.342644	4.979654	7.499044	147
2836.060880	36.769028	4.932528	7.454400	148
2837.093480	36.950657	4.933373	7.489937	149
2838.096249	37.425514	4.981891	7.512312	150
2839.129209	37.321194	4.987888	7.482364	151
2840.132373	37.227215	4.996127	7.451215	152
2841.165791	37.065083	5.001382	7.410968	153
2842.168645	37.259888	5.006600	7.442155	154
2843.200860	37.263756	4.983488	7.477446	155
2844.204506	37.354515	4.982848	7.496619	156
2845.246923	38.337105	4.970341	7.713175	157
2846.240418	37.417152	4.975272	7.520626	158
2847.273542	37.235981	4.978856	7.478824	159
2848.276738	37.107792	4.968219	7.469032	160
2849.309284	36.975616	4.931286	7.498169	161
2850.312457	36.842064	4.952582	7.438961	162
2851.345153	37.266525	4.974409	7.491649	163
2852.348410	36.716984	4.948452	7.419893	164
2853.381410	37.108002	4.973989	7.460412	165
2854.384339	37.132637	4.984617	7.449447	166
2855.417281	37.145824	4.988741	7.445931	167
2856.420331	37.400795	4.993695	7.489604	168
2857.453700	37.192932	4.989295	7.454546	169
2858.456494	37.307159	4.986836	7.481127	170
2859.488816	36.902683	4.924965	7.492984	171
2860.492855	37.352760	4.987266	7.489627	172
2861.525445	37.486912	4.988411	7.514800	173
2862.528516	37.120792	4.959977	7.484066	174
2863.561404	36.952286	4.938373	7.482684	175
2864.564655	37.336266	5.000422	7.466622	176
2865.597223	36.777695	4.920625	7.474192	177
2866.600317	36.713516	4.924587	7.455147	178
2867.633485	37.124462	4.984608	7.447821	179
2868.636124	37.452251	4.999118	7.491772	180
2869.669237	37.293053	4.990444	7.472893	181
2870.672655	37.237637	4.980222	7.477105	182
2871.705399	37.447987	4.994187	7.498316	183
2872.708571	37.387566	4.988840	7.494241	184
2873.751280	38.241669	4.985540	7.670517	185
2874.744369	37.314850	4.984332	7.486429	186
2875.777247	37.339054	4.964802	7.520753	187
2876.790504	37.930370	4.979084	7.617941	188
2877.813695	37.106636	4.969675	7.466613	189
2878.816067	37.362049	4.994276	7.480974	190
2879.849697	37.111801	4.970274	7.466751	191
2880.852190	36.961098	4.948685	7.468872	192
2881.885426	36.611542	4.926264	7.431908	193
2882.888282	37.202148	4.969977	7.485377	194
2883.921653	37.173210	4.971230	7.477668	195
2884.924267	37.492290	4.982170	7.525293	196
2885.957515	37.455063	4.987781	7.509365	197
2886.960393	37.612690	4.991796	7.534902	198
2887.993456	37.503685	4.992744	7.511637	199
2888.996533	37.449001	4.998180	7.492527	200
2890.029231	37.273262	4.970366	7.499098	201
2891.032268	37.095467	4.974913	7.456505	202
2892.065604	37.028584	4.971977	7.447457	203
2893.068519	37.043701	4.974706	7.446411	204
2894.101620	37.079151	4.973456	7.455410	205
2895.104525	37.471104	4.920199	7.615770	206
2896.137218	36.848469	4.951675	7.441617	207
2897.140688	37.380501	4.985780	7.497424	208
2898.173343	37.411243	4.993751	7.491612	209
2899.176929	37.260509	4.965259	7.504243	210
2900.209284	37.427288	5.001829	7.482721	211
2901.212806	37.414959	4.987862	7.501203	212
2902.245397	37.379513	4.977260	7.510058	213
2903.248434	37.333153	4.998387	7.469040	214
2904.281144	37.099606	4.975713	7.456139	215
2905.284684	37.295261	4.993268	7.469109	216
2906.317407	37.058029	4.973682	7.450825	217
2907.320778	36.738960	4.936895	7.441714	218
2908.353056	36.848171	4.937677	7.462654	219
2909.356645	36.657280	4.947140	7.409793	220
2910.389638	37.262634	4.992377	7.463906	221
2911.392587	37.002518	4.941415	7.488243	222
2912.425619	37.111343	4.953945	7.491271	223
2913.428539	37.409161	4.997902	7.484972	224
2914.461272	37.454395	4.986706	7.510849	225
2915.464826	37.215736	4.987391	7.461965	226
2916.506970	37.881310	4.932025	7.680681	227
2917.498664	36.946392	4.915412	7.516438	228
2918.533387	37.453079	4.988676	7.507619	229
2919.535942	36.919041	4.931273	7.486716	230
2920.569342	37.407566	4.980187	7.511277	231
2921.573294	37.384041	4.995731	7.483197	232
2922.605472	36.990631	4.950125	7.472667	233
2923.608259	37.174934	4.935839	7.531635	234
2924.641516	36.954132	4.937323	7.484650	235
2925.644957	37.031841	4.932218	7.508153	236
2926.677510	37.288109	4.954424	7.526225	237
2927.679995	37.644749	4.987579	7.547700	238
2928.713503	38.020294	5.016198	7.579505	239
2929.716517	37.385029	4.993070	7.487383	240
2930.749444	37.784420	5.002648	7.552884	241
2931.752401	37.199371	4.983824	7.464022	242
2932.785808	37.392963	5.005007	7.471111	243
2933.788799	36.965546	4.975884	7.428941	244
2934.831328	38.365936	4.969413	7.720416	245
2935.823607	36.947315	4.925878	7.500656	246
2936.857498	37.314888	4.979798	7.493253	247
2937.860081	36.997753	4.922909	7.515424	248
2938.894095	37.235722	4.971056	7.490506	249
2939.896545	37.230812	4.955965	7.512324	250
2940.929289	37.735081	5.010952	7.530521	251
2941.932568	37.268108	4.975394	7.490484	252
2942.965569	37.564281	4.974860	7.550823	253
2943.968016	37.287392	4.976658	7.492455	254
2945.001913	37.260319	4.989939	7.467090	255
2946.004075	37.509892	4.988210	7.519710	0
2947.037826	36.988724	4.984447	7.420827	1
2948.050433	38.222672	4.961022	7.704597	2
2949.083119	38.850292	4.974824	7.809380	3
2950.075796	37.397217	4.963356	7.534664	4
2951.109920	37.358334	4.971836	7.513991	5
2952.112123	37.139263	4.923474	7.543305	6
2953.145474	37.336056	4.961916	7.524524	7
2954.148254	36.927177	4.919197	7.506750	8
2955.181908	37.053841	4.952129	7.482407	9
2956.184157	37.369247	4.994003	7.482825	10
2957.217603	37.096134	4.945752	7.500606	11
2958.220410	37.340660	4.994947	7.475687	12
2959.253749	37.303699	5.002341	7.457249	13
2960.256476	37.453655	4.991177	7.503973	14
2961.299136	38.344475	4.982460	7.695893	15
2962.292253	37.433472	4.978714	7.518702	16
2963.325766	37.607620	4.991108	7.534925	17
2964.328513	37.368290	4.981233	7.501816	18
2965.361668	37.302925	4.982185	7.487263	19
2966.364752	36.800613	4.932769	7.460437	20
2967.397412	37.091908	4.925156	7.531114	21
2968.400304	36.793507	4.926797	7.468038	22
2969.433638	36.877007	4.924954	7.487788	23
2970.436392	37.522499	5.006532	7.494710	24
2971.469336	37.261627	4.982709	7.478187	25
2972.472250	37.552788	4.986249	7.531270	26
2973.505398	37.517590	4.982086	7.530499	27
2974.508721	37.511665	4.987231	7.521542	28
2975.540896	37.673859	4.987725	7.553316	29
2976.544872	37.399361	4.997311	7.483898	30
2977.577983	37.340488	4.996317	7.473603	31
2978.580855	37.267616	4.997711	7.456938	32
2979.612794	37.006481	4.937791	7.494542	33
2980.616909	37.090595	4.979669	7.448407	34
2981.649502	37.482304	4.967353	7.545730	35
2982.652647	37.232914	4.986087	7.467362	36
2983.685441	36.841873	4.933952	7.467010	37
2984.688653	36.792873	4.927055	7.467519	38
2985.721450	37.416164	4.979697	7.513744	39
2986.723758	37.710579	4.995396	7.549067	40
2987.757558	37.660557	4.965727	7.584097	41
2988.760671	37.567467	4.988710	7.530497	42
2989.802709	38.251091	4.976148	7.686888	43
2990.796432	37.336182	4.997036	7.471666	44
2991.829558	37.484303	4.992023	7.508840	45
2992.842273	38.057693	4.990815	7.625547	46
2993.865451	37.252434	4.978300	7.482963	47
2994.868603	36.983643	4.967501	7.445120	48
2995.901611	36.985367	4.938066	7.489850	49
2996.904579	36.847889	4.938533	7.461303	50
2997.937641	36.948521	4.939879	7.479640	51
2998.939953	37.602833	4.990354	7.535104	52
2999.973862	36.933495	4.937004	7.480953	53
3000.976805	37.124924	4.960996	7.483361	54
3002.009222	37.623562	4.994440	7.533089	55
3003.012462	37.380875	4.986504	7.496409	56
3004.046279	37.226902	4.978090	7.478151	57
3005.057749	38.075233	4.975091	7.653174	58
3006.081319	37.232319	4.986561	7.466532	59
3007.084541	37.207329	4.986477	7.461647	60
3008.117343	37.201004	4.971739	7.482493	61
3009.119592	36.865791	4.923471	7.487764	62
3010.153596	37.086849	4.970418	7.461515	63
3011.156220	36.935974	4.935278	7.484071	64
3012.189844	37.172012	4.982701	7.460213	65
3013.191916	37.522007	5.004021	7.498371	66
3014.225171	37.290619	4.957498	7.522065	67
3015.228167	37.459949	4.996199	7.497690	68
3016.261581	37.497337	4.984342	7.523027	69
3017.264393	37.498466	4.994912	7.507332	70
3018.297668	37.446201	4.991563	7.501899	71
3019.310328	38.218479	4.991863	7.656156	72
3020.333901	37.369251	5.004365	7.467330	73
3021.336301	37.156555	4.975731	7.467557	74
3022.368890	37.349731	4.968678	7.517037	75
3023.372163	37.064014	4.957240	7.476746	76
3024.405907	37.030827	4.976645	7.440922	77
3025.408283	36.978420	4.932736	7.496533	78
3026.441933	37.098003	4.958613	7.481528	79
3027.444336	36.900745	4.919813	7.500438	80
3028.477774	36.791317	4.912956	7.488632	81
3029.480082	37.370056	4.990112	7.488822	82
3030.513604	37.399319	4.972340	7.521473	83
3031.516110	37.341171	4.984052	7.492132	84
3032.549555	37.267124	4.990934	7.466965	85
3033.552580	37.007328	4.980933	7.429798	86
3034.585501	37.200344	4.984303	7.463500	87
3035.598094	38.082787	4.988969	7.633399	88
3036.621382	37.429722	4.994052	7.494860	89
3037.624131	37.380333	4.981264	7.504188	90
3038.667509	38.101158	4.986327	7.641127	91
3039.660505	37.348606	4.980284	7.499293	92
3040.693437	37.314804	4.961472	7.520914	93
3041.696218	37.841892	5.001820	7.565625	94
3042.728818	37.524914	4.998776	7.506820	95
3043.732433	37.045547	4.941486	7.496843	96
3044.765261	37.393574	4.966486	7.529181	97
3045.768604	37.069172	4.981885	7.440793	98
3046.801387	37.515106	4.992530	7.514248	99
3047.804191	37.302551	4.995358	7.467444	100
3048.837703	37.349033	4.986810	7.489564	101
3049.850138	38.117115	4.986907	7.643439	102
3050.873834	37.213409	4.996452	7.447967	103
3051.876444	37.381672	4.968042	7.524427	104
3052.909460	37.374191	4.980301	7.504404	105
3053.912280	37.210857	4.951827	7.514572	106
3054.945517	37.075577	4.929828	7.520663	107
3055.949115	37.194130	4.977822	7.471969	108
3056.981634	37.284950	4.955208	7.524397	109
3057.983621	37.572437	4.990652	7.528564	110
3059.017106	37.417339	4.973013	7.524078	111
3060.020501	37.046452	4.960044	7.468976	112
3061.053338	37.538254	4.992008	7.519671	113
3062.056364	37.347481	5.002776	7.465352	114
3063.099117	38.475758	4.985328	7.717799	115
3064.092482	37.394466	4.994958	7.486444	116
3065.125834	37.341408	4.995483	7.475034	117
3066.138063	38.312843	4.975358	7.700520	118
3067.161651	37.277645	4.975513	7.492222	119
3068.163533	37.237476	4.938285	7.540568	120
3069.197631	37.212440	4.967014	7.491914	121
3070.200035	36.938496	4.923132	7.503047	122
3071.233600	37.033901	4.941048	7.495152	123
3072.236499	36.958508	4.941372	7.479402	124
3073.269826	37.247421	4.973006	7.489922	125
3074.271702	37.485008	5.004438	7.490354	126
3075.305758	37.193691	4.981328	7.466621	127
3076.307991	37.020161	4.950086	7.478691	128
3077.341821	37.301056	5.005511	7.451998	129
3078.344747	37.523895	4.999987	7.504799	130
3079.377672	37.615376	4.995258	7.530216	131
3080.380314	37.522079	4.988957	7.521027	132
3081.412977	37.304363	4.963217	7.516166	133
3082.416685	37.011463	4.906837	7.542836	134
3083.449361	38.368362	4.991416	7.686869	135
3084.452729	37.695877	4.983571	7.564030	136
3085.485300	37.539146	4.983594	7.532545	137
3086.489399	37.670422	4.987924	7.552326	138
3087.520910	37.744514	4.987228	7.568235	139
3088.524734	37.510258	4.976510	7.537464	140
3089.557074	37.696064	4.991824	7.551561	141
3090.560988	37.664307	4.965019	7.585934	142
3091.602948	38.687954	4.986558	7.758450	143
3092.597001	37.841595	4.991321	7.581480	144
3093.629072	37.753460	4.976406	7.586491	145
3094.642705	38.640919	4.995424	7.735263	146
3095.665148	37.678997	4.972857	7.576931	147
3096.668969	37.813160	4.988436	7.580164	148
3097.701233	37.437031	4.960032	7.547741	149
3098.705183	37.272129	4.931305	7.558270	150
3099.737088	37.271732	4.940068	7.544782	151
3100.740931	37.790340	4.973878	7.597763	152
3101.773204	37.652943	4.974449	7.569269	153
3102.777237	37.291531	4.924562	7.572559	154
3103.809160	37.611881	4.985362	7.544464	155
3104.813324	37.615707	4.992459	7.534505	156
3105.844754	37.761200	4.986716	7.572359	157
3106.849388	37.411259	4.965159	7.534756	158
3107.881146	37.545361	4.978669	7.541245	159
3108.885367	37.508739	4.989878	7.516965	160
3109.916489	37.261166	4.924114	7.567080	161
3110.921316	37.740601	4.984903	7.570980	162
3111.953032	37.257591	4.921986	7.569626	163
