time (s)	theta (A)	maj axis/z0	min axis/z0	crossing#mod 255
5531.112960	48.146858	1.106694	0.001996	199
5533.189120	48.095863	1.107974	0.001921	201
5535.265792	48.099510	1.108090	0.001800	203
5537.341952	48.094460	1.107575	0.001779	205
5539.418112	48.071468	1.107346	0.001896	207
5541.494272	48.062935	1.108278	0.002036	209
5543.570432	48.071087	1.107222	0.001944	211
5545.647104	48.063709	1.108415	0.002143	213
5547.723776	48.063992	1.107809	0.001501	215
5549.799936	48.036568	1.106974	0.001989	217
5551.876608	48.053127	1.108057	0.002190	219
5553.952768	47.985291	1.107984	0.001959	221
5556.029440	48.016258	1.107119	0.001966	223
5558.105600	47.972584	1.107899	0.001858	225
5560.181760	47.995350	1.107100	0.002088	227
5562.258432	47.971333	1.107367	0.002217	229
5564.334080	47.978123	1.106992	0.001987	231
5566.411264	47.969002	1.108188	0.001981	233
5568.487424	47.950123	1.108338	0.002110	235
5570.564096	47.963982	1.109069	0.002113	237
5572.640256	47.923115	1.109606	0.002026	239
5574.716416	47.926811	1.109855	0.002209	241
5576.793088	47.922813	1.110054	0.002569	243
5578.869760	47.889675	1.110162	0.002295	245
5580.945408	47.892975	1.110096	0.002236	247
5583.022080	47.819016	1.110375	0.002320	249
5585.098240	47.810669	1.109902	0.001763	251
5587.174400	47.813255	1.110455	0.001845	253
5589.251072	47.813873	1.108915	0.001754	255
5591.327744	47.771629	1.109426	0.002269	1
5593.403904	47.794308	1.110194	0.002318	3
5595.480064	47.799007	1.109938	0.002199	5
5597.556224	47.773037	1.110180	0.002192	7
5599.632896	47.759560	1.110319	0.002062	9
5601.709056	47.753765	1.110227	0.002258	11
5603.785216	47.711815	1.110171	0.001679	13
5605.861888	47.757149	1.108980	0.002010	15
5607.938048	47.717026	1.109481	0.002000	17
5610.014720	47.732212	1.109420	0.002048	19
5612.090880	47.699535	1.108989	0.002007	21
5614.167040	47.700634	1.109906	0.002220	23
5616.243200	47.697296	1.108979	0.001782	25
5618.319872	47.661945	1.109729	0.002241	27
5620.396032	47.661598	1.109493	0.002190	29
5622.472192	47.684345	1.109143	0.002171	31
5624.548864	47.648113	1.108983	0.002043	33
5626.625024	47.664421	1.110121	0.002059	35
5628.701696	47.580837	1.109843	0.001353	37
5630.777856	47.640682	1.108029	0.002160	39
5632.854528	47.588757	1.108464	0.002307	41
5634.930688	47.586533	1.108290	0.001994	43
5637.006848	47.608906	1.107689	0.002409	45
5639.083520	47.543549	1.106696	0.001960	47
5641.159680	47.570255	1.105517	0.002305	49
5643.235840	47.522060	1.106834	0.002228	51
5645.312512	47.546215	1.107404	0.002288	53
5647.389184	47.571793	1.107298	0.001656	55
5649.465344	47.521263	1.107457	0.002161	57
5651.541504	47.449696	1.107664	0.001890	59
5653.617664	47.510929	1.106392	0.001802	61
5655.694336	47.470512	1.107798	0.002043	63
5657.770496	47.479736	1.106779	0.001990	65
5659.846656	47.464001	1.106652	0.001817	67
5661.922816	47.463646	1.106134	0.002039	69
5663.999488	47.415222	1.105948	0.001837	71
5666.075648	47.428326	1.106033	0.001732	73
5668.151808	47.419029	1.106705	0.002004	75
5670.228480	47.433487	1.106657	0.001656	77
5672.304640	47.404690	1.107349	0.001771	79
5674.381312	47.368637	1.107408	0.001678	81
5676.457984	47.363903	1.107089	0.001567	83
5678.533120	47.362255	1.107297	0.001779	85
5680.609792	47.336517	1.107143	0.001765	87
5682.685952	47.387108	1.107873	0.002017	89
5684.762624	47.340889	1.107928	0.001542	91
5686.839296	47.311584	1.107158	0.002033	93
5688.915456	47.290489	1.107393	0.001904	95
5690.991616	47.297260	1.107466	0.001872	97
5693.068288	47.297321	1.108475	0.001969	99
5695.144448	47.271420	1.108384	0.001881	101
5697.220608	47.265179	1.109430	0.002279	103
5699.296768	47.253548	1.108752	0.002012	105
5701.373440	47.236088	1.109266	0.002072	107
5703.449600	47.234657	1.108605	0.001909	109
5705.526272	47.222908	1.110032	0.001952	111
5707.602432	47.203907	1.108417	0.002102	113
5709.679104	47.218571	1.110099	0.002079	115
5711.755264	47.180931	1.109798	0.002033	117
5713.831424	47.170906	1.109586	0.002244	119
5715.908096	47.152817	1.110041	0.002040	121
5717.984256	47.145962	1.108839	0.002078	123
5720.060928	47.143791	1.109546	0.002128	125
5722.136576	47.115208	1.108513	0.002048	127
5724.212736	47.107841	1.108547	0.002122	129
5726.289408	47.128323	1.108271	0.002208	131
5728.366080	47.113804	1.107925	0.002095	133
5730.442240	47.090717	1.108640	0.002078	135
5732.518400	47.073036	1.108977	0.002193	137
5734.594560	47.069649	1.108576	0.002017	139
5736.671232	47.067223	1.108717	0.002035	141
5738.747392	47.057674	1.108119	0.002090	143
5740.823552	47.026058	1.108349	0.001955	145
5742.900224	47.044205	1.107867	0.002077	147
5744.976384	47.029415	1.108431	0.001939	149
5747.052544	47.022636	1.109093	0.001942	151
5749.129216	47.007252	1.107710	0.001980	153
5751.205888	46.996609	1.107549	0.001968	155
5753.282048	46.994301	1.107322	0.001884	157
5755.358208	46.965839	1.108760	0.002060	159
5757.434880	46.939030	1.108931	0.001937	161
5759.511040	46.930725	1.109292	0.001957	163
5761.587712	46.900719	1.109349	0.002247	165
5763.664384	46.915318	1.107948	0.002059	167
5765.740032	46.892593	1.107302	0.001958	169
5767.816704	46.901966	1.107917	0.002065	171
5769.892864	46.869350	1.108734	0.002017	173
5771.969536	46.914646	1.108866	0.002198	175
5774.045696	46.786003	1.108829	0.002215	177
5776.121856	46.840080	1.108999	0.001833	179
5778.198528	46.834011	1.108775	0.001919	181
5780.274688	46.825077	1.107715	0.001865	183
5782.350848	46.803326	1.107531	0.001951	185
5784.427520	46.776237	1.108237	0.001931	187
5786.503680	46.799267	1.108946	0.001919	189
5788.579840	46.804157	1.109432	0.001905	191
5790.656512	46.754982	1.109701	0.001966	193
5792.732672	46.747444	1.108494	0.001804	195
5794.809344	46.752174	1.108646	0.001982	197
5796.885504	46.728596	1.108015	0.001870	199
5798.961664	46.695156	1.109118	0.002048	201
5801.038336	46.704803	1.108886	0.001733	203
5803.115008	46.730831	1.107329	0.001410	205
5805.191168	46.701725	1.107461	0.001689	207
5807.267840	46.691143	1.107705	0.001924	209
5809.345024	46.638481	1.109139	0.001611	211
5811.419648	46.646477	1.108536	0.001906	213
5813.495808	46.622627	1.109185	0.001857	215
5815.572480	46.579185	1.109768	0.001684	217
5817.648640	46.648663	1.110384	0.001417	219
5819.725312	46.542767	1.110442	0.001648	221
5821.801472	46.626438	1.110611	0.002146	223
5823.878144	46.582054	1.110469	0.002045	225
5825.954816	46.545410	1.110326	0.001981	227
5828.030464	46.537952	1.108951	0.001729	229
5830.107136	46.516335	1.110094	0.001792	231
5832.183808	46.490780	1.109916	0.001855	233
5834.259968	46.512032	1.109154	0.001923	235
5836.336128	46.509575	1.109340	0.001833	237
5838.412288	46.488106	1.109932	0.001933	239
5840.488448	46.524933	1.110554	0.002043	241
5842.565120	46.430679	1.109917	0.001931	243
5844.641280	46.473076	1.110345	0.002090	245
5846.717952	46.403999	1.109755	0.002169	247
5848.794112	46.395668	1.109035	0.002070	249
5850.870272	46.381851	1.108703	0.002044	251
5852.946944	46.388100	1.108534	0.002020	253
5855.022592	46.379066	1.107300	0.000925	255
5857.099264	46.349953	1.106510	0.001982	1
5859.175936	46.365406	1.106670	0.002945	3
5861.252096	46.319336	1.107933	0.002397	5
5863.328256	46.383751	1.109509	0.002657	7
5865.404928	46.355015	1.109233	0.002639	9
5867.481088	46.309498	1.109247	0.002134	11
5869.557760	46.369045	1.107504	0.002630	13
5871.633920	46.260216	1.107296	0.002325	15
5873.710592	46.292557	1.106969	0.002185	17
5875.786752	46.319393	1.106868	0.002477	19
5877.862912	46.276367	1.106662	0.002386	21
5879.939584	46.243896	1.107594	0.002327	23
5882.016256	46.267422	1.107850	0.002400	25
5884.092416	46.242233	1.108355	0.002049	27
5886.169088	46.218208	1.106857	0.002050	29
5888.244736	46.211563	1.107857	0.002399	31
5890.321408	46.167641	1.105596	0.002532	33
5892.397568	46.213749	1.106806	0.002575	35
5894.474240	46.198517	1.107081	0.002469	37
5896.550400	46.161678	1.106747	0.002075	39
5898.627072	46.188206	1.107510	0.002393	41
5900.702720	46.106747	1.106759	0.002174	43
5902.779392	46.135017	1.106705	0.002587	45
5904.856064	46.073277	1.107306	0.002604	47
5906.932224	46.117226	1.106682	0.002689	49
5909.008384	46.094349	1.106755	0.002371	51
5911.085056	46.059231	1.106095	0.002877	53
5913.161216	46.073071	1.108164	0.002636	55
5915.237376	46.070057	1.107643	0.002936	57
5917.313536	46.057625	1.108082	0.002666	59
5919.390720	46.037430	1.108390	0.002247	61
5921.466368	46.048927	1.108153	0.002154	63
5923.543040	46.014275	1.108763	0.002259	65
5925.619712	46.059483	1.109149	0.002620	67
5927.695872	45.948410	1.107136	0.002558	69
5929.772032	45.994236	1.107450	0.002159	71
5931.848704	45.992672	1.108365	0.002089	73
5933.925376	45.973503	1.108109	0.000966	75
5936.001536	45.950863	1.106729	0.002010	77
5938.077696	45.925095	1.107900	0.001882	79
5940.154368	45.961975	1.109238	0.002241	81
5942.230528	45.926826	1.109686	0.002001	83
5944.306688	45.925247	1.109311	0.002190	85
5946.383872	45.905964	1.109293	0.002278	87
5948.460032	45.887318	1.109759	0.002400	89
5950.536704	45.896637	1.109238	0.002434	91
5952.612352	45.872730	1.108563	0.002549	93
5954.689536	45.873268	1.109071	0.002686	95
5956.766208	45.849377	1.109721	0.002660	97
5958.841856	45.863277	1.108212	0.002257	99
5960.918016	45.872730	1.107333	0.002773	101
5962.995200	45.871323	1.107988	0.003976	103
5965.071872	45.788586	1.108246	0.002556	105
5967.147520	45.857632	1.108890	0.002369	107
5969.223680	45.806908	1.109139	0.002374	109
5971.300352	45.766029	1.109316	0.002827	111
5973.376512	45.800301	1.108662	0.002792	113
5975.452672	45.752743	1.108198	0.002620	115
5977.529344	45.754528	1.110144	0.003208	117
5979.605504	45.741467	1.109557	0.002679	119
5981.681664	45.736565	1.109216	0.002735	121
5983.758336	45.725941	1.109043	0.002779	123
5985.835008	45.713482	1.107627	0.002335	125
5987.910144	45.728302	1.107478	0.002499	127
5989.987328	45.678516	1.108000	0.002509	129
5992.063488	45.703987	1.106734	0.002747	131
5994.140160	45.694988	1.107064	0.002783	133
5996.216832	45.711506	1.108879	0.002869	135
5998.292992	45.649723	1.108483	0.002811	137
6000.369152	45.636597	1.108908	0.002477	139
6002.445824	45.635555	1.109657	0.002476	141
6004.522496	45.643135	1.109491	0.002502	143
6006.598656	45.584297	1.110146	0.002458	145
6008.674816	45.622478	1.110352	0.002836	147
6010.750976	45.623096	1.110661	0.002617	149
6012.828160	45.551037	1.110368	0.002622	151
6014.904320	45.567848	1.109810	0.002551	153
6016.980992	45.596313	1.109870	0.002835	155
6019.057152	45.580734	1.110076	0.002859	157
6021.132800	45.552238	1.110215	0.002860	159
6023.209472	45.543869	1.109319	0.002959	161
6025.286144	45.525391	1.108915	0.002845	163
6027.362816	45.519951	1.109161	0.002790	165
6029.438976	45.518379	1.109110	0.002769	167
6031.515136	45.489624	1.109258	0.002688	169
6033.590784	45.495026	1.109088	0.002937	171
6035.667456	45.474174	1.108466	0.002660	173
6037.743616	45.497807	1.106891	0.002891	175
6039.819776	45.467556	1.107043	0.002726	177
6041.896448	45.465519	1.108164	0.002778	179
6043.972608	45.442238	1.108292	0.002735	181
6046.049280	45.439304	1.108202	0.002608	183
6048.124928	45.438469	1.107208	0.002737	185
6050.201600	45.427246	1.107321	0.002749	187
6052.278272	45.412178	1.107428	0.002606	189
6054.354432	45.393631	1.107478	0.002762	191
6056.430592	45.396065	1.106142	0.002799	193
6058.507264	45.382072	1.105976	0.002925	195
6060.583936	45.390671	1.107353	0.002855	197
6062.660096	45.374863	1.107445	0.002848	199
6064.736256	45.343403	1.107249	0.002722	201
6066.812928	45.311314	1.106895	0.002812	203
6068.889088	45.326862	1.106025	0.002687	205
6070.965760	45.348827	1.107842	0.002664	207
6073.041920	45.302731	1.108501	0.002840	209
6075.118080	45.277458	1.108820	0.002521	211
6077.194752	45.290756	1.108807	0.002506	213
6079.271424	45.273823	1.108581	0.002613	215
6081.347584	45.259331	1.107633	0.002617	217
6083.423744	45.252117	1.108213	0.002695	219
6085.500416	45.211044	1.108102	0.002807	221
6087.577088	45.246704	1.108634	0.002534	223
6089.652736	45.214478	1.107762	0.002691	225
6091.728896	45.194317	1.106848	0.002828	227
6093.805568	45.197056	1.107197	0.002846	229
6095.882240	45.192894	1.107053	0.002864	231
6097.958400	45.165905	1.107555	0.002911	233
6100.034560	45.175190	1.107319	0.003108	235
6102.110720	45.173363	1.108607	0.003145	237
6104.187392	45.165356	1.109044	0.003024	239
6106.264064	45.106316	1.108360	0.003187	241
6108.340224	45.125214	1.107375	0.002834	243
6110.416384	45.127937	1.107828	0.002819	245
6112.492544	45.112137	1.108635	0.003009	247
6114.569216	45.099728	1.108404	0.003053	249
6116.644864	45.106808	1.108612	0.002882	251
6118.722048	45.065735	1.108802	0.002884	253
6120.797696	45.122917	1.108255	0.002674	255
6122.874368	45.054317	1.107665	0.003042	1
6124.951040	45.052212	1.108248	0.003013	3
6127.027200	45.038639	1.108438	0.003165	5
6129.103360	45.051430	1.108686	0.002925	7
6131.180032	45.031197	1.110184	0.003076	9
6133.256704	45.048122	1.111512	0.003056	11
6135.332864	45.011616	1.111350	0.003229	13
6137.409536	44.999714	1.110906	0.002977	15
6139.486208	44.962128	1.109339	0.003094	17
6141.562880	45.000881	1.109712	0.003062	19
6143.638528	44.985867	1.110712	0.002962	21
6145.715200	44.942589	1.111395	0.002948	23
6147.791872	44.963360	1.110726	0.002952	25
6149.868032	44.937855	1.109715	0.002820	27
6151.944192	44.959381	1.110300	0.002925	29
6154.020352	44.899876	1.110065	0.002866	31
6156.097024	44.892941	1.110303	0.002587	33
6158.173184	44.907715	1.110304	0.002626	35
6160.249856	44.908001	1.110066	0.002954	37
6162.326016	44.875557	1.109607	0.002717	39
6164.402688	44.869907	1.109225	0.002717	41
6166.478336	44.847469	1.108791	0.002916	43
6168.554496	44.832924	1.108249	0.002920	45
6170.630656	44.847919	1.107231	0.002963	47
6172.707328	44.841133	1.107898	0.003018	49
6174.783488	44.831303	1.108883	0.003017	51
6176.859648	44.803753	1.108279	0.002848	53
6178.935808	44.792217	1.108317	0.002939	55
6181.012480	44.803490	1.108886	0.003052	57
6183.089152	44.781059	1.108857	0.002805	59
6185.165312	44.762913	1.108911	0.002832	61
6187.240960	44.788361	1.107654	0.002818	63
6189.318144	44.763691	1.109606	0.002951	65
6191.394304	44.741222	1.108917	0.002869	67
6193.470464	44.752216	1.109161	0.002910	69
6195.547136	44.741386	1.109922	0.002840	71
6197.623808	44.716076	1.109425	0.003055	73
6199.699968	44.721577	1.108678	0.003025	75
6201.776640	44.696209	1.108481	0.002995	77
6203.852800	44.703651	1.108492	0.002865	79
6205.929472	44.682785	1.108838	0.002940	81
6208.005632	44.686569	1.109218	0.003015	83
6210.082304	44.671314	1.110705	0.002879	85
6212.158464	44.654270	1.110577	0.002788	87
6214.235136	44.649998	1.110836	0.003302	89
6216.310784	44.634106	1.109918	0.002741	91
6218.386944	44.619648	1.108680	0.003272	93
6220.464128	44.618671	1.109701	0.002963	95
6222.540288	44.601799	1.108771	0.002916	97
6224.616960	44.597950	1.109078	0.003053	99
6226.693120	44.568951	1.108058	0.002902	101
6228.769280	44.569828	1.107100	0.003080	103
6230.844928	44.566505	1.107492	0.002968	105
6232.922112	44.552628	1.107596	0.003028	107
6234.997760	44.526413	1.107576	0.002920	109
6237.074432	44.521313	1.108290	0.002734	111
6239.150592	44.522415	1.108553	0.003196	113
6241.226752	44.523514	1.108116	0.002956	115
6243.303424	44.508106	1.108768	0.003108	117
6245.379584	44.480541	1.108671	0.003015	119
6247.456256	44.511230	1.108013	0.003302	121
6249.531904	44.425327	1.107702	0.003141	123
6251.608576	44.454708	1.107539	0.003229	125
6253.684736	44.474319	1.108135	0.003023	127
6255.761408	44.477551	1.107986	0.003210	129
6257.838080	44.463108	1.107555	0.003214	131
6259.914240	44.436600	1.107619	0.003172	133
6261.990912	44.439934	1.108085	0.002974	135
6264.067584	44.412930	1.108272	0.003001	137
6266.143744	44.423096	1.107892	0.002931	139
6268.219904	44.415810	1.108740	0.003130	141
6270.297088	44.377476	1.108953	0.002783	143
6272.372736	44.367294	1.108036	0.003036	145
6274.449408	44.380871	1.108182	0.003075	147
6276.525568	44.353233	1.108675	0.003242	149
6278.602240	44.343113	1.109377	0.002843	151
6280.678912	44.297501	1.108784	0.003025	153
6282.754560	44.336514	1.107704	0.003298	155
6284.830720	44.336662	1.108384	0.003445	157
6286.907392	44.299278	1.109862	0.003461	159
6288.983552	44.324467	1.109880	0.003309	161
6291.060224	44.280167	1.108879	0.003400	163
6293.136384	44.293243	1.109159	0.003616	165
6295.213056	44.271179	1.108541	0.003480	167
6297.288704	44.265583	1.108404	0.003501	169
6299.365376	44.273781	1.108006	0.003376	171
6301.441536	44.236778	1.107538	0.003347	173
6303.517696	44.208672	1.107193	0.003523	175
6305.594368	44.236904	1.107692	0.003354	177
6307.670016	44.244541	1.107506	0.003118	179
6309.747200	44.220669	1.107869	0.003213	181
6311.823360	44.214127	1.108005	0.003139	183
6313.900032	44.198086	1.108045	0.003108	185
6315.976192	44.181259	1.107393	0.003091	187
6318.052864	44.189995	1.107767	0.003208	189
6320.128512	44.166229	1.107570	0.003534	191
6322.205184	44.156097	1.108356	0.003138	193
6324.281344	44.156113	1.108070	0.003021	195
6326.358016	44.144650	1.109752	0.003147	197
6328.434176	44.106476	1.109397	0.002971	199
6330.510336	44.141201	1.108521	0.002899	201
6332.587008	44.120628	1.108837	0.002963	203
6334.663168	44.090599	1.107925	0.002799	205
6336.739840	44.199127	1.108182	0.001612	207
6338.816512	43.937317	1.109572	0.002051	209
6340.893184	43.977535	1.109385	0.004051	211
6342.968832	44.078079	1.109596	0.003133	213
6345.045504	44.051178	1.109977	0.003241	215
6347.122176	43.997822	1.110448	0.003050	217
6349.198336	43.982479	1.112299	0.003288	219
6351.276544	44.045944	1.107568	-0.000246	221
6353.353216	44.020626	1.111765	0.002840	223
6355.426816	43.789238	1.110550	0.005048	225
6357.503488	43.943371	1.109941	0.003134	227
6359.579648	43.967556	1.108807	0.003123	229
6361.655808	43.924244	1.109307	0.003075	231
6363.732480	43.914906	1.108418	0.003046	233
6365.808640	43.923988	1.108411	0.003233	235
6367.884800	43.877693	1.106858	0.002970	237
6369.961472	43.898632	1.107624	0.002881	239
6372.037632	43.850185	1.107501	0.002808	241
6374.113280	43.879807	1.107213	0.002928	243
6376.189952	43.840599	1.107501	0.003201	245
6378.266624	43.871510	1.107483	0.003323	247
6380.342784	43.833450	1.107066	0.002989	249
6382.419456	43.852459	1.107121	0.002989	251
6384.495616	43.808834	1.106981	0.002987	253
6386.571264	43.794567	1.106585	0.003169	255
6388.647936	43.811157	1.105312	0.003302	1
6390.725120	43.802834	1.106643	0.003129	3
6392.800768	43.806217	1.106808	0.002995	5
6394.876928	43.784660	1.106877	0.003224	7
6396.953600	43.780743	1.107665	0.003230	9
6399.030272	43.750488	1.107643	0.003489	11
6401.106432	43.697712	1.106714	0.002996	13
6403.182592	43.770538	1.108258	0.003359	15
6405.259264	43.724758	1.108944	0.003159	17
6407.335936	43.705555	1.109107	0.003653	19
6409.412096	43.703178	1.109289	0.003328	21
6411.488256	43.702938	1.109041	0.002943	23
6413.565440	43.682690	1.109520	0.003490	25
6415.641600	43.695068	1.110157	0.003246	27
6417.717760	43.659645	1.109416	0.003183	29
6419.793920	43.661526	1.109081	0.003413	31
6421.870080	43.647453	1.109021	0.003481	33
6423.946240	43.617722	1.109659	0.003420	35
6426.022912	43.617809	1.109772	0.003428	37
6428.099072	43.598965	1.108436	0.003350	39
6430.175744	43.602386	1.107817	0.003440	41
6432.251904	43.602345	1.107437	0.003402	43
6434.328064	43.602253	1.107373	0.003421	45
6436.404224	43.587563	1.107612	0.003309	47
6438.480384	43.588730	1.107839	0.003557	49
6440.557056	43.587955	1.107820	0.003926	51
6442.633216	43.559208	1.109369	0.003541	53
6444.709376	43.540234	1.108648	0.003598	55
6446.785536	43.538540	1.108751	0.003486	57
6448.862208	43.529812	1.108387	0.003458	59
6450.938368	43.515747	1.108340	0.003412	61
6453.015040	43.492508	1.108790	0.003683	63
6455.091712	43.527882	1.107277	0.003280	65
6457.167872	43.489037	1.107260	0.003212	67
6459.244544	43.493397	1.107946	0.003308	69
6461.320704	43.471264	1.107392	0.003183	71
6463.397376	43.469734	1.107698	0.003314	73
6465.473536	43.455547	1.107092	0.003328	75
6467.549696	43.458241	1.108685	0.003322	77
6469.625856	43.449661	1.108614	0.003375	79
6471.703040	43.419800	1.108714	0.003360	81
6473.779200	43.420933	1.108286	0.003160	83
6475.855360	43.422897	1.108480	0.003229	85
6477.932032	43.379364	1.110007	0.003019	87
6480.008192	43.375420	1.109401	0.002962	89
6482.084352	43.345764	1.109725	0.003172	91
6484.160512	43.367683	1.109345	0.003044	93
6486.236672	43.341095	1.109679	0.003238	95
6488.313344	43.332573	1.110189	0.003261	97
6490.389504	43.336853	1.109514	0.003411	99
6492.465664	43.309162	1.109851	0.003241	101
6494.542336	43.295650	1.109644	0.003194	103
6496.618496	43.294586	1.109485	0.003221	105
6498.695168	43.278965	1.110046	0.003409	107
6500.771328	43.248688	1.109088	0.003337	109
6502.847488	43.250217	1.108622	0.003490	111
6504.924160	43.263420	1.109117	0.003513	113
6507.000832	43.239365	1.108208	0.003339	115
6509.076992	43.246414	1.108765	0.003482	117
6511.153152	43.201557	1.109397	0.003671	119
6513.229312	43.222801	1.108053	0.003291	121
6515.305472	43.210617	1.107253	0.003344	123
6517.382144	43.194984	1.107584	0.003376	125
6519.458304	43.179699	1.107595	0.003169	127
6521.534464	43.177826	1.108327	0.003186	129
6523.611136	43.143204	1.108614	0.003051	131
6525.687296	43.141075	1.107242	0.003136	133
6527.763968	43.142845	1.107784	0.003306	135
6529.840128	43.139206	1.108119	0.003103	137
6531.916800	43.120842	1.108171	0.003271	139
6533.992960	43.100872	1.108333	0.003234	141
6536.069120	43.088028	1.108770	0.003484	143
6538.145792	43.105740	1.108876	0.003282	145
6540.221952	43.078053	1.108516	0.003410	147
6542.298112	43.072533	1.109459	0.003419	149
6544.375296	43.039494	1.110177	0.003778	151
6546.451456	43.043274	1.108664	0.003317	153
6548.527104	43.048626	1.109414	0.003326	155
6550.603264	43.029320	1.109668	0.003560	157
6552.680448	43.013107	1.110253	0.003506	159
6554.756608	42.992588	1.109629	0.003301	161
6556.832768	42.985420	1.110343	0.003271	163
6558.908928	42.976334	1.110591	0.003355	165
6560.985600	42.960136	1.111234	0.003338	167
6563.061760	42.997818	1.110206	0.003270	169
6565.137920	42.936302	1.110246	0.003366	171
6567.214592	42.935112	1.109134	0.002820	173
6569.290752	42.917816	1.109215	0.003395	175
6571.366912	42.921005	1.108775	0.003239	177
6573.443584	42.902981	1.109420	0.003014	179
6575.519232	42.892715	1.109319	0.003298	181
6577.595904	42.880051	1.110185	0.003250	183
6579.672064	42.886448	1.109566	0.002946	185
6581.748736	42.863029	1.108245	0.003123	187
6583.824896	42.860672	1.107465	0.003092	189
6585.901056	42.860611	1.106657	0.003432	191
6587.977728	42.866177	1.108066	0.003351	193
6590.053376	42.839813	1.107015	0.003193	195
6592.130560	42.834927	1.107951	0.003496	197
6594.206720	42.837807	1.107893	0.003488	199
6596.282880	42.820599	1.107856	0.003548	201
6598.359040	42.816833	1.107949	0.003549	203
6600.436224	42.796398	1.108793	0.003612	205
6602.511872	42.790848	1.107438	0.003516	207
6604.588544	42.773327	1.108764	0.003633	209
6606.665216	42.789341	1.108195	0.003517	211
6608.741376	42.779625	1.108303	0.003664	213
6610.817536	42.763924	1.108243	0.003923	215
6612.894208	42.724400	1.108267	0.003590	217
6614.970880	42.736385	1.107632	0.003614	219
6617.046528	42.720478	1.107219	0.003630	221
6619.123200	42.714508	1.107081	0.003826	223
6621.199360	42.711109	1.106737	0.003497	225
6623.276032	42.669182	1.108151	0.003892	227
6625.352192	42.668610	1.108758	0.003631	229
6627.428352	42.711075	1.108680	0.003715	231
6629.505024	42.638699	1.109520	0.003851	233
6631.581184	42.629787	1.108193	0.003221	235
6633.657856	42.675453	1.109380	0.003683	237
6635.734016	42.661041	1.110125	0.003641	239
6637.810688	42.648689	1.111558	0.003581	241
6639.886848	42.617439	1.110521	0.003346	243
6641.963008	42.608395	1.110566	0.003563	245
6644.039168	42.582973	1.110322	0.003398	247
6646.115840	42.588604	1.110662	0.003338	249
6648.192000	42.564552	1.109328	0.003544	251
6650.268160	42.564022	1.109601	0.003438	253
6652.344832	42.541576	1.108930	0.003353	255
6654.421504	42.590336	1.109305	0.003496	1
6656.497664	42.550377	1.109341	0.003485	3
6658.574336	42.542709	1.109189	0.003262	5
6660.650496	42.521206	1.109266	0.003383	7
6662.726656	42.516418	1.109873	0.003042	9
6664.803328	42.495548	1.109548	0.003412	11
6666.879488	42.491520	1.109975	0.003652	13
6668.955648	42.479130	1.111025	0.003714	15
6671.032320	42.474041	1.110849	0.003323	17
6673.108480	42.474529	1.111105	0.003587	19
6675.184640	42.456577	1.110879	0.003953	21
6677.260800	42.429440	1.111279	0.003896	23
6679.337472	42.457584	1.111343	0.003650	25
6681.413632	42.430550	1.110840	0.003411	27
6683.490304	42.439255	1.110587	0.003933	29
6685.566464	42.445522	1.110826	0.004425	31
6687.642624	42.396439	1.110192	0.003903	33
6689.719296	42.405258	1.108687	0.003749	35
6691.795456	42.390003	1.107669	0.004006	37
6693.872128	42.402924	1.108674	0.003843	39
6695.947776	42.401070	1.108067	0.003915	41
6698.023936	42.343552	1.108932	0.004456	43
6700.100608	42.339092	1.107277	0.003903	45
6702.176768	42.364330	1.106971	0.004010	47
6704.252928	42.353062	1.107551	0.004115	49
6706.329088	42.315865	1.106820	0.003840	51
6708.405760	42.332146	1.107095	0.004181	53
6710.481920	42.363670	1.106466	0.003435	55
6712.558592	42.349827	1.107765	0.004009	57
6714.634752	42.302296	1.106138	0.003811	59
6716.710912	42.348419	1.107258	0.003915	61
6718.787584	42.285789	1.106163	0.004065	63
6720.863232	42.266315	1.106413	0.003851	65
6722.939904	42.255280	1.106154	0.003731	67
6725.015552	42.275017	1.106460	0.003755	69
6727.092224	42.255013	1.107043	0.003914	71
6729.168896	42.228268	1.108446	0.003777	73
6731.245056	42.226418	1.107584	0.003624	75
6733.321728	42.220638	1.107551	0.003861	77
6735.397888	42.253616	1.107416	0.003617	79
6737.474048	42.195484	1.108573	0.003742	81
6739.551232	42.196819	1.108909	0.003589	83
6741.627392	42.191372	1.108628	0.003666	85
6743.703552	42.167774	1.109569	0.003707	87
6745.779712	42.169502	1.109613	0.003573	89
6747.856384	42.151978	1.110050	0.003677	91
6749.932544	42.175266	1.109414	0.003584	93
6752.008704	42.126465	1.108640	0.003887	95
6754.084864	42.130463	1.108080	0.003860	97
6756.162048	42.108746	1.108739	0.003736	99
6758.238208	42.108959	1.107905	0.003798	101
6760.314368	42.109493	1.108041	0.003677	103
6762.390528	42.104294	1.108842	0.003913	105
6764.466688	42.103836	1.108295	0.003808	107
6766.543360	42.082085	1.106860	0.003986	109
6768.619520	42.086647	1.106265	0.003935	111
6770.696192	42.050331	1.107518	0.003755	113
6772.772352	42.047363	1.107392	0.003649	115
6774.848512	42.051197	1.107411	0.003572	117
6776.924672	42.023701	1.107340	0.003761	119
6779.000832	42.012039	1.107428	0.003980	121
6781.076992	42.026375	1.107669	0.003741	123
6783.153664	42.014809	1.108699	0.003880	125
6785.230336	42.000496	1.108137	0.003676	127
6787.305984	41.986267	1.108673	0.003898	129
6789.383168	41.979683	1.108657	0.003803	131
6791.459328	41.964069	1.108244	0.003915	133
6793.535488	41.958515	1.107786	0.003864	135
6795.611648	41.963139	1.108491	0.003682	137
6797.687808	41.961308	1.109134	0.003800	139
6799.764480	41.941921	1.109760	0.003807	141
6801.841152	41.913174	1.110831	0.003878	143
6803.917312	41.953331	1.110155	0.003787	145
6805.993984	41.921051	1.111268	0.004066	147
6808.070144	41.910645	1.111222	0.003897	149
6810.146304	41.893444	1.111425	0.003995	151
6812.222464	41.904488	1.111778	0.004014	153
6814.299136	41.874180	1.112247	0.003934	155
6816.375808	41.876068	1.110888	0.003796	157
6818.451968	41.864655	1.108938	0.003843	159
6820.528128	41.851768	1.108639	0.003982	161
6822.604800	41.849262	1.109272	0.004006	163
6824.681472	41.822735	1.108942	0.003841	165
6826.757632	41.829281	1.108358	0.003922	167
6828.833792	41.824696	1.108085	0.003890	169
6830.909952	41.802643	1.108720	0.004092	171
6832.986112	41.784306	1.109083	0.003877	173
6835.062784	41.791775	1.109287	0.003798	175
6837.138944	41.780800	1.109341	0.003684	177
6839.215104	41.754230	1.110065	0.003872	179
6841.291776	41.752544	1.110083	0.003730	181
6843.367424	41.731808	1.109689	0.003678	183
6845.444096	41.755447	1.109612	0.003848	185
6847.520768	41.691891	1.109490	0.003651	187
6849.596416	41.708050	1.108481	0.003548	189
6851.673088	41.711521	1.108246	0.003634	191
6853.749248	41.663147	1.108444	0.003502	193
6855.825920	41.718063	1.107671	0.003440	195
6857.902080	41.644077	1.107092	0.003622	197
6859.978752	41.637547	1.108236	0.003862	199
6862.054400	41.619411	1.108586	0.003409	201
6864.131584	41.651443	1.109551	0.003566	203
6866.207744	41.649723	1.108479	0.003759	205
6868.283904	41.615273	1.109038	0.003669	207
6870.360064	41.589489	1.109196	0.003514	209
6872.436736	41.594486	1.109972	0.003463	211
6874.513408	41.593376	1.109191	0.003620	213
6876.589568	41.538517	1.108899	0.003513	215
6878.665728	41.598083	1.109975	0.003601	217
6880.742400	41.552971	1.109699	0.003741	219
6882.818560	41.539921	1.109863	0.003719	221
6884.895232	41.558258	1.109524	0.003640	223
6886.971392	41.551373	1.110019	0.003877	225
6889.047552	41.537338	1.109577	0.003741	227
6891.124224	41.532833	1.110139	0.003985	229
6893.200384	41.523605	1.109899	0.003771	231
6895.277056	41.492748	1.109943	0.003912	233
6897.353216	41.467564	1.108647	0.003816	235
6899.429376	41.491596	1.108074	0.003681	237
6901.505024	41.475056	1.108366	0.003868	239
6903.581696	41.465157	1.108670	0.003812	241
6905.657856	41.452812	1.107897	0.003615	243
6907.734016	41.461338	1.107252	0.003527	245
6909.810688	41.446705	1.107123	0.003778	247
6911.886848	41.447952	1.107451	0.003626	249
6913.963520	41.414181	1.108330	0.003812	251
6916.039680	41.413399	1.107916	0.003776	253
6918.115840	41.424316	1.107698	0.003932	255
6920.192000	41.391109	1.108191	0.003855	1
6922.268672	41.454693	1.109509	0.003459	3
6924.344832	41.343037	1.109094	0.004070	5
6926.420992	41.366467	1.108884	0.003852	7
6928.497664	41.340466	1.109142	0.003733	9
6930.573824	41.359909	1.109284	0.003632	11
6932.650496	41.410908	1.110065	0.003462	13
6934.726144	41.324036	1.109736	0.003464	15
6936.802816	41.313858	1.110240	0.003448	17
6938.879488	41.275665	1.110064	0.003530	19
6940.955648	41.312737	1.110097	0.003921	21
6943.031808	41.296112	1.109869	0.003843	23
6945.107968	41.280262	1.110300	0.003816	25
6947.184640	41.319458	1.109856	0.003839	27
6949.261312	41.275890	1.110548	0.003719	29
6951.337472	41.244778	1.110287	0.003798	31
6953.413632	41.260696	1.110479	0.003955	33
6955.489792	41.232788	1.110623	0.003910	35
6957.566464	41.242214	1.110632	0.003955	37
6959.642624	41.220921	1.110299	0.003949	39
6961.718784	41.209869	1.110244	0.004062	41
6963.794944	41.210686	1.109709	0.003893	43
6965.871616	41.196011	1.109645	0.004129	45
6967.947776	41.212017	1.108551	0.003552	47
6970.024448	41.133221	1.108463	0.004252	49
6972.100608	41.149410	1.108362	0.003721	51
6974.177280	41.167175	1.108547	0.004010	53
6976.252928	41.208466	1.108625	0.004106	55
6978.329600	41.111076	1.108447	0.003874	57
6980.405760	41.160904	1.108994	0.004312	59
6982.481920	41.111557	1.109714	0.004190	61
6984.558592	41.135529	1.110287	0.003985	63
6986.634752	41.097870	1.110334	0.003997	65
6988.711424	41.110931	1.109083	0.004200	67
6990.787584	41.075745	1.108304	0.003850	69
6992.863744	41.063061	1.107789	0.003842	71
6994.939904	41.065235	1.108122	0.003710	73
6997.016576	41.079773	1.109139	0.003851	75
6999.093248	41.052540	1.109683	0.003815	77
7001.168896	41.030403	1.109198	0.003487	79
7003.245568	41.049942	1.110614	0.003971	81
7005.321728	41.026264	1.109798	0.003838	83
7007.398400	41.021893	1.110513	0.003640	85
7009.474560	40.999947	1.109527	0.003457	87
7011.550720	40.968987	1.109579	0.003601	89
7013.627392	40.988598	1.109290	0.003668	91
7015.703552	40.967049	1.108045	0.003569	93
7017.779712	40.952755	1.109640	0.003699	95
7019.856384	40.940586	1.108748	0.003560	97
7021.932544	40.941208	1.108434	0.003629	99
7024.009216	40.951981	1.109477	0.003590	101
7026.085376	40.911694	1.107725	0.003691	103
7028.161536	40.918213	1.107318	0.003855	105
7030.237696	40.917625	1.106420	0.003775	107
7032.313856	40.901558	1.106369	0.003931	109
7034.390528	40.899994	1.105530	0.003792	111
7036.466688	40.903053	1.105070	0.003702	113
7038.542848	40.870438	1.106542	0.003816	115
7040.619008	40.864811	1.106709	0.003564	117
7042.695168	40.830505	1.107934	0.003915	119
7044.771840	40.858566	1.108424	0.003748	121
7046.848000	40.861000	1.108142	0.003822	123
7048.924160	40.819923	1.109100	0.003356	125
7051.000320	40.841213	1.108407	0.003711	127
7053.076992	40.790459	1.108455	0.004117	129
7055.153152	40.812580	1.108715	0.003833	131
7057.229312	40.784367	1.109190	0.003759	133
7059.305984	40.773529	1.109327	0.003788	135
7061.382656	40.764217	1.108389	0.003700	137
7063.458816	40.750702	1.108437	0.003710	139
7065.534976	40.755032	1.109243	0.003768	141
7067.611136	40.740864	1.108928	0.003668	143
7069.687808	40.728127	1.108370	0.003674	145
7071.764992	40.736168	1.109010	0.003779	147
7073.841152	40.733025	1.106601	0.003528	149
7075.917312	40.698032	1.108624	0.004074	151
7077.993472	40.720528	1.109958	0.003972	153
7080.070144	40.667553	1.111431	0.003807	155
7082.146304	40.644577	1.110483	0.003154	157
7084.222464	40.647594	1.110816	0.003506	159
7086.299136	40.634975	1.110139	0.003492	161
7088.375296	40.620888	1.110426	0.003506	163
7090.451456	40.623070	1.108778	0.003578	165
7092.528128	40.591560	1.108979	0.003212	167
7094.603776	40.599758	1.107467	0.003917	169
7096.680448	40.628197	1.108924	0.003418	171
7098.756608	40.567966	1.108247	0.003868	173
7100.832768	40.549103	1.108949	0.003893	175
7102.908416	40.576511	1.108666	0.003779	177
7104.984576	40.539013	1.108346	0.003838	179
7107.061248	40.556709	1.109008	0.003753	181
7109.137408	40.534637	1.108745	0.003794	183
7111.213568	40.552280	1.109064	0.004244	185
7113.289728	40.495522	1.109216	0.003998	187
7115.366400	40.510754	1.108930	0.003770	189
7117.442560	40.505360	1.108641	0.003895	191
7119.518720	40.471027	1.109081	0.003875	193
7121.595392	40.503639	1.109465	0.003451	195
7123.671552	40.461235	1.108303	0.003735	197
7125.747712	40.470287	1.108705	0.003829	199
7127.823872	40.450794	1.108051	0.004081	201
7129.900544	40.430767	1.108200	0.004009	203
7131.977216	40.428467	1.107650	0.003913	205
7134.053376	40.427418	1.108527	0.004069	207
7136.130048	40.392067	1.108126	0.004031	209
7138.205696	40.437798	1.107715	0.004211	211
7140.281856	40.380367	1.106786	0.005526	213
7142.358528	40.401432	1.107625	0.004031	215
7144.434176	40.364838	1.107137	0.003766	217
7146.511360	40.315228	1.108463	0.003744	219
7148.587008	40.366913	1.107795	0.003844	221
7150.663680	40.384254	1.108363	0.004007	223
7152.739840	40.378170	1.109033	0.003667	225
7154.816512	40.329414	1.109223	0.004183	227
7156.892672	40.327095	1.109190	0.003968	229
7158.968832	40.322964	1.109200	0.003782	231
7161.044992	40.299896	1.109901	0.004068	233
7163.121152	40.298183	1.108694	0.003789	235
7165.197312	40.301666	1.109700	0.003628	237
7167.273472	40.265221	1.108943	0.003888	239
7169.349632	40.249821	1.109689	0.003674	241
7171.426304	40.268402	1.109459	0.003856	243
7173.502464	40.245754	1.109275	0.003815	245
7175.579136	40.227295	1.109721	0.003623	247
7177.655296	40.235275	1.109788	0.003846	249
7179.731456	40.241428	1.109962	0.003976	251
7181.807616	40.187866	1.109679	0.004254	253
7183.884288	40.219776	1.110089	0.004025	255
7185.960448	40.176945	1.109054	0.004290	1
7188.036608	40.181183	1.108914	0.003751	3
7190.113280	40.142582	1.108578	0.003897	5
7192.189440	40.155521	1.109368	0.003697	7
7194.265600	40.138348	1.108418	0.003672	9
7196.341760	40.116592	1.108600	0.003733	11
7198.418432	40.120449	1.108047	0.003713	13
7200.494080	40.137825	1.106630	0.003290	15
7202.570752	40.115208	1.109367	0.003758	17
7204.646912	40.087334	1.110256	0.004241	19
7206.723584	40.094753	1.109483	0.003574	21
7208.800256	40.039749	1.110086	0.003858	23
7210.876416	40.064339	1.109894	0.003369	25
7212.953088	40.056065	1.110217	0.003431	27
7215.029248	40.053978	1.109903	0.003362	29
7217.104896	40.066551	1.110407	0.003489	31
7219.181568	40.047585	1.109819	0.004045	33
7221.258240	39.982872	1.110280	0.003370	35
7223.334400	40.042385	1.110260	0.003546	37
7225.410560	40.032814	1.110441	0.003535	39
7227.487232	39.985428	1.110576	0.003909	41
7229.563392	40.009426	1.110359	0.003609	43
7231.639552	40.003788	1.110491	0.003675	45
7233.715712	39.958256	1.109203	0.003668	47
7235.792384	39.981281	1.109667	0.003932	49
7237.868032	39.977360	1.110099	0.003725	51
7239.944192	39.949890	1.111037	0.003852	53
7242.020864	39.934921	1.109482	0.003936	55
7244.097536	39.936001	1.108609	0.003982	57
7246.173696	39.912304	1.108674	0.003821	59
7248.249344	39.915176	1.108656	0.003917	61
7250.326528	40.024540	1.108460	0.003252	63
7252.402176	39.871975	1.107795	0.003842	65
7254.478848	39.888710	1.108385	0.003744	67
7256.555008	39.895290	1.109854	0.003962	69
7258.631680	39.866207	1.109719	0.003817	71
7260.707840	39.850471	1.109281	0.003921	73
7262.783488	39.862869	1.108295	0.003700	75
7264.860672	39.833839	1.108216	0.003782	77
7266.936832	39.839081	1.108036	0.003700	79
7269.012992	39.826321	1.108356	0.003822	81
7271.089152	39.820072	1.109164	0.003621	83
7273.165312	39.799541	1.109940	0.003820	85
7275.241984	39.770515	1.110334	0.003494	87
7277.317632	39.794563	1.109061	0.003783	89
7279.393792	39.766628	1.108871	0.003764	91
7281.470464	39.770145	1.108563	0.003769	93
7283.547136	39.740723	1.108196	0.003717	95
7285.622784	39.743114	1.108342	0.003755	97
7287.699968	39.709377	1.109234	0.003858	99
7289.775616	39.721275	1.108481	0.003580	101
7291.852288	39.719917	1.108795	0.003772	103
7293.928960	39.694790	1.109569	0.003812	105
7296.005120	39.695618	1.109841	0.003747	107
7298.081280	39.701893	1.110799	0.003906	109
7300.157440	39.665146	1.110993	0.003788	111
7302.233600	39.648251	1.110354	0.003841	113
7304.310272	39.650383	1.111083	0.003870	115
7306.386432	39.660801	1.111114	0.003807	117
7308.462592	39.631401	1.110480	0.003912	119
7310.539264	39.617966	1.110904	0.003864	121
7312.615424	39.635464	1.110769	0.003911	123
7314.691584	39.623791	1.111150	0.003947	125
7316.767744	39.587765	1.110275	0.004034	127
7318.843904	39.606224	1.109590	0.003945	129
7320.920064	39.581070	1.110206	0.004149	131
7322.997248	39.576618	1.111003	0.004003	133
7325.072896	39.571941	1.110074	0.004103	135
7327.149568	39.551231	1.109620	0.004107	137
7329.225728	39.538799	1.109743	0.004012	139
7331.301888	39.546299	1.108807	0.004128	141
7333.378048	39.550613	1.109201	0.004074	143
7335.454208	39.501217	1.109715	0.003971	145
7337.530368	39.501026	1.110053	0.004125	147
7339.607040	39.504547	1.110389	0.003978	149
7341.683712	39.493374	1.109562	0.003793	151
7343.759360	39.483387	1.109714	0.003995	153
7345.836032	39.476597	1.108549	0.003909	155
7347.912192	39.452461	1.107829	0.004035	157
7349.988352	39.476254	1.106444	0.003955	159
7352.065024	39.442719	1.105872	0.004071	161
7354.141184	39.464973	1.106051	0.004099	163
7356.217344	39.424328	1.106460	0.004381	165
7358.293504	39.432072	1.107446	0.004159	167
7360.369664	39.434711	1.109516	0.004301	169
7362.446336	39.351177	1.109846	0.003653	171
7364.522496	39.407784	1.109202	0.004080	173
7366.599168	39.456589	1.109204	0.003548	175
7368.674816	39.404472	1.108664	0.004145	177
7370.752000	39.366394	1.109326	0.004225	179
7372.827648	39.371288	1.110059	0.004157	181
7374.904320	39.349342	1.109717	0.004052	183
7376.980480	39.336823	1.109545	0.004092	185
7379.057152	39.348663	1.109233	0.003652	187
7381.133312	39.293259	1.108746	0.004003	189
7383.209472	39.308685	1.108250	0.003801	191
7385.285632	39.329697	1.108117	0.003822	193
7387.362304	39.282009	1.109253	0.004008	195
7389.438464	39.289761	1.109945	0.003804	197
7391.515136	39.279800	1.110697	0.003880	199
7393.591296	39.246338	1.110614	0.003859	201
7395.667456	39.244514	1.110548	0.004010	203
7397.743616	39.219517	1.111324	0.003576	205
7399.820288	39.236908	1.110435	0.003650	207
7401.896448	39.177429	1.110502	0.003732	209
7403.972608	39.186180	1.109995	0.003498	211
7406.048768	39.173042	1.108434	0.003519	213
7408.125440	39.170380	1.108620	0.003671	215
7410.201088	39.180519	1.108477	0.003494	217
7412.277248	39.144417	1.109408	0.003829	219
7414.354432	39.108509	1.109118	0.003617	221
7416.430080	39.139301	1.108164	0.003632	223
7418.506752	39.115200	1.109048	0.003571	225
7420.582912	39.136189	1.109095	0.003707	227
7422.659072	39.108795	1.109608	0.003662	229
7424.735232	39.085232	1.108637	0.003727	231
7426.811904	39.090416	1.108942	0.003881	233
7428.887552	39.076183	1.108211	0.003770	235
7430.964224	39.078312	1.107976	0.003883	237
7433.040896	39.070671	1.108903	0.004035	239
7435.117056	39.057648	1.109062	0.003901	241
7437.192704	39.040390	1.109743	0.003923	243
7439.269376	39.038837	1.109306	0.003979	245
7441.346048	39.025307	1.110139	0.004011	247
7443.422720	39.016827	1.109202	0.003855	249
7445.498368	39.022419	1.108928	0.003878	251
7447.575040	39.015614	1.109733	0.003775	253
7449.651200	38.991802	1.109516	0.004101	255
7451.727360	39.002831	1.111783	0.003940	1
7453.804032	38.977478	1.111350	0.003686	3
7455.880192	38.963596	1.112257	0.003920	5
7457.956864	38.941841	1.112114	0.003614	7
7460.034560	38.903355	1.111883	0.003035	9
7462.109184	38.956619	1.113100	0.003438	11
7464.184832	38.881954	1.111915	0.003704	13
7466.261504	38.899876	1.112386	0.003671	15
7468.338176	38.845985	1.111618	0.003111	17
7470.413824	38.877907	1.111269	0.004140	19
7472.490496	38.866898	1.110020	0.003753	21
7474.566656	38.862164	1.111022	0.003820	23
7476.643328	38.816132	1.109844	0.003680	25
7478.719488	38.791027	1.109612	0.003503	27
7480.795648	38.826466	1.109217	0.003589	29
7482.871296	38.776272	1.108225	0.003748	31
7484.947968	38.795547	1.108060	0.003744	33
7487.024128	38.812935	1.107403	0.004149	35
7489.100800	38.779484	1.108041	0.003766	37
7491.176960	38.802242	1.108222	0.003822	39
7493.253120	38.768837	1.108509	0.003470	41
7495.329280	38.760365	1.108119	0.003543	43
7497.405440	38.747551	1.106993	0.003540	45
7499.482112	38.737705	1.107129	0.003747	47
7501.558784	38.739246	1.107540	0.003721	49
7503.634432	38.764023	1.107727	0.003850	51
7505.711104	38.680119	1.108050	0.003729	53
7507.787264	38.694908	1.107176	0.003753	55
7509.863936	38.711926	1.107769	0.003719	57
7511.940096	38.694294	1.108573	0.003857	59
7514.016256	38.679607	1.109028	0.003882	61
7516.092928	38.659901	1.108451	0.003899	63
7518.168576	38.660286	1.108575	0.004052	65
7520.244736	38.668579	1.108363	0.004153	67
7522.320896	38.644924	1.108622	0.004032	69
7524.397568	38.662582	1.109784	0.003979	71
7526.474240	38.615364	1.110793	0.003939	73
7528.549888	38.621513	1.110659	0.003777	75
7530.626560	38.591614	1.110619	0.004062	77
7532.702720	38.598606	1.109129	0.003996	79
7534.779392	38.577644	1.110588	0.004094	81
7536.855040	38.568348	1.109755	0.003906	83
7538.931200	38.561508	1.109936	0.004047	85
7541.007872	38.547573	1.109470	0.003925	87
7543.084544	38.524178	1.109996	0.004045	89
7545.160704	38.531399	1.110033	0.004153	91
7547.236352	38.538559	1.109433	0.004005	93
7549.313024	38.492088	1.110860	0.004034	95
7551.389184	38.490829	1.110742	0.003954	97
7553.465856	38.463749	1.111330	0.003918	99
7555.542016	38.487293	1.111429	0.004100	101
7557.618176	38.472710	1.110482	0.004132	103
7559.693824	38.433144	1.108907	0.004063	105
7561.770496	38.458744	1.108640	0.003868	107
7563.847168	38.427238	1.109889	0.004201	109
7565.922816	38.447342	1.110037	0.004038	111
7567.999488	38.403893	1.110468	0.004101	113
7570.075648	38.427116	1.110266	0.004253	115
7572.151808	38.379314	1.110085	0.004303	117
7574.227968	38.421352	1.110823	0.004059	119
7576.304640	38.401669	1.111246	0.003913	121
7578.380800	38.394604	1.111080	0.003835	123
7580.456960	38.366714	1.111026	0.004016	125
7582.533632	38.393669	1.111140	0.003779	127
7584.609280	38.363644	1.111585	0.004020	129
7586.685952	38.350471	1.112135	0.004221	131
7588.762112	38.318943	1.111964	0.003936	133
7590.838272	38.327477	1.111470	0.003937	135
7592.914432	38.324032	1.111898	0.003804	137
7594.991104	38.305199	1.111714	0.003884	139
7597.067264	38.287518	1.111758	0.003853	141
7599.143424	38.266769	1.111857	0.003750	143
7601.219584	38.272968	1.110068	0.003788	145
7603.296256	38.267445	1.109869	0.003766	147
7605.371904	38.226357	1.109476	0.003931	149
7607.448064	38.237370	1.109980	0.003988	151
7609.524736	38.270630	1.111795	0.003224	153
7611.600896	38.244068	1.110148	0.003809	155
7613.677568	38.220974	1.110045	0.004013	157
7615.753728	38.193890	1.110263	0.004260	159
7617.829888	38.200264	1.109917	0.003967	161
7619.906048	38.182957	1.111731	0.004206	163
7621.982208	38.168007	1.111046	0.004138	165
7624.058368	38.163506	1.111887	0.004146	167
7626.135040	38.153587	1.110773	0.003999	169
7628.211200	38.160469	1.110849	0.004122	171
7630.287872	38.117069	1.111814	0.003847	173
7632.364032	38.124180	1.111197	0.004004	175
7634.440192	38.122936	1.111179	0.004020	177
7636.516352	38.095737	1.112157	0.004169	179
7638.592000	38.103649	1.111707	0.003953	181
7640.668672	38.106682	1.111543	0.004024	183
7642.744832	38.081947	1.111629	0.003976	185
7644.821504	38.114120	1.111663	0.003610	187
7646.897664	38.067764	1.110868	0.004617	189
7648.974336	38.060604	1.111907	0.004015	191
7651.050496	38.031769	1.109835	0.003812	193
7653.126656	38.049053	1.109467	0.003934	195
7655.202816	38.039749	1.109312	0.003880	197
7657.279488	38.022888	1.108953	0.003936	199
7659.355648	37.999798	1.108806	0.003852	201
7661.431808	38.001568	1.108817	0.003862	203
7663.507968	37.980137	1.108721	0.003878	205
7665.584128	37.979721	1.109600	0.003831	207
7667.660288	37.944748	1.110101	0.003863	209
7669.736960	37.944736	1.111207	0.003783	211
7671.812608	37.939243	1.110325	0.003889	213
7673.888768	37.923996	1.109966	0.003897	215
7675.965440	37.924843	1.109697	0.003833	217
7678.041600	37.899483	1.108945	0.003654	219
7680.117760	37.895645	1.109780	0.005363	221
7682.193920	37.871166	1.109198	0.003408	223
7684.270592	37.885109	1.109192	0.003919	225
7686.346752	37.857761	1.108839	0.003664	227
7688.422912	37.854206	1.109419	0.003801	229
7690.499072	37.857704	1.108630	0.003622	231
7692.575744	37.869282	1.108418	0.003711	233
7694.651904	37.846752	1.108758	0.004111	235
7696.728064	37.787666	1.108052	0.003946	237
7698.804224	37.841255	1.109051	0.003791	239
7700.880896	37.777985	1.109577	0.004344	241
7702.957056	37.797314	1.110364	0.004071	243
7705.033728	37.791759	1.110886	0.004148	245
7707.109376	37.858097	1.111845	0.004735	247
7709.186048	37.777367	1.112229	0.003890	249
7711.262208	37.743946	1.110387	0.004711	251
7713.338368	37.778149	1.109633	0.003918	253
7715.415040	37.739853	1.111246	0.003785	255
7717.491200	37.735073	1.111042	0.004024	1
7719.567360	37.729877	1.110781	0.004090	3
7721.643520	37.703751	1.110632	0.004061	5
7723.719680	37.729259	1.109980	0.004127	7
7725.796352	37.693924	1.110770	0.004235	9
7727.873024	37.679871	1.110374	0.004336	11
7729.949184	37.684299	1.109874	0.004035	13
7732.025344	37.721939	1.110343	0.004469	15
7734.102016	37.649712	1.110528	0.004678	17
7736.177664	37.687119	1.110943	0.003778	19
7738.254336	37.711571	1.111426	0.003992	21
7740.329984	37.655674	1.110843	0.003968	23
7742.406144	37.625435	1.110762	0.003590	25
7744.482816	37.631790	1.110285	0.003661	27
7746.558976	37.628185	1.109003	0.003731	29
7748.635648	37.646435	1.108895	0.004620	31
7750.711296	37.598347	1.107796	0.003723	33
7752.787968	37.593197	1.108187	0.003967	35
7754.864128	37.586639	1.107881	0.003960	37
7756.940288	37.516861	1.109092	0.004415	39
7759.016960	37.579010	1.109717	0.003709	41
7761.093120	37.525970	1.108508	0.003711	43
7763.169280	37.568737	1.109470	0.004186	45
7765.245952	37.538364	1.109042	0.004081	47
7767.322112	37.505665	1.108616	0.003677	49
7769.398272	37.507252	1.107751	0.003918	51
7771.474944	37.512409	1.108793	0.004123	53
7773.550592	37.486629	1.109105	0.004158	55
7775.627264	37.507362	1.108750	0.003945	57
7777.703424	37.480156	1.109465	0.003982	59
7779.779584	37.491089	1.109127	0.003995	61
7781.856256	37.425343	1.109225	0.004165	63
7783.931904	37.446934	1.107914	0.004135	65
7786.008576	37.441879	1.109167	0.004301	67
7788.084736	37.417133	1.108471	0.004155	69
7790.161408	37.428841	1.108552	0.004208	71
7792.237568	37.431217	1.108453	0.004010	73
7794.313728	37.412624	1.109219	0.004071	75
7796.389888	37.406216	1.109790	0.004221	77
7798.466048	37.379601	1.109526	0.004127	79
7800.542208	37.361713	1.110089	0.004067	81
7802.618368	37.373871	1.109077	0.004113	83
7804.695040	37.357769	1.109661	0.004223	85
7806.771200	37.315502	1.108857	0.003964	87
7808.847360	37.329475	1.109274	0.003997	89
7810.923520	37.318546	1.109371	0.003947	91
7813.000192	37.320103	1.109797	0.003914	93
7815.076352	37.283794	1.109876	0.003762	95
7817.153024	37.291183	1.110091	0.003761	97
7819.229184	37.287132	1.110379	0.003700	99
7821.305344	37.289200	1.109843	0.003658	101
7823.381504	37.260899	1.110390	0.003826	103
7825.457664	37.252094	1.110053	0.003973	105
7827.533824	37.238491	1.110125	0.004109	107
7829.610496	37.219849	1.110637	0.003924	109
7831.687680	37.226433	1.111750	0.004060	111
7833.764352	37.235107	1.111758	0.003633	113
7835.840000	37.197708	1.110990	0.003899	115
7837.916672	37.177059	1.111934	0.003965	117
7839.992320	37.180027	1.110542	0.003788	119
7842.068480	37.164948	1.110132	0.003965	121
7844.145152	37.185394	1.109704	0.004027	123
7846.221824	37.156391	1.110266	0.004042	125
7848.297472	37.148083	1.110202	0.004064	127
7850.374144	37.134731	1.110047	0.004055	129
7852.449792	37.117737	1.110307	0.004031	131
7854.525952	37.119755	1.108986	0.004018	133
7856.602112	37.107967	1.109183	0.004049	135
7858.678272	37.096333	1.108199	0.003970	137
7860.754432	37.094921	1.107814	0.003986	139
7862.831104	37.097633	1.108507	0.003871	141
7864.907264	37.079952	1.108472	0.003878	143
7866.983936	37.087551	1.109084	0.004128	145
7869.060096	37.045349	1.108450	0.004183	147
7871.136256	37.026691	1.108824	0.004419	149
7873.212416	37.029366	1.108872	0.004033	151
7875.288576	37.019974	1.107944	0.003934	153
7877.364736	37.023746	1.107712	0.003857	155
7879.441408	37.006535	1.108471	0.004086	157
7881.517568	36.995010	1.109494	0.003987	159
7883.594240	37.013531	1.108881	0.004015	161
7885.669888	36.994656	1.109802	0.004196	163
7887.746560	37.010483	1.109966	0.004063	165
7889.822720	36.947445	1.110293	0.004257	167
7891.898880	36.954010	1.109290	0.004053	169
7893.975552	36.945957	1.109183	0.004102	171
7896.051712	36.933674	1.108674	0.003978	173
7898.127872	36.948627	1.109283	0.004075	175
7900.203520	36.938347	1.109377	0.004478	177
7902.280704	36.925716	1.110968	0.004369	179
7904.356352	36.909367	1.110706	0.004301	181
7906.432512	36.923306	1.111275	0.004107	183
7908.509184	36.885296	1.112305	0.004297	185
7910.585344	36.866707	1.111458	0.004080	187
7912.660992	36.886681	1.111676	0.004162	189
7914.737664	36.813705	1.110401	0.003744	191
7916.813824	36.859184	1.109606	0.004347	193
7918.890496	36.857830	1.108473	0.004119	195
7920.966144	36.856194	1.107984	0.004314	197
7923.042816	36.801281	1.109255	0.004016	199
7925.118976	36.816826	1.109494	0.004077	201
7927.195648	36.828598	1.109883	0.004665	203
7929.271296	36.822247	1.109097	0.003967	205
7931.347968	36.766502	1.109236	0.004137	207
7933.423616	36.769497	1.107458	0.004162	209
7935.499776	36.796688	1.107139	0.004252	211
7937.576448	36.783627	1.107306	0.004298	213
7939.652608	36.793514	1.107785	0.004334	215
7941.728768	36.765800	1.107861	0.004251	217
7943.805440	36.743805	1.108692	0.004300	219
7945.881600	36.745422	1.108724	0.004492	221
7947.958272	36.739693	1.109342	0.004263	223
7950.033920	36.730167	1.109681	0.004155	225
7952.110592	36.702217	1.109032	0.004131	227
7954.186752	36.672234	1.109252	0.004439	229
7956.263424	36.748951	1.110282	0.004333	231
7958.339072	36.682465	1.109063	0.003885	233
7960.415744	36.643497	1.110047	0.004194	235
7962.491904	36.635651	1.109629	0.004158	237
7964.568576	36.663609	1.110760	0.003916	239
7966.644736	36.631149	1.108894	0.004106	241
7968.720896	36.662949	1.110089	0.004390	243
7970.797056	36.623333	1.110616	0.004069	245
7972.873216	36.591984	1.110951	0.003890	247
7974.949888	36.592243	1.109946	0.003959	249
7977.026048	36.593613	1.110383	0.004213	251
7979.102208	36.567448	1.111918	0.004225	253
7981.178368	36.570629	1.110846	0.003996	255
7983.255040	36.558590	1.111837	0.004123	1
7985.331200	36.559608	1.111828	0.004174	3
7987.407360	36.551476	1.111886	0.004137	5
7989.483520	36.543995	1.111174	0.004079	7
7991.559168	36.526691	1.111068	0.004124	9
7993.635840	36.529537	1.109837	0.004239	11
7995.712000	36.510441	1.108084	0.004207	13
7997.788672	36.520611	1.109394	0.004109	15
7999.864832	36.526054	1.108939	0.004112	17
8001.940992	36.467213	1.109772	0.003825	19
8004.017152	36.518719	1.109832	0.004260	21
8006.093312	36.457996	1.110712	0.004356	23
8008.169472	36.478294	1.110194	0.004141	25
8010.245632	36.455120	1.110137	0.004157	27
8012.321792	36.444546	1.110498	0.004288	29
8014.398464	36.466869	1.110846	0.004292	31
8016.474624	36.370071	1.109542	0.004307	33
8018.550272	36.465816	1.108590	0.004294	35
8020.626944	36.434010	1.109610	0.004250	37
8022.703616	36.396729	1.109237	0.004128	39
8024.779264	36.429047	1.108889	0.004282	41
8026.855936	36.354195	1.109090	0.004024	43
8028.932096	36.384808	1.109765	0.004122	45
8031.009280	36.375443	1.108553	0.004120	47
8033.085440	36.364956	1.108658	0.004371	49
8035.161088	36.342144	1.108990	0.004027	51
8037.237760	36.343040	1.109673	0.004143	53
8039.314432	36.351334	1.109255	0.004089	55
8041.390592	36.313053	1.109886	0.004135	57
8043.466752	36.305969	1.109457	0.004339	59
8045.542912	36.299866	1.109561	0.004167	61
8047.619072	36.287178	1.109470	0.004169	63
8049.695744	36.264706	1.108451	0.004242	65
8051.771904	36.288651	1.108993	0.003682	67
8053.848064	36.257683	1.109783	0.004323	69
8055.924224	36.225746	1.109676	0.004190	71
8057.999872	36.241852	1.108868	0.003753	73
8060.076544	36.187706	1.109355	0.004224	75
8062.152704	36.211018	1.109276	0.004081	77
8064.228864	36.207123	1.109432	0.004077	79
8066.305024	36.188679	1.108654	0.003852	81
8068.381184	36.137844	1.109141	0.003514	83
8070.457856	36.152836	1.110198	0.003621	85
8072.534016	36.142956	1.109156	0.004075	87
8074.610176	36.216553	1.107785	0.004733	89
8076.686336	36.139549	1.108029	0.003889	91
8078.762496	36.114567	1.109321	0.003511	93
8080.839168	36.089535	1.109764	0.003421	95
8082.914816	36.097523	1.109824	0.003382	97
8084.991488	36.070507	1.109791	0.003486	99
8087.067648	36.077049	1.109930	0.003579	101
8089.143808	36.081310	1.109711	0.003667	103
8091.220480	36.037277	1.109265	0.003690	105
8093.297152	36.021305	1.109732	0.003494	107
8095.372800	36.036205	1.108399	0.003545	109
8097.449472	36.022343	1.108721	0.003621	111
8099.525632	35.998562	1.108717	0.003652	113
8101.601792	36.030899	1.108842	0.003642	115
8103.677952	35.988697	1.109336	0.003624	117
8105.754624	35.987892	1.108451	0.003428	119
8107.830784	36.004349	1.107942	0.003685	121
8109.906944	35.964012	1.107991	0.003605	123
8111.983104	35.962738	1.107579	0.003847	125
8114.059776	35.952862	1.109517	0.003848	127
8116.135424	35.938774	1.109699	0.003523	129
8118.211584	35.911015	1.111405	0.004157	131
8120.287744	35.972118	1.110556	0.003385	133
8122.364416	35.879341	1.111434	0.004054	135
8124.440576	35.896923	1.110365	0.003644	137
8126.516736	35.900372	1.110801	0.004088	139
8128.592896	35.884781	1.111332	0.004453	141
8130.669056	35.882332	1.111254	0.003841	143
8132.745728	35.844318	1.111783	0.003679	145
8134.821888	35.852062	1.111326	0.003956	147
8136.898048	35.856819	1.111200	0.003811	149
8138.974720	35.833969	1.110863	0.003890	151
8141.050880	35.826900	1.112076	0.003982	153
8143.127040	35.821423	1.112452	0.003628	155
8145.203200	35.826828	1.111710	0.003611	157
8147.279872	35.806278	1.111614	0.003984	159
8149.355520	35.798317	1.110546	0.003896	161
8151.432192	35.788902	1.111609	0.003923	163
8153.508864	35.790169	1.110627	0.003633	165
8155.585024	35.785419	1.110584	0.003534	167
8157.661184	35.749683	1.111266	0.003960	169
8159.737344	35.734737	1.110945	0.003674	171
8161.814016	35.737175	1.111417	0.003493	173
8163.890176	35.744926	1.110790	0.003779	175
8165.966336	35.714569	1.110420	0.003920	177
8168.042496	35.742428	1.111140	0.003828	179
8170.118656	35.701866	1.111943	0.003894	181
8172.194816	35.687515	1.112639	0.003804	183
8174.271488	35.685619	1.112576	0.003699	185
8176.347648	35.681122	1.112478	0.003692	187
8178.423808	35.637798	1.112599	0.003507	189
8180.499968	35.647278	1.111787	0.003660	191
8182.576640	35.640057	1.113099	0.003641	193
8184.652288	35.601837	1.112861	0.003498	195
8186.728960	35.610092	1.111164	0.003600	197
8188.804608	35.620846	1.111305	0.003745	199
8190.881280	35.612167	1.111740	0.003576	201
8192.957440	35.562973	1.110897	0.003758	203
8195.033600	35.563286	1.110049	0.003660	205
8197.109760	35.568020	1.109594	0.003801	207
8199.186432	35.543850	1.109577	0.003729	209
8201.262592	35.549309	1.109896	0.003747	211
8203.338752	35.520832	1.109526	0.003575	213
8205.414912	35.534752	1.109147	0.003660	215
8207.491072	35.505405	1.108999	0.003692	217
8209.567744	35.494747	1.109091	0.003498	219
8211.643392	35.494122	1.108793	0.003605	221
8213.720064	35.483494	1.110078	0.003356	223
8215.796224	35.463543	1.109042	0.003555	225
8217.872896	35.451935	1.108720	0.003640	227
8219.949056	35.452465	1.109005	0.003566	229
8222.025216	35.447281	1.108250	0.003559	231
8224.101376	35.442585	1.109034	0.003775	233
8226.177536	35.423111	1.109865	0.003716	235
8228.254208	35.421406	1.109609	0.003606	237
8230.330368	35.385254	1.110592	0.004004	239
8232.406528	35.404102	1.111280	0.003707	241
8234.482688	35.392639	1.112247	0.003685	243
8236.559360	35.369556	1.111230	0.003765	245
8238.635520	35.366150	1.111349	0.003848	247
8240.711680	35.392891	1.110013	0.004072	249
8242.787840	35.326839	1.110617	0.003811	251
8244.864512	35.341785	1.110996	0.003814	253
8246.940672	35.320869	1.111526	0.003889	255
8249.016832	35.313774	1.110145	0.003733	1
8251.092992	35.310703	1.111348	0.003792	3
8253.169664	35.281563	1.110463	0.003790	5
8255.245312	35.267681	1.110983	0.003679	7
8257.321472	35.278316	1.112063	0.003696	9
8259.398144	35.245701	1.112151	0.003503	11
8261.474304	35.246815	1.111169	0.003728	13
8263.550464	35.240891	1.111021	0.003782	15
8265.627136	35.211388	1.111309	0.003464	17
8267.702784	35.207920	1.110517	0.003749	19
8269.778944	35.206181	1.108988	0.003498	21
8271.856128	35.199417	1.109670	0.003735	23
8273.932288	35.179050	1.109450	0.003673	25
8276.007936	35.184586	1.109895	0.003824	27
8278.084608	35.178932	1.109808	0.003591	29
8280.160768	35.169388	1.109349	0.003793	31
8282.236928	35.161018	1.110086	0.004021	33
8284.313088	35.157207	1.109062	0.003741	35
8286.389248	35.142365	1.109963	0.004133	37
8288.465408	35.115307	1.109820	0.003942	39
8290.541568	35.122814	1.110087	0.003897	41
8292.617728	35.115913	1.109342	0.003813	43
8294.694400	35.101498	1.110590	0.004078	45
8296.770560	35.106979	1.111080	0.003934	47
8298.846720	35.076347	1.111214	0.003818	49
8300.923392	35.069721	1.110602	0.003937	51
8302.999552	35.051121	1.110422	0.003841	53
8305.075712	35.049194	1.110116	0.003761	55
8307.152384	35.035297	1.110113	0.003716	57
8309.228032	35.039146	1.110552	0.003852	59
8311.304192	35.039917	1.110730	0.003961	61
8313.381376	35.037994	1.110833	0.003842	63
8315.457536	34.982273	1.110451	0.003449	65
8317.533184	34.985046	1.111449	0.003997	67
8319.609856	34.980785	1.111930	0.003882	69
8321.686016	34.969971	1.111934	0.003886	71
8323.762176	34.954170	1.111669	0.003861	73
8325.838336	34.951714	1.110938	0.003868	75
8327.914496	34.954075	1.111103	0.003851	77
8329.991168	34.953728	1.111640	0.003633	79
8332.067328	34.937111	1.111607	0.003945	81
8334.142976	34.937435	1.112004	0.003976	83
8336.219648	34.913544	1.112809	0.004146	85
8338.296320	34.916451	1.112650	0.003999	87
8340.372480	34.914570	1.113065	0.004266	89
8342.448640	34.865593	1.112014	0.003960	91
8344.524800	34.871349	1.111874	0.004090	93
8346.600960	34.865379	1.109928	0.003914	95
8348.677632	34.856201	1.110332	0.004019	97
8350.753792	34.845997	1.110608	0.004110	99
8352.829952	34.831463	1.111109	0.004062	101
8354.905600	34.812710	1.110986	0.003934	103
8356.982272	34.802776	1.110029	0.003864	105
8359.058432	34.802689	1.111362	0.003768	107
8361.134592	34.818584	1.111255	0.003721	109
8363.210752	34.776421	1.111916	0.003674	111
8365.287424	34.767624	1.109983	0.003564	113
8367.363584	34.732838	1.109445	0.003866	115
8369.440256	34.756187	1.109618	0.003787	117
8371.515904	34.731911	1.109423	0.003730	119
8373.592064	34.737766	1.109933	0.003547	121
8375.668224	34.717640	1.110139	0.003757	123
8377.744896	34.714558	1.111293	0.003796	125
8379.821056	34.677452	1.111339	0.003945	127
8381.897216	34.708187	1.110809	0.003663	129
8383.973376	34.627892	1.111582	0.002942	131
8386.050048	34.656292	1.112564	0.003832	133
8388.126208	34.684498	1.112550	0.004099	135
8390.202368	34.663555	1.112384	0.003980	137
8392.278528	34.665466	1.112098	0.004151	139
8394.354688	34.634499	1.111672	0.003806	141
8396.430848	34.647930	1.112769	0.004137	143
8398.507520	34.635361	1.113302	0.004064	145
8400.584192	34.645344	1.112417	0.004132	147
8402.659840	34.606030	1.110608	0.004064	149
8404.736512	34.604137	1.109812	0.003849	151
8406.812672	34.614864	1.110200	0.004106	153
8408.888320	34.603237	1.109824	0.004051	155
8410.965504	34.598663	1.110760	0.003964	157
8413.041664	34.554054	1.110509	0.003981	159
8415.117824	34.574802	1.110994	0.004040	161
8417.193984	34.560158	1.111057	0.003851	163
8419.270144	34.536091	1.110202	0.003938	165
8421.346304	34.545582	1.109841	0.003791	167
8423.421952	34.518147	1.110646	0.003792	169
8425.498624	34.507980	1.110390	0.003901	171
8427.575808	34.516960	1.109830	0.003892	173
8429.651456	34.507912	1.109596	0.003759	175
8431.727616	34.481312	1.109791	0.003759	177
8433.803776	34.481785	1.108865	0.003635	179
8435.879936	34.432316	1.108647	0.003833	181
8437.956096	34.461815	1.108781	0.003883	183
8440.032768	34.449085	1.108970	0.003730	185
8442.108928	34.433403	1.108648	0.003788	187
8444.185088	34.415619	1.107858	0.003872	189
8446.261248	34.427319	1.108869	0.003963	191
8448.337408	34.416107	1.108364	0.003827	193
8450.414080	34.418648	1.108343	0.003848	195
8452.490240	34.383705	1.108445	0.003857	197
8454.566400	34.380188	1.109854	0.003790	199
8456.642560	34.386238	1.109974	0.003710	201
8458.719232	34.377277	1.110144	0.003868	203
8460.795392	34.339046	1.109000	0.003635	205
8462.871040	34.341808	1.108896	0.003910	207
8464.947712	34.335548	1.109626	0.003834	209
8467.023872	34.327930	1.109208	0.003782	211
8469.100544	34.344257	1.109565	0.003948	213
8471.177216	34.312485	1.109411	0.003908	215
8473.252864	34.291100	1.109142	0.003837	217
8475.329024	34.284691	1.109693	0.003902	219
8477.405696	34.262207	1.109696	0.003588	221
8479.481344	34.284435	1.109160	0.003628	223
8481.557504	34.273201	1.108898	0.003910	225
8483.634176	34.274662	1.109409	0.004058	227
8485.710848	34.237938	1.108520	0.003907	229
8487.787008	34.236164	1.108419	0.003810	231
8489.862656	34.230251	1.108759	0.003892	233
8491.939328	34.211567	1.110027	0.003873	235
8494.015488	34.192478	1.109245	0.003847	237
8496.091648	34.194019	1.109864	0.003815	239
8498.167808	34.151875	1.109885	0.003682	241
8500.244480	34.177742	1.110010	0.003744	243
8502.320128	34.161133	1.110622	0.003617	245
8504.396800	34.144672	1.110602	0.003828	247
8506.472960	34.134937	1.108752	0.003594	249
8508.549120	34.125641	1.109193	0.003249	251
8510.625792	34.129272	1.107613	0.003799	253
8512.701952	34.098454	1.108287	0.003500	255
8514.778112	34.093338	1.108922	0.004451	1
8516.854272	34.012764	1.109998	0.003197	3
8518.930432	34.079700	1.109312	0.003728	5
8521.007104	34.071766	1.109436	0.003654	7
8523.083264	34.064266	1.109833	0.003610	9
8525.159424	34.041962	1.109598	0.003621	11
8527.235584	34.033752	1.110013	0.003549	13
8529.312256	34.030918	1.109704	0.003688	15
8531.388416	33.988758	1.109586	0.003740	17
8533.464576	34.021027	1.109957	0.003683	19
8535.540736	33.981720	1.111043	0.003723	21
8537.616896	34.057289	1.110665	0.004048	23
8539.693568	33.959885	1.111446	0.003927	25
8541.770240	33.959999	1.110537	0.003804	27
8543.846400	33.961838	1.111082	0.003950	29
8545.922560	33.909489	1.111835	0.003938	31
8547.998720	33.913078	1.112928	0.003815	33
8550.074880	33.920048	1.112068	0.003251	35
8552.151040	33.903015	1.111314	0.003665	37
8554.227200	33.908020	1.110778	0.003675	39
8556.303872	33.897243	1.110571	0.003820	41
8558.380032	33.885754	1.109799	0.003856	43
8560.456192	33.865135	1.111054	0.003827	45
8562.532352	33.864220	1.110735	0.003944	47
8564.609024	33.848583	1.110792	0.003915	49
8566.685184	33.821682	1.109675	0.004719	51
8568.761344	33.845676	1.109500	0.004116	53
8570.837504	33.816891	1.111036	0.003793	55
8572.914176	33.813847	1.110777	0.003792	57
8574.989824	33.798763	1.111969	0.003741	59
8577.066496	33.778316	1.111066	0.003863	61
8579.142656	33.778767	1.110155	0.003660	63
8581.218816	33.774349	1.110280	0.003832	65
8583.294976	33.752853	1.109481	0.003715	67
8585.371136	33.748501	1.109918	0.003579	69
8587.447808	33.732994	1.110695	0.003764	71
8589.523456	33.710415	1.108672	0.003455	73
8591.599616	33.730976	1.110059	0.003809	75
8593.676288	33.678009	1.110174	0.003608	77
8595.752960	33.702263	1.110661	0.003974	79
8597.828608	33.679859	1.110842	0.003976	81
8599.905280	33.673042	1.110372	0.003762	83
8601.980928	33.678974	1.109363	0.003755	85
8604.057600	33.644657	1.109805	0.003869	87
8606.134272	33.648365	1.109358	0.003870	89
8608.210944	33.637287	1.109044	0.003855	91
8610.286592	33.630932	1.110065	0.004015	93
8612.362240	33.611198	1.109614	0.003757	95
8614.439936	33.602203	1.110403	0.003820	97
8616.515584	33.586864	1.109885	0.003558	99
8618.591232	33.606449	1.110399	0.003746	101
8620.667904	33.585697	1.110987	0.003685	103
8622.743552	33.587990	1.110330	0.003707	105
8624.820224	33.559059	1.111541	0.003843	107
8626.895872	33.554844	1.111411	0.003790	109
8628.972544	33.519047	1.112221	0.003857	111
8631.048192	33.555023	1.112925	0.003751	113
8633.124864	33.540352	1.114556	0.003767	115
8635.201536	33.524197	1.114735	0.003890	117
8637.278208	33.553352	1.114761	0.004053	119
8639.353856	33.526592	1.114906	0.003746	121
8641.430528	33.507832	1.114717	0.003730	123
8643.507200	33.458851	1.114397	0.003546	125
8645.583872	33.473293	1.112219	0.003673	127
8647.659520	33.462963	1.113322	0.003779	129
8649.735168	33.464203	1.112985	0.003996	131
8651.811840	33.447521	1.113164	0.003925	133
8653.888512	33.458668	1.113853	0.003864	135
8655.964160	33.446232	1.114771	0.004076	137
8658.039808	33.409073	1.114352	0.003965	139
8660.116480	33.426033	1.114529	0.004056	141
8662.193152	33.399189	1.114006	0.003921	143
8664.269824	33.395306	1.113675	0.003937	145
8666.345472	33.391823	1.112470	0.004009	147
8668.422144	33.368465	1.114016	0.004057	149
8670.497792	33.371941	1.113283	0.003894	151
8672.574464	33.335163	1.114122	0.004058	153
8674.651136	33.371033	1.113144	0.004139	155
8676.726784	33.371914	1.112582	0.004476	157
8678.803456	33.301346	1.112219	0.003531	159
8680.880128	33.348217	1.112002	0.003921	161
8682.956800	33.318153	1.111478	0.004059	163
8685.032448	33.305023	1.110949	0.004091	165
8687.108096	33.301113	1.111934	0.004356	167
8689.185792	33.301846	1.112210	0.003649	169
8691.260416	33.288376	1.111905	0.003881	171
8693.337088	33.257996	1.112154	0.003662	173
8695.413760	33.281647	1.111520	0.003621	175
8697.489408	33.246925	1.110348	0.003768	177
8699.566080	33.248112	1.111771	0.003943	179
8701.641728	33.244022	1.111465	0.003644	181
8703.718400	33.224510	1.112228	0.003733	183
8705.794048	33.217220	1.111604	0.003668	185
8707.871744	33.219830	1.113079	0.003936	187
8709.947392	33.215199	1.112065	0.003911	189
8712.023040	33.191029	1.113354	0.003768	191
8714.099712	33.208763	1.113708	0.004007	193
8716.176384	33.210384	1.113885	0.003842	195
8718.253056	33.171921	1.114282	0.004072	197
8720.329728	33.166759	1.112626	0.003694	199
8722.404352	33.137703	1.112310	0.003854	201
8724.482048	33.174427	1.113286	0.004036	203
8726.557696	33.118423	1.112056	0.004629	205
8728.634368	33.056995	1.110847	0.003586	207
8730.710016	33.122631	1.109951	0.003821	209
8732.786688	33.116573	1.109861	0.003876	211
8734.862336	33.110325	1.110544	0.004031	213
8736.939008	33.101757	1.110205	0.003879	215
8739.014656	33.089851	1.111425	0.004044	217
8741.091328	33.089844	1.111755	0.004053	219
8743.166976	33.080544	1.112167	0.004125	221
8745.244672	33.064339	1.110257	0.003829	223
8747.319296	33.062767	1.110850	0.004148	225
8749.395968	33.056194	1.111048	0.004352	227
8751.471616	33.042809	1.110312	0.004476	229
8753.548288	33.028828	1.111907	0.003907	231
8755.624960	33.055618	1.112468	0.004448	233
8757.700608	32.994736	1.112001	0.004141	235
8759.777280	32.981133	1.112121	0.004149	237
8761.852928	32.986900	1.110766	0.003837	239
8763.929600	32.967056	1.111650	0.003812	241
8766.006272	32.964790	1.112084	0.003772	243
8768.081920	32.959061	1.111628	0.003868	245
8770.158592	32.948044	1.112630	0.003825	247
8772.235264	32.943241	1.111744	0.003791	249
8774.311936	32.932674	1.112455	0.004115	251
8776.387584	32.939106	1.112777	0.003921	253
8778.463232	32.908302	1.113374	0.004064	255
8780.540928	32.913311	1.111863	0.003840	1
8782.615552	32.920376	1.112544	0.004081	3
8784.692224	32.908062	1.113621	0.004019	5
8786.768896	32.897194	1.114211	0.003870	7
8788.845568	32.874977	1.113691	0.003840	9
8790.921216	32.869427	1.113921	0.003941	11
8792.997888	32.845211	1.113377	0.004016	13
8795.073536	32.840076	1.114148	0.004038	15
8797.149184	32.824127	1.112628	0.004020	17
8799.225856	32.826103	1.113620	0.003943	19
8801.303552	32.775112	1.112382	0.003804	21
8803.379200	32.849777	1.112296	0.003932	23
8805.454848	32.823540	1.112876	0.004056	25
8807.530496	32.799728	1.112497	0.003921	27
8809.608192	32.818420	1.112311	0.004117	29
8811.684864	32.816769	1.111479	0.004313	31
8813.759488	32.783787	1.110691	0.004285	33
8815.836160	32.779144	1.112116	0.004202	35
8817.912832	32.768387	1.112225	0.004085	37
8819.988480	32.759087	1.111161	0.004184	39
8822.065152	32.759171	1.111917	0.003968	41
8824.140800	32.742134	1.111729	0.004490	43
8826.217472	32.709347	1.111767	0.004133	45
8828.294144	32.723362	1.110927	0.004047	47
8830.369792	32.696831	1.110603	0.004019	49
8832.446464	32.688202	1.111190	0.004063	51
8834.522112	32.724571	1.111749	0.004480	53
8836.598784	32.692894	1.112298	0.004160	55
8838.675456	32.656002	1.112600	0.003976	57
8840.751104	32.674618	1.112934	0.004357	59
8842.827776	32.665516	1.111862	0.004066	61
8844.903424	32.652927	1.113206	0.004137	63
8846.981120	32.647400	1.113024	0.003967	65
8849.055744	32.658592	1.111707	0.003722	67
8851.132416	32.622910	1.114030	0.004111	69
8853.210112	32.639256	1.114227	0.004284	71
8855.285760	32.618710	1.113342	0.004615	73
8857.361408	32.612209	1.113771	0.003857	75
8859.438080	32.600666	1.113744	0.004238	77
8861.515776	32.607220	1.114707	0.004145	79
8863.590400	32.580318	1.113401	0.004029	81
8865.667072	32.568233	1.112812	0.003862	83
8867.743744	32.533138	1.112649	0.004080	85
8869.819392	32.559429	1.111985	0.004032	87
8871.896064	32.562313	1.111449	0.004020	89
8873.971712	32.546951	1.111149	0.003940	91
8876.048384	32.520557	1.111439	0.003806	93
8878.124032	32.514355	1.111310	0.003481	95
8880.199680	32.546715	1.112184	0.003718	97
8882.276352	32.533894	1.112912	0.004374	99
8884.352000	32.472366	1.113601	0.004338	101
8886.429696	32.507004	1.112472	0.004093	103
8888.505344	32.483318	1.111306	0.004207	105
8890.580992	32.509590	1.112629	0.004684	107
8892.657664	32.443069	1.112360	0.003940	109
8894.734336	32.472797	1.112151	0.003939	111
8896.809984	32.451878	1.112357	0.003977	113
8898.885632	32.387058	1.111978	0.003669	115
8900.962304	32.441345	1.113326	0.003731	117
8903.038976	32.376038	1.111881	0.004088	119
8905.115648	32.401855	1.111359	0.004153	121
8907.191296	32.425690	1.110648	0.004126	123
8909.267968	32.391678	1.110514	0.004262	125
8911.344640	32.400024	1.110861	0.004115	127
8913.420288	32.373161	1.111164	0.004078	129
8915.495936	32.385403	1.110878	0.003826	131
8917.573632	32.379944	1.109958	0.003946	133
8919.649280	32.441586	1.109539	0.003682	135
8921.724928	32.371212	1.110295	0.004384	137
8923.801600	32.355835	1.110380	0.004143	139
8925.877248	32.346954	1.111443	0.004305	141
8927.953920	32.328114	1.111852	0.004173	143
8930.031616	32.312469	1.111159	0.004157	145
8932.107264	32.353981	1.112727	0.003929	147
8934.182912	32.319561	1.113045	0.004120	149
8936.258560	32.288872	1.113232	0.004243	151
8938.336256	32.276115	1.113294	0.004246	153
8940.411904	32.265167	1.112096	0.004287	155
8942.487552	32.269573	1.112135	0.004140	157
8944.565248	32.254066	1.112447	0.003886	159
8946.640896	32.264641	1.111658	0.003881	161
8948.716544	32.251961	1.112430	0.004065	163
8950.793216	32.252247	1.112174	0.004053	165
8952.868864	32.225590	1.112681	0.004272	167
8954.945536	32.230846	1.112002	0.004228	169
8957.021184	32.212151	1.112922	0.004135	171
8959.097856	32.211224	1.112391	0.004401	173
8961.174528	32.194199	1.110790	0.004055	175
8963.250176	32.186676	1.110583	0.004574	177
8965.326848	32.211166	1.109817	0.004787	179
8967.403520	32.130871	1.110825	0.004225	181
8969.480192	32.168865	1.110934	0.003738	183
8971.555840	32.153378	1.109392	0.004033	185
8973.631488	32.157623	1.110208	0.004162	187
8975.709184	32.144890	1.110248	0.004181	189
8977.783808	32.116150	1.111641	0.004120	191
8979.860480	32.136272	1.111236	0.004016	193
8981.937152	32.126541	1.109958	0.004236	195
8984.012800	32.158936	1.110057	0.004602	197
8986.089472	32.104237	1.110989	0.004243	199
8988.166144	32.072712	1.110531	0.004138	201
8990.241792	32.083694	1.110472	0.004352	203
8992.318464	32.049210	1.109238	0.003814	205
8994.394112	32.049980	1.109459	0.003767	207
8996.470784	32.076508	1.111260	0.004415	209
8998.547456	32.050488	1.110312	0.004312	211
9000.623104	32.019604	1.110579	0.004161	213
9002.699776	32.032719	1.110432	0.004133	215
9004.776448	32.029125	1.111114	0.004340	217
9006.852096	32.029751	1.109935	0.004053	219
9008.928768	31.969509	1.110384	0.004276	221
9011.005440	31.935759	1.109786	0.004850	223
9013.081088	32.007366	1.109768	0.004306	225
9015.156736	32.002907	1.110607	0.004451	227
9017.232384	31.976795	1.111995	0.004368	229
9019.310080	31.980080	1.110998	0.003970	231
9021.384704	31.959129	1.111254	0.004483	233
9023.461376	31.947126	1.112153	0.004123	235
9025.538048	31.986105	1.112540	0.004113	237
9027.614720	31.964823	1.111439	0.004194	239
9029.690368	31.943428	1.112122	0.004050	241
9031.767040	31.956488	1.111016	0.004655	243
9033.842688	31.899408	1.111992	0.004632	245
9035.919360	31.886694	1.111420	0.004481	247
9037.995008	31.859344	1.111052	0.004384	249
9040.071680	31.869143	1.110880	0.004616	251
9042.148352	31.937229	1.110732	0.004491	253
9044.224000	31.877966	1.111259	0.004579	255
9046.301696	31.892696	1.111081	0.004346	1
9048.376320	31.858379	1.111304	0.004373	3
9050.454016	31.877043	1.110804	0.004299	5
9052.528640	31.849024	1.110267	0.004221	7
9054.606336	31.840389	1.110984	0.004473	9
9056.681984	31.846296	1.110741	0.004102	11
9058.758656	31.829433	1.111153	0.004242	13
9060.834304	31.839357	1.111051	0.004394	15
9062.910976	31.816257	1.111783	0.004195	17
9064.986624	31.777208	1.111946	0.004356	19
9067.063296	31.811832	1.111600	0.004216	21
9069.138944	31.792707	1.111978	0.004323	23
9071.215616	31.775145	1.112342	0.004305	25
9073.292288	31.772957	1.112655	0.004211	27
9075.367936	31.744755	1.113369	0.004308	29
9077.444608	31.748013	1.112761	0.004227	31
9079.521280	31.740591	1.112126	0.004447	33
9081.597952	31.710413	1.111232	0.004033	35
9083.673600	31.735176	1.111825	0.004609	37
9085.750272	31.714373	1.112305	0.004135	39
9087.825920	31.731871	1.112817	0.004223	41
9089.902592	31.692513	1.113079	0.004259	43
9091.978240	31.688547	1.111854	0.004281	45
9094.054912	31.693808	1.110184	0.004419	47
9096.130560	31.677879	1.110007	0.004330	49
9098.207232	31.675097	1.111657	0.004325	51
9100.283904	31.663244	1.110765	0.004229	53
9102.360576	31.663481	1.110552	0.004057	55
9104.436224	31.660326	1.111498	0.004426	57
9106.511872	31.649168	1.110973	0.004186	59
9108.588544	31.623890	1.110515	0.004084	61
9110.665216	31.625826	1.109614	0.003938	63
9112.741888	31.593895	1.108405	0.004401	65
9114.816512	31.605364	1.109369	0.004088	67
9116.893184	31.618896	1.109719	0.004049	69
9118.969856	31.591093	1.110725	0.004220	71
9121.046528	31.601423	1.110909	0.003970	73
9123.122176	31.581371	1.110520	0.004213	75
9125.198848	31.581707	1.110735	0.004350	77
9127.274496	31.583820	1.110351	0.004142	79
9129.350144	31.558784	1.110841	0.004209	81
9131.427840	31.545826	1.111278	0.004323	83
9133.503488	31.534702	1.110792	0.004242	85
9135.580160	31.546776	1.111034	0.004325	87
9137.656832	31.530396	1.111391	0.004440	89
9139.732480	31.541016	1.112625	0.004440	91
9141.809152	31.474833	1.111729	0.003870	93
9143.883776	31.539770	1.112234	0.004349	95
9145.961472	31.508919	1.112536	0.004310	97
9148.038144	31.484388	1.111248	0.004793	99
9150.113792	31.502584	1.111825	0.004457	101
9152.190464	31.494263	1.110885	0.004734	103
9154.267136	31.454887	1.112358	0.003988	105
9156.342784	31.423243	1.110102	0.003983	107
9158.418432	31.451420	1.109788	0.004400	109
9160.495104	31.436676	1.109308	0.003952	111
9162.570752	31.408142	1.109609	0.003909	113
9164.647424	31.446709	1.111599	0.004047	115
9166.724096	31.438360	1.111553	0.004239	117
9168.800768	31.405930	1.110845	0.004137	119
9170.876416	31.389660	1.111139	0.004136	121
9172.953088	31.400299	1.110497	0.004014	123
9175.028736	31.415703	1.110995	0.004187	125
9177.105408	31.337519	1.110116	0.004550	127
9179.182080	31.381660	1.108840	0.004131	129
9181.256704	31.373508	1.109894	0.004413	131
9183.334400	31.417210	1.109325	0.004010	133
9185.411072	31.369886	1.111096	0.004348	135
9187.486720	31.345995	1.110334	0.004381	137
9189.563392	31.336222	1.110431	0.004247	139
9191.639040	31.317726	1.110283	0.004058	141
9193.715712	31.292265	1.111202	0.004280	143
9195.792384	31.295467	1.111722	0.003825	145
9197.868032	31.264296	1.110534	0.004146	147
9199.944704	31.280176	1.112078	0.003852	149
9202.020352	31.281511	1.110680	0.003816	151
9204.097024	31.272251	1.111451	0.004149	153
9206.172672	31.261734	1.110596	0.004104	155
9208.249344	31.251106	1.111527	0.004215	157
9210.326016	31.248972	1.112052	0.004169	159
9212.401664	31.247198	1.111203	0.004114	161
9214.478336	31.233870	1.113128	0.004041	163
9216.553984	31.225601	1.111837	0.004156	165
9218.631680	31.195698	1.112788	0.004290	167
9220.706304	31.220377	1.112937	0.004025	169
9222.782976	31.229153	1.112067	0.004522	171
9224.859648	31.210684	1.112425	0.004282	173
9226.936320	31.152712	1.113257	0.004158	175
9229.011968	31.179058	1.112872	0.004273	177
9231.088640	31.150904	1.112870	0.004527	179
9233.165312	31.160534	1.112377	0.004310	181
9235.240960	31.137770	1.112345	0.004230	183
9237.317632	31.147928	1.113119	0.004267	185
9239.393280	31.130886	1.112142	0.004427	187
9241.468928	31.120974	1.111042	0.004381	189
9243.545600	31.115929	1.110829	0.004483	191
9245.622272	31.111412	1.109885	0.004355	193
9247.698944	31.114542	1.111133	0.004397	195
9249.774592	31.110764	1.109944	0.004333	197
9251.851264	31.086990	1.110563	0.004197	199
9253.926912	31.083927	1.109463	0.004911	201
9256.003584	31.021196	1.109034	0.004559	203
9258.079232	31.065882	1.109035	0.004300	205
9260.155904	31.056520	1.109750	0.004561	207
9262.232576	31.030497	1.110549	0.004438	209
9264.307200	31.046831	1.108489	0.004425	211
9266.384896	31.036104	1.108073	0.004499	213
9268.460544	31.023642	1.107759	0.003850	215
9270.537216	31.042591	1.107735	0.004369	217
9272.613888	31.014643	1.108293	0.004360	219
9274.690560	31.018282	1.109486	0.004386	221
9276.766208	30.995718	1.109518	0.004233	223
9278.841856	31.005478	1.110310	0.004435	225
9280.918528	30.969669	1.111808	0.004369	227
9282.995200	30.966187	1.111006	0.004326	229
9285.070848	30.936792	1.111868	0.004698	231
9287.147520	30.964651	1.111692	0.004210	233
9289.223168	30.953053	1.111618	0.004493	235
9291.299840	30.941984	1.111839	0.004584	237
9293.375488	30.942703	1.110816	0.004577	239
9295.452160	30.934444	1.112286	0.004604	241
9297.527808	30.931995	1.112284	0.004368	243
9299.604480	30.915031	1.112240	0.004421	245
9301.681152	30.918335	1.112999	0.004402	247
9303.756800	30.893835	1.112188	0.004354	249
9305.833472	30.880867	1.113991	0.004461	251
9307.909120	30.900717	1.112315	0.004043	253
9309.985792	30.876629	1.112417	0.003849	255
9312.062464	30.843269	1.113806	0.004421	1
9314.138112	30.809990	1.112618	0.004229	3
9316.214784	30.839706	1.112636	0.004468	5
9318.290432	30.794683	1.110865	0.004146	7
9320.368128	30.752604	1.111394	0.004778	9
9322.443776	30.838125	1.111837	0.004369	11
9324.519424	30.813501	1.110262	0.004343	13
9326.596096	30.805712	1.111242	0.004611	15
9328.671744	30.828285	1.111487	0.004567	17
9330.747392	30.801748	1.109465	0.004354	19
9332.825088	30.803995	1.111090	0.004702	21
9334.900736	30.795395	1.109820	0.004529	23
9336.977408	30.745689	1.109840	0.004385	25
9339.053056	30.750826	1.109636	0.004266	27
9341.129728	30.767515	1.109831	0.005219	29
9343.205376	30.658979	1.109808	0.003833	31
9345.283072	30.778196	1.110547	0.004662	33
9347.358720	30.760174	1.110715	0.004066	35
9349.435392	30.725821	1.111472	0.004144	37
9351.510016	30.715925	1.111505	0.004365	39
9353.587712	30.707470	1.111329	0.004406	41
9355.663360	30.796539	1.112139	0.004342	43
9357.739008	30.679323	1.112295	0.004557	45
9359.815680	30.651461	1.111184	0.004594	47
9361.893376	30.702297	1.111060	0.004369	49
9363.969024	30.681658	1.112908	0.004253	51
9366.044672	30.683195	1.112854	0.004076	53
9368.121344	30.660000	1.113876	0.004220	55
9370.198016	30.568674	1.114000	0.004035	57
9372.273664	30.633133	1.114853	0.004245	59
9374.350336	30.659748	1.114312	0.004414	61
9376.425984	30.590590	1.114151	0.004324	63
9378.502656	30.608725	1.114419	0.004328	65
9380.578304	30.591288	1.114532	0.004100	67
9382.654976	30.585556	1.115175	0.004278	69
9384.731648	30.556011	1.114827	0.003614	71
9386.807296	30.577251	1.113866	0.004181	73
9388.883968	30.591408	1.113994	0.004180	75
9390.959616	30.589767	1.113286	0.004473	77
9393.036288	30.572657	1.114014	0.004869	79
9395.112960	30.499641	1.113544	0.004532	81
9397.189632	30.548708	1.113165	0.004107	83
9399.265280	30.521334	1.113686	0.004269	85
9401.340928	30.525263	1.112306	0.004061	87
9403.417600	30.563969	1.112712	0.004236	89
9405.493248	30.481150	1.111866	0.004353	91
9407.569920	30.548435	1.113178	0.004280	93
9409.646592	30.500229	1.111947	0.004380	95
9411.723264	30.482244	1.111838	0.004179	97
9413.798912	30.504282	1.111300	0.004219	99
9415.874560	30.486105	1.111322	0.004228	101
9417.951232	30.472588	1.112334	0.004445	103
9420.027904	30.444433	1.113646	0.004424	105
9422.103552	30.445246	1.113555	0.004294	107
9424.180224	30.443907	1.113585	0.004784	109
9426.255872	30.410126	1.113518	0.004173	111
9428.332544	30.386578	1.112888	0.004937	113
9430.408192	30.469873	1.112464	0.004450	115
9432.485888	30.409925	1.112631	0.004773	117
9434.561536	30.405293	1.111544	0.004461	119
9436.638208	30.409378	1.112728	0.004342	121
9438.713856	30.381804	1.111669	0.004235	123
9440.790528	30.435719	1.112771	0.004474	125
9442.866176	30.352682	1.111931	0.004553	127
9444.941824	30.382498	1.110080	0.003973	129
9447.018496	30.366205	1.110960	0.004423	131
9449.095168	30.384476	1.110736	0.004371	133
9451.171840	30.296852	1.110666	0.003918	135
9453.247488	30.365547	1.111061	0.004048	137
9455.324160	30.361736	1.111586	0.004593	139
9457.399808	30.322027	1.110862	0.004223	141
9459.476480	30.339598	1.111117	0.004418	143
9461.552128	30.312346	1.111091	0.004371	145
9463.628800	30.332300	1.111764	0.004426	147
9465.705472	30.304096	1.110675	0.004390	149
9467.781120	30.304687	1.112146	0.004297	151
9469.857792	30.304766	1.112299	0.004305	153
9471.933440	30.240767	1.110872	0.004074	155
9474.010112	30.311007	1.112411	0.004108	157
9476.085760	30.229507	1.112723	0.004524	159
9478.162432	30.245525	1.113554	0.004330	161
9480.238080	30.251324	1.113525	0.004246	163
9482.314752	30.245630	1.113401	0.004207	165
9484.390400	30.253714	1.113852	0.004403	167
9486.467072	30.145525	1.113627	0.004759	169
9488.542720	30.261583	1.113979	0.005156	171
9490.619392	30.191065	1.114361	0.004143	173
9492.696064	30.213985	1.113951	0.004670	175
9494.771712	30.174335	1.113062	0.004245	177
9496.848384	30.207811	1.113850	0.004137	179
9498.925056	30.211176	1.116273	0.004635	181
9501.001728	30.121487	1.115363	0.004128	183
9503.077376	30.158531	1.116119	0.004486	185
9505.154048	30.138735	1.114321	0.003842	187
9507.230720	30.185703	1.110470	0.004461	189
9509.308416	30.121416	1.118180	0.004007	191
9511.382016	30.142984	1.112748	0.004587	193
9513.458688	30.135088	1.112833	0.004455	195
9515.534336	30.114086	1.112834	0.004489	197
9517.611008	30.096127	1.111666	0.004445	199
9519.687680	30.098619	1.112558	0.004549	201
9521.763328	30.087818	1.110841	0.004165	203
9523.840000	30.110142	1.110590	0.004418	205
9525.916672	30.103628	1.111100	0.004405	207
9527.992320	30.089066	1.110379	0.004467	209
9530.068992	30.070084	1.111814	0.004509	211
9532.144640	30.040354	1.110695	0.004111	213
9534.221312	30.048702	1.113013	0.004429	215
9536.296960	30.036066	1.112307	0.004206	217
9538.374656	30.038261	1.114413	0.004591	219
9540.449280	30.013285	1.111976	0.004349	221
9542.526976	30.042933	1.112394	0.004446	223
9544.602624	30.018393	1.110779	0.004432	225
9546.679296	30.001144	1.111481	0.004408	227
9548.754944	30.008854	1.111455	0.004337	229
9550.831616	29.991928	1.111869	0.004394	231
9552.908288	30.012644	1.112846	0.004453	233
9554.983936	29.999622	1.112786	0.004349	235
9557.060608	29.978748	1.112649	0.004179	237
9559.136256	29.963799	1.111868	0.004184	239
9561.213952	29.975864	1.111857	0.003821	241
9563.289600	29.993273	1.111695	0.004566	243
9565.366272	29.921230	1.110731	0.003990	245
9567.441920	29.910349	1.110301	0.004265	247
9569.517568	29.923315	1.110773	0.004151	249
9571.594240	29.965620	1.111350	0.004107	251
9573.669888	29.918015	1.111327	0.004466	253
9575.747584	29.947613	1.110681	0.004372	255
9577.823232	29.927223	1.110677	0.004113	1
9579.898880	29.858593	1.111000	0.004590	3
9581.975552	29.886494	1.110604	0.004273	5
9584.051200	29.881771	1.111887	0.004488	7
9586.128896	29.871033	1.111615	0.004325	9
9588.204544	29.858858	1.110608	0.004383	11
9590.280192	29.862591	1.111448	0.004516	13
9592.356864	29.839323	1.111303	0.004386	15
9594.432512	29.848787	1.111825	0.004499	17
9596.509184	29.841722	1.111879	0.004076	19
9598.584832	29.833311	1.111111	0.004543	21
9600.660480	29.822479	1.110645	0.004682	23
9602.737152	29.805805	1.111038	0.004547	25
9604.813824	29.838169	1.110823	0.004755	27
9606.889472	29.780285	1.109873	0.004541	29
9608.967168	29.768164	1.110692	0.004529	31
9611.042816	29.778036	1.110774	0.004496	33
9613.118464	29.766008	1.111239	0.004424	35
9615.196160	29.751781	1.112788	0.004749	37
9617.270784	29.757980	1.110773	0.004525	39
9619.348480	29.742237	1.111659	0.004707	41
9621.423104	29.755270	1.111296	0.004450	43
9623.499776	29.715515	1.113261	0.004457	45
9625.577472	29.687103	1.111407	0.004222	47
9627.654144	29.749102	1.112287	0.004743	49
9629.729792	29.708227	1.111020	0.004598	51
9631.805440	29.724728	1.111693	0.004689	53
9633.881088	29.702143	1.112161	0.004513	55
9635.958784	29.740992	1.112913	0.005374	57
9638.033408	29.713537	1.112163	0.004467	59
9640.111104	29.663303	1.112233	0.004627	61
9642.186752	29.687054	1.111818	0.004552	63
9644.263424	29.684507	1.111476	0.004681	65
9646.339072	29.645683	1.110540	0.004871	67
9648.417792	29.631220	1.110682	0.004217	69
9650.492416	29.584728	1.109774	0.003764	71
9652.569088	29.681767	1.111761	0.003910	73
9654.645760	29.574203	1.111931	0.004137	75
9656.721408	29.681593	1.110618	0.004493	77
9658.798080	29.636440	1.112078	0.004549	79
9660.875776	29.581121	1.112723	0.004854	81
9662.951424	29.563520	1.110402	0.004441	83
9665.028096	29.589268	1.110184	0.004016	85
9667.103744	29.572863	1.110754	0.004978	87
