time (s)	theta (A)	maj axis/z0	min axis/z0	crossing#mod 255
1160.379648	266.037811	0.979200	-0.026484	5
1162.416384	266.106720	0.980416	-0.026240	7
1164.455040	266.105927	0.980429	-0.026584	9
1166.491776	266.088074	0.978741	-0.026237	11
1168.529408	266.045868	0.979710	-0.027155	13
1170.566272	266.107880	0.979874	-0.026370	15
1172.603520	266.077240	0.980184	-0.026495	17
1174.640128	266.104980	0.979005	-0.026174	19
1176.676480	266.098083	0.979800	-0.026448	21
1178.713216	266.076569	0.979930	-0.026267	23
1180.748928	266.087341	0.980050	-0.026540	25
1182.784512	266.031250	0.980113	-0.026084	27
1184.819968	265.977051	0.980094	-0.026032	29
1186.855552	265.945984	0.979320	-0.025624	31
1188.890496	265.876373	0.979882	-0.025763	33
1190.926080	265.831879	0.979142	-0.025429	35
1192.962432	265.741028	0.979760	-0.025886	37
1194.998272	265.666168	0.979342	-0.026116	39
1197.035008	265.637085	0.979589	-0.026127	41
1199.071488	265.675354	0.979374	-0.026535	43
1201.108352	265.675720	0.979190	-0.026441	45
1203.145344	265.733734	0.979634	-0.026214	47
1205.181568	265.693665	0.980786	-0.026236	49
1207.218944	265.737488	0.980229	-0.026712	51
1209.254912	265.753540	0.980404	-0.026763	53
1211.291392	265.743652	0.980360	-0.026676	55
1213.327104	265.762573	0.980155	-0.026399	57
1215.362688	265.816864	0.980403	-0.026401	59
1217.398784	265.795074	0.980380	-0.026243	61
1219.435136	265.891083	0.978810	-0.025598	63
1221.471360	265.888794	0.979574	-0.025403	65
1223.508352	265.972351	0.979713	-0.025926	67
1225.545728	266.013245	0.979478	-0.025896	69
1227.583104	266.019348	0.978642	-0.026353	71
1229.620352	266.011658	0.978359	-0.026498	73
1231.657472	266.022552	0.977685	-0.026722	75
1233.694464	266.045685	0.977771	-0.027244	77
1235.731840	266.029114	0.979570	-0.027238	79
1237.768192	265.983215	0.979143	-0.027581	81
1239.804928	265.962311	0.980465	-0.027912	83
1241.841152	265.978424	0.980395	-0.028141	85
1243.876992	265.938843	0.980965	-0.028056	87
1245.912448	265.937805	0.981493	-0.027906	89
1247.948416	265.880310	0.981286	-0.027886	91
1249.984256	265.812958	0.981793	-0.027745	93
1252.019456	265.750000	0.981706	-0.027592	95
1254.055424	265.684540	0.982020	-0.027542	97
1256.091136	265.609222	0.982255	-0.027631	99
1258.127488	265.602386	0.983520	-0.027605	101
1260.165120	265.557220	0.983735	-0.027852	103
1262.200832	265.574982	0.984234	-0.027045	105
1264.237952	265.608978	0.983492	-0.027177	107
1266.274432	265.635254	0.982883	-0.026150	109
1268.310912	265.664917	0.982767	-0.025348	111
1270.346752	265.718781	0.982964	-0.024932	113
1272.383744	265.752228	0.982620	-0.024515	115
1274.419584	265.723938	0.982925	-0.024272	117
1276.455680	265.769043	0.982519	-0.024038	119
1278.491904	265.775055	0.981185	-0.023794	121
1280.528384	265.861115	0.980297	-0.023186	123
1282.564096	265.935730	0.980005	-0.022522	125
1284.601216	265.942108	0.979315	-0.022171	127
1286.637952	266.024261	0.978482	-0.021821	129
1288.675200	266.066345	0.978507	-0.021562	131
1290.712320	266.055939	0.978366	-0.021672	133
1292.749696	266.087280	0.979122	-0.021991	135
1294.787072	266.039520	0.980258	-0.022580	137
1296.824192	266.037140	0.980665	-0.022354	139
1298.861056	266.081543	0.980947	-0.021686	141
1300.897280	266.064148	0.980779	-0.021533	143
1302.934016	266.050995	0.980136	-0.021187	145
1304.969856	266.016479	0.979756	-0.020508	147
1307.005568	265.998993	0.979922	-0.020526	149
1309.041536	265.969452	0.979981	-0.020412	151
1311.076864	265.979584	0.980002	-0.020186	153
1313.112448	265.887543	0.980112	-0.020531	155
1315.148032	265.843262	0.980864	-0.020760	157
1317.183488	265.788605	0.981072	-0.021244	159
1319.220480	265.738678	0.981475	-0.021207	161
1321.256064	265.767151	0.980782	-0.020562	163
1323.292544	265.692810	0.980515	-0.020504	165
1325.329280	265.717346	0.980811	-0.020764	167
1327.365376	265.732361	0.981396	-0.021013	169
1329.402880	265.709167	0.981195	-0.021174	171
1331.438976	265.719788	0.981441	-0.021515	173
1333.475456	265.774750	0.982452	-0.021423	175
1335.511808	265.776398	0.982399	-0.021708	177
1337.548032	265.773743	0.982428	-0.021843	179
1339.584384	265.796021	0.981796	-0.022039	181
1341.620352	265.815369	0.981313	-0.022182	183
1343.657344	265.860779	0.981083	-0.022517	185
1345.693312	265.884491	0.980635	-0.022544	187
1347.730432	265.938965	0.980155	-0.022864	189
1349.767552	265.944519	0.979792	-0.023380	191
1351.804800	265.978333	0.978980	-0.023673	193
1353.841920	265.993408	0.979594	-0.024140	195
1355.878528	265.987885	0.979163	-0.024727	197
1357.916032	265.986237	0.979616	-0.024946	199
1359.953280	265.976013	0.979814	-0.025068	201
1361.989760	265.994812	0.980495	-0.025273	203
1364.026496	265.956696	0.980396	-0.025687	205
1366.062976	265.930023	0.980901	-0.026134	207
1368.098944	265.909393	0.981361	-0.026185	209
1370.135552	265.910645	0.980884	-0.026123	211
1372.170624	265.863068	0.980895	-0.026053	213
1374.207232	265.822388	0.980279	-0.025945	215
1376.242304	265.803680	0.980293	-0.025999	217
1378.277888	265.700592	0.980356	-0.026136	219
1380.313984	265.647156	0.979285	-0.026232	221
1382.349952	265.588776	0.979819	-0.026434	223
1384.386816	265.577118	0.979863	-0.026591	225
1386.422528	265.571564	0.979966	-0.026321	227
1388.459264	265.593048	0.981099	-0.026568	229
1390.495616	265.574921	0.981455	-0.026622	231
1392.532224	265.587402	0.981047	-0.026796	233
1394.568960	265.646088	0.980995	-0.027257	235
1396.605184	265.637421	0.981690	-0.026775	237
1398.641408	265.649658	0.981350	-0.026854	239
1400.677760	265.659119	0.981901	-0.027018	241
1402.713984	265.679901	0.981830	-0.026807	243
1404.750592	265.707703	0.981422	-0.026732	245
1406.787072	265.751160	0.980789	-0.026653	247
1408.823808	265.784485	0.980911	-0.027067	249
1410.860928	265.806244	0.980588	-0.027085	251
1412.897664	265.843353	0.980599	-0.027190	253
1414.934784	265.814362	0.980409	-0.027400	255
1416.972288	265.869476	0.980146	-0.027555	1
1419.009024	265.877686	0.979997	-0.026879	3
1421.046144	265.836334	0.979874	-0.026946	5
1423.082496	265.807709	0.979503	-0.026843	7
1425.119232	265.808502	0.979250	-0.026933	9
1427.155712	265.803558	0.979401	-0.026309	11
1429.191680	265.795715	0.978770	-0.025527	13
1431.227776	265.758026	0.979179	-0.024823	15
1433.263232	265.737305	0.978414	-0.024795	17
1435.300352	265.744751	0.980496	-0.024056	19
1437.335040	265.721039	0.979795	-0.024000	21
1439.371264	265.658783	0.980722	-0.023930	23
1441.406976	265.661255	0.980494	-0.023499	25
1443.443456	265.617096	0.980591	-0.022707	27
1445.479296	265.607330	0.980662	-0.022217	29
1447.515776	265.576691	0.980218	-0.022059	31
1449.552256	265.559906	0.980419	-0.021752	33
1451.587968	265.568451	0.979965	-0.022055	35
1453.624704	265.573181	0.980430	-0.022394	37
1455.661824	265.583496	0.979987	-0.022451	39
1457.697664	265.578796	0.980524	-0.022556	41
1459.734016	265.578033	0.980658	-0.022646	43
1461.770624	265.590546	0.980554	-0.023176	45
1463.807360	265.657349	0.981858	-0.023039	47
1465.843840	265.685364	0.981281	-0.022106	49
1467.880064	265.719482	0.981926	-0.021534	51
1469.917184	265.757477	0.980890	-0.020764	53
1471.954048	265.831604	0.980535	-0.020416	55
1473.990656	265.864471	0.979593	-0.020074	57
1476.028032	265.892975	0.979688	-0.019518	59
1478.064384	265.896790	0.979848	-0.019056	61
1480.101632	265.893311	0.980209	-0.018347	63
1482.138496	265.916016	0.980470	-0.017936	65
1484.174464	265.856598	0.980448	-0.017703	67
1486.211328	265.866547	0.980054	-0.017755	69
1488.247808	265.849884	0.980516	-0.017393	71
1490.283904	265.877289	0.980035	-0.016937	73
1492.320000	265.834747	0.980356	-0.016781	75
1494.355712	265.819489	0.979991	-0.017234	77
1496.391808	265.770691	0.980988	-0.017429	79
1498.427776	265.721741	0.982007	-0.018139	81
1500.463744	265.692719	0.982350	-0.018742	83
1502.499712	265.666901	0.982818	-0.018715	85
1504.535936	265.609436	0.982991	-0.018847	87
1506.572032	265.570740	0.982597	-0.018840	89
1508.608000	265.561890	0.981837	-0.019056	91
1510.644864	265.555817	0.981920	-0.018923	93
1512.680064	265.548492	0.981719	-0.018607	95
1514.718208	265.540070	0.982730	-0.018801	97
1516.753408	265.559967	0.983342	-0.019133	99
1518.790144	265.585663	0.983317	-0.019378	101
1520.826752	265.578156	0.983419	-0.019738	103
1522.863104	265.579163	0.984047	-0.020243	105
1524.899584	265.617432	0.984135	-0.020493	107
1526.936064	265.625122	0.983128	-0.020844	109
1528.973312	265.687653	0.982619	-0.020838	111
1531.010944	265.738770	0.981997	-0.021213	113
1533.046272	265.741150	0.982381	-0.020399	115
1535.083648	265.793823	0.982584	-0.020238	117
1537.120000	265.787842	0.981792	-0.019984	119
1539.156864	265.799500	0.981693	-0.019927	121
1541.193984	265.807465	0.981219	-0.019951	123
1543.230592	265.817291	0.981367	-0.019802	125
1545.267200	265.779877	0.981482	-0.019699	127
1547.304192	265.733063	0.981030	-0.019906	129
1549.340416	265.784271	0.980878	-0.019329	131
1551.376768	265.767548	0.981134	-0.018516	133
1553.412736	265.742493	0.981129	-0.018154	135
1555.449088	265.757751	0.981779	-0.017804	137
1557.484032	265.760223	0.981611	-0.017088	139
1559.521152	265.670898	0.980694	-0.016614	141
1561.556736	265.680817	0.980145	-0.016624	143
1563.592448	265.694702	0.980117	-0.016502	145
1565.629056	265.667664	0.979982	-0.016121	147
1567.664640	265.626556	0.980241	-0.016521	149
1569.701632	265.575836	0.980604	-0.017207	151
1571.737472	265.605927	0.980386	-0.017542	153
1573.774336	265.569244	0.981274	-0.018025	155
1575.810816	265.555481	0.980852	-0.018333	157
1577.847168	265.567932	0.980446	-0.018681	159
1579.883520	265.555969	0.981052	-0.019194	161
1581.920256	265.611877	0.982081	-0.019105	163
1583.956608	265.612183	0.981706	-0.019213	165
1585.992960	265.628418	0.981787	-0.019087	167
1588.029952	265.617645	0.981701	-0.019101	169
1590.066432	265.642181	0.981414	-0.019356	171
1592.103424	265.677521	0.981904	-0.019671	173
1594.139520	265.673431	0.981625	-0.019872	175
1596.176640	265.693817	0.981264	-0.020198	177
1598.213376	265.699524	0.980784	-0.020450	179
1600.249728	265.703766	0.980134	-0.020561	181
1602.287104	265.673004	0.980489	-0.020808	183
1604.323200	265.667816	0.980840	-0.021156	185
1606.359808	265.652222	0.981251	-0.021181	187
1608.396416	265.662689	0.980915	-0.020844	189
1610.432768	265.650879	0.981124	-0.019976	191
1612.469376	265.624329	0.981270	-0.019573	193
1614.505216	265.622528	0.981539	-0.019432	195
1616.541568	265.574921	0.981283	-0.019556	197
1618.577408	265.557007	0.982094	-0.019915	199
1620.613248	265.494690	0.981580	-0.020305	201
1622.649472	265.458008	0.981710	-0.020751	203
1624.685824	265.435150	0.981863	-0.021340	205
1626.722304	265.411896	0.981502	-0.021467	207
1628.758528	265.402069	0.982380	-0.021880	209
1630.794752	265.355682	0.982188	-0.022104	211
1632.831232	265.340515	0.983044	-0.022270	213
1634.867456	265.348328	0.983314	-0.022447	215
1636.904320	265.347565	0.983275	-0.022534	217
1638.940416	265.340363	0.983106	-0.022626	219
1640.977024	265.328979	0.983406	-0.023178	221
1643.013376	265.367371	0.983533	-0.023479	223
1645.049856	265.368469	0.983467	-0.023770	225
1647.086464	265.416840	0.982973	-0.023141	227
1649.123200	265.466034	0.983563	-0.023033	229
1651.159808	265.452271	0.982730	-0.022829	231
1653.196160	265.492371	0.982692	-0.023095	233
1655.233152	265.483337	0.982337	-0.023026	235
1657.269888	265.516663	0.981922	-0.022856	237
1659.306752	265.520813	0.980848	-0.022009	239
1661.343360	265.509552	0.981426	-0.021648	241
1663.380096	265.470947	0.981030	-0.021966	243
1665.416704	265.453949	0.980674	-0.022435	245
1667.453056	265.463074	0.980951	-0.022779	247
1669.489792	265.430359	0.980679	-0.022863	249
1671.525888	265.409241	0.981363	-0.023238	251
1673.562240	265.390533	0.981526	-0.023539	253
1675.598464	265.358765	0.982064	-0.023686	255
1677.634048	265.341278	0.981822	-0.023741	1
1679.670784	265.288635	0.981715	-0.023963	3
1681.706752	265.272430	0.981541	-0.023980	5
1683.742976	265.266174	0.981165	-0.023515	7
1685.779328	265.267456	0.981008	-0.023201	9
1687.815424	265.206390	0.980784	-0.022903	11
1689.852032	265.191956	0.981914	-0.022972	13
1691.888000	265.197906	0.981748	-0.023532	15
1693.924608	265.176483	0.981482	-0.023677	17
1695.961088	265.172119	0.981106	-0.023776	19
1697.997312	265.178528	0.980553	-0.023979	21
1700.034048	265.199860	0.981528	-0.024217	23
1702.070272	265.185608	0.981900	-0.024305	25
1704.107136	265.212036	0.982325	-0.024441	27
1706.143232	265.208130	0.982674	-0.024587	29
1708.179968	265.225464	0.982500	-0.024889	31
1710.216576	265.220215	0.982352	-0.024874	33
1712.253440	265.236298	0.982057	-0.025104	35
1714.290048	265.229004	0.981973	-0.025272	37
1716.326656	265.223785	0.982046	-0.025396	39
1718.363776	265.245758	0.981751	-0.025551	41
1720.400128	265.257965	0.981520	-0.025559	43
1722.436992	265.218628	0.981124	-0.025433	45
1724.473600	265.238770	0.981096	-0.025500	47
1726.509952	265.190613	0.980778	-0.025703	49
1728.546560	265.184906	0.981047	-0.025911	51
1730.582784	265.162872	0.981193	-0.026247	53
1732.619264	265.168091	0.980308	-0.026637	55
1734.655744	265.104919	0.980354	-0.026809	57
1736.691584	265.114380	0.980009	-0.026924	59
1738.728064	265.095551	0.979601	-0.026814	61
1740.764416	265.083191	0.978946	-0.026137	63
1742.800384	265.050171	0.979895	-0.025604	65
1744.836864	265.058441	0.980946	-0.025214	67
1746.872832	265.026642	0.980840	-0.024580	69
1748.909056	265.024567	0.980669	-0.024493	71
1750.945152	265.017731	0.981019	-0.024793	73
1752.981376	265.017090	0.982426	-0.025272	75
1755.018112	264.950226	0.982708	-0.025435	77
1757.054592	264.982391	0.982170	-0.025483	79
1759.091200	264.987793	0.982352	-0.025131	81
1761.127296	264.993561	0.982325	-0.024613	83
1763.163776	264.981140	0.981917	-0.024373	85
1765.200256	264.996582	0.981696	-0.024699	87
1767.237120	264.988037	0.981420	-0.024867	89
1769.273728	265.005432	0.981018	-0.025007	91
1771.310080	265.018890	0.981222	-0.025326	93
1773.346944	265.014282	0.981267	-0.025335	95
1775.383424	265.029083	0.981199	-0.025007	97
1777.420416	265.049805	0.980955	-0.024675	99
1779.456512	265.058746	0.980915	-0.024348	101
1781.493120	265.031403	0.981765	-0.024420	103
1783.529984	265.028320	0.981756	-0.024717	105
1785.566592	265.036041	0.981605	-0.024751	107
1787.602688	265.021179	0.981586	-0.024436	109
1789.639680	265.002502	0.981648	-0.024420	111
1791.675648	265.024658	0.982315	-0.024367	113
1793.712256	264.974579	0.982641	-0.024688	115
1795.748224	264.987518	0.983754	-0.024724	117
1797.784576	264.938660	0.982641	-0.024624	119
1799.820800	264.915924	0.981996	-0.024602	121
1801.857024	264.894989	0.982062	-0.024723	123
1803.893248	264.874664	0.982885	-0.024882	125
1805.929728	264.881195	0.983662	-0.024973	127
1807.965696	264.824005	0.984364	-0.025041	129
1810.002304	264.831543	0.983927	-0.025304	131
1812.038400	264.790344	0.983641	-0.025241	133
1814.075008	264.790436	0.983498	-0.025480	135
1816.111104	264.801025	0.983226	-0.025630	137
1818.147712	264.735107	0.983206	-0.025811	139
1820.184192	264.824829	0.983374	-0.026259	141
1822.220672	264.828217	0.983412	-0.025596	143
1824.257024	264.802765	0.983235	-0.025311	145
1826.293760	264.807770	0.983242	-0.025540	147
1828.330496	264.809814	0.983466	-0.025532	149
1830.366848	264.826508	0.983621	-0.025912	151
1832.403584	264.817749	0.982530	-0.026001	153
1834.440192	264.832397	0.981718	-0.026069	155
1836.477056	264.844635	0.981661	-0.026128	157
1838.513664	264.834534	0.981622	-0.026237	159
1840.550400	264.846680	0.981344	-0.026431	161
1842.586880	264.815430	0.981553	-0.026800	163
1844.623488	264.812012	0.980874	-0.027050	165
1846.660224	264.806061	0.981419	-0.027075	167
1848.696832	264.809906	0.982125	-0.026628	169
1850.733056	264.789703	0.980966	-0.026134	171
1852.769280	264.747955	0.981421	-0.026145	173
1854.805888	264.748505	0.981524	-0.026334	175
1856.841728	264.731201	0.981674	-0.026402	177
1858.878464	264.686920	0.981577	-0.026355	179
1860.914304	264.678253	0.981000	-0.026198	181
1862.950272	264.668579	0.980327	-0.026423	183
1864.987008	264.624603	0.980213	-0.026533	185
1867.022720	264.628265	0.980876	-0.026659	187
1869.059712	264.616241	0.981379	-0.026451	189
1871.095680	264.629181	0.982012	-0.026402	191
1873.131776	264.591827	0.982677	-0.026400	193
1875.168384	264.552856	0.982627	-0.026581	195
1877.204608	264.561981	0.981864	-0.026901	197
1879.241344	264.557953	0.982099	-0.027437	199
1881.277696	264.557343	0.982351	-0.027658	201
1883.314432	264.540497	0.982175	-0.027880	203
1885.350400	264.555389	0.982503	-0.028125	205
1887.387264	264.558472	0.981856	-0.028332	207
1889.424128	264.555969	0.982372	-0.028309	209
1891.461248	264.600128	0.982578	-0.027673	211
1893.497472	264.592072	0.981575	-0.027368	213
1895.533568	264.562012	0.982414	-0.027395	215
1897.570560	264.592224	0.982182	-0.027649	217
1899.606912	264.588593	0.981987	-0.027568	219
1901.643776	264.578613	0.982086	-0.027056	221
1903.680000	264.590118	0.982464	-0.026904	223
1905.716736	264.584656	0.982317	-0.026873	225
1907.753088	264.553314	0.982598	-0.026811	227
1909.790208	264.561432	0.981971	-0.027011	229
1911.826048	264.555939	0.982397	-0.027247	231
1913.862528	264.501953	0.982274	-0.027092	233
1915.898624	264.495392	0.982562	-0.027240	235
1917.935104	264.489380	0.983905	-0.027370	237
1919.972224	264.464783	0.983764	-0.027338	239
1922.007680	264.454865	0.983955	-0.027328	241
1924.043904	264.445496	0.983402	-0.026831	243
1926.080512	264.445068	0.983524	-0.026234	245
1928.116480	264.428101	0.982812	-0.025709	247
1930.152960	264.398071	0.983050	-0.025399	249
1932.189440	264.381714	0.982533	-0.025400	251
1934.225536	264.388367	0.982516	-0.025566	253
1936.261888	264.338409	0.982395	-0.025619	255
1938.298496	264.354980	0.981573	-0.025769	1
1940.334848	264.377167	0.981471	-0.025636	3
1942.371584	264.376709	0.981579	-0.025047	5
1944.407936	264.366760	0.981820	-0.024903	7
1946.444672	264.393250	0.981955	-0.024852	9
1948.481024	264.400452	0.981815	-0.025168	11
1950.517760	264.424500	0.982194	-0.024811	13
1952.554112	264.431549	0.981880	-0.023979	15
1954.591104	264.439972	0.981736	-0.023734	17
1956.627072	264.429443	0.981530	-0.023811	19
1958.663936	264.433716	0.981436	-0.024109	21
1960.700672	264.453644	0.981994	-0.024409	23
1962.737408	264.425446	0.981681	-0.024688	25
1964.773888	264.443481	0.981685	-0.024917	27
1966.810496	264.402039	0.981569	-0.024847	29
1968.846848	264.395905	0.981904	-0.025100	31
1970.883584	264.377472	0.981217	-0.025055	33
1972.919680	264.386475	0.981167	-0.024722	35
1974.956288	264.380920	0.980642	-0.024324	37
1976.992128	264.368469	0.980269	-0.023881	39
1979.028608	264.388275	0.979828	-0.023688	41
1981.065088	264.374725	0.980234	-0.023072	43
1983.100928	264.321442	0.980960	-0.023014	45
1985.137536	264.351959	0.981675	-0.023135	47
1987.173504	264.305939	0.982212	-0.023084	49
1989.209984	264.311676	0.981930	-0.022813	51
1991.246720	264.309021	0.982085	-0.022425	53
1993.282560	264.325592	0.982055	-0.022061	55
1995.319296	264.320221	0.982477	-0.021500	57
1997.355392	264.374207	0.982814	-0.020819	59
1999.392000	264.363007	0.981521	-0.019995	61
2001.428224	264.393646	0.981643	-0.019248	63
2003.464576	264.421509	0.981401	-0.018702	65
2005.501312	264.426544	0.979791	-0.018630	67
2007.537536	264.441345	0.979506	-0.018138	69
2009.574144	264.458923	0.979508	-0.018285	71
2011.610496	264.420013	0.979707	-0.018833	73
2013.647232	264.467377	0.979415	-0.019066	75
2015.683584	264.517700	0.978472	-0.018351	77
2017.720448	264.481689	0.978415	-0.017937	79
2019.757440	264.514618	0.981163	-0.017278	81
2021.794432	264.492279	0.981587	-0.018332	83
2023.829632	264.489594	0.981312	-0.019007	85
2025.867008	264.457458	0.981656	-0.019104	87
2027.903104	264.499451	0.981740	-0.019543	89
2029.939840	264.437775	0.982012	-0.019834	91
2031.976064	264.436890	0.981558	-0.020344	93
2034.011904	264.343140	0.980281	-0.020947	95
2036.048768	264.386536	0.981226	-0.020786	97
2038.084736	264.373505	0.980228	-0.021528	99
2040.121472	264.334076	0.980226	-0.021530	101
2042.156672	264.369019	0.980368	-0.021259	103
2044.193920	264.264282	0.979511	-0.021619	105
2046.229760	264.296173	0.979781	-0.021668	107
2048.265984	264.265167	0.979676	-0.022195	109
2050.302336	264.244873	0.979947	-0.022360	111
2052.338432	264.296783	0.979303	-0.022456	113
2054.375168	264.225006	0.981073	-0.022227	115
2056.411264	264.247314	0.981351	-0.022437	117
2058.448000	264.138153	0.981601	-0.023408	119
2060.484608	264.277924	0.982559	-0.023000	121
2062.520832	264.237732	0.983114	-0.022922	123
2064.557440	264.205170	0.982877	-0.024061	125
2066.594304	264.253784	0.982776	-0.023230	127
2068.631040	264.276489	0.983112	-0.023141	129
2070.667264	264.348358	0.983009	-0.023428	131
2072.703616	264.256470	0.982246	-0.023373	133
2074.740096	264.307587	0.981499	-0.024067	135
2076.776576	264.312256	0.981269	-0.024293	137
2078.812544	264.294891	0.980687	-0.024421	139
2080.849536	264.290863	0.980270	-0.023439	141
2082.886400	264.273621	0.980543	-0.023569	143
2084.922624	264.244110	0.981094	-0.024026	145
2086.959488	264.204559	0.981103	-0.024653	147
2088.995968	264.174438	0.981336	-0.025340	149
2091.032320	264.201477	0.980982	-0.025896	151
2093.069696	264.143585	0.981094	-0.026478	153
2095.105152	264.141144	0.982542	-0.026746	155
2097.141632	264.100067	0.982214	-0.027162	157
2099.178112	264.100555	0.982589	-0.027590	159
2101.213952	264.082825	0.982406	-0.027744	161
2103.250560	264.076111	0.981315	-0.027569	163
2105.286784	264.037964	0.980705	-0.027451	165
2107.323392	264.037628	0.980393	-0.027763	167
2109.359488	264.048370	0.980268	-0.028059	169
2111.395968	263.993896	0.980159	-0.028188	171
2113.432064	264.029816	0.981090	-0.028433	173
2115.468672	264.017670	0.980459	-0.028728	175
2117.505152	263.997742	0.980500	-0.029084	177
2119.541376	263.995453	0.981056	-0.029878	179
2121.578240	264.002045	0.980662	-0.030123	181
2123.614464	263.970276	0.980722	-0.030423	183
2125.651072	263.979919	0.980892	-0.030445	185
2127.687680	263.944824	0.981460	-0.030748	187
2129.724544	263.964203	0.981041	-0.031117	189
2131.761024	263.989105	0.980166	-0.031249	191
2133.797248	264.024963	0.981459	-0.031168	193
2135.834112	263.994934	0.981900	-0.030935	195
2137.870848	264.011566	0.981107	-0.030746	197
2139.907584	264.001465	0.982008	-0.030548	199
2141.943680	263.997101	0.982419	-0.030247	201
2143.980672	263.977936	0.982555	-0.030204	203
2146.016896	263.963623	0.982516	-0.030171	205
2148.053248	264.006714	0.982739	-0.029617	207
2150.089216	263.948029	0.981514	-0.029314	209
2152.125696	263.932312	0.982287	-0.029049	211
2154.161664	263.955902	0.983353	-0.028009	213
2156.198912	263.953461	0.982772	-0.028925	215
2158.234624	263.866547	0.983071	-0.028629	217
2160.271104	263.905090	0.983297	-0.028562	219
2162.307328	263.859863	0.983601	-0.028557	221
2164.344576	263.791992	0.983883	-0.028890	223
2166.380800	263.851135	0.983905	-0.028680	225
2168.416512	263.833130	0.985338	-0.028590	227
2170.451968	263.825653	0.985806	-0.028125	229
2172.489216	263.801636	0.985404	-0.027928	231
2174.524672	263.791992	0.985054	-0.028310	233
2176.561664	263.807892	0.984200	-0.028418	235
2178.597888	263.796143	0.983740	-0.028152	237
2180.634624	263.787415	0.984133	-0.028148	239
2182.670592	263.769775	0.984601	-0.027878	241
2184.707328	263.806946	0.984798	-0.027741	243
2186.743552	263.807617	0.984601	-0.027838	245
2188.780288	263.778992	0.984268	-0.027784	247
2190.817024	263.788177	0.984612	-0.027983	249
2192.853504	263.837494	0.984733	-0.027772	251
2194.889728	263.827667	0.984030	-0.027510	253
2196.926720	263.808411	0.983848	-0.027522	255
2198.962944	263.811035	0.983521	-0.027490	1
2200.999424	263.833496	0.982785	-0.027561	3
2203.036416	263.822388	0.982878	-0.027504	5
2205.072384	263.829987	0.982856	-0.027330	7
2207.109632	263.813538	0.982823	-0.027339	9
2209.145600	263.816742	0.983391	-0.027480	11
2211.182336	263.816864	0.982968	-0.027290	13
2213.218816	263.818298	0.983364	-0.027297	15
2215.255040	263.808319	0.983319	-0.027194	17
2217.291776	263.793274	0.983944	-0.027031	19
2219.328000	263.761505	0.983916	-0.026559	21
2221.364736	263.725159	0.983237	-0.026300	23
2223.400448	263.737061	0.983220	-0.026724	25
2225.436928	263.719269	0.982878	-0.026622	27
2227.473408	263.700775	0.982788	-0.026577	29
2229.509632	263.707550	0.982528	-0.026531	31
2231.545856	263.681396	0.982399	-0.026356	33
2233.581824	263.685852	0.982890	-0.026300	35
2235.618816	263.651215	0.983569	-0.026529	37
2237.654784	263.691620	0.984450	-0.026728	39
2239.691008	263.639648	0.983912	-0.026354	41
2241.728256	263.589600	0.984824	-0.026409	43
2243.763968	263.629028	0.983820	-0.026336	45
2245.800704	263.630981	0.983928	-0.026329	47
2247.836928	263.650879	0.983916	-0.026340	49
2249.873664	263.658936	0.984286	-0.026424	51
2251.909888	263.666687	0.984416	-0.026215	53
2253.946368	263.651398	0.984698	-0.026098	55
2255.982848	263.635529	0.984682	-0.026440	57
2258.019328	263.660736	0.984361	-0.025963	59
2260.055808	263.693909	0.984564	-0.025652	61
2262.092544	263.656708	0.984660	-0.025775	63
2264.129024	263.666595	0.985162	-0.025569	65
2266.165248	263.715729	0.985444	-0.025108	67
2268.202240	263.663971	0.985871	-0.025101	69
2270.238208	263.675995	0.984917	-0.024899	71
2272.275200	263.588440	0.984330	-0.025115	73
2274.311680	263.674957	0.984712	-0.025300	75
2276.347904	263.635101	0.984752	-0.025228	77
2278.384128	263.630737	0.985164	-0.025121	79
2280.420608	263.608704	0.984616	-0.024961	81
2282.456576	263.617798	0.985034	-0.024808	83
2284.493568	263.621613	0.985020	-0.024771	85
2286.529024	263.596588	0.985109	-0.024718	87
2288.566272	263.581635	0.985522	-0.024737	89
2290.602240	263.569824	0.985243	-0.024610	91
2292.637952	263.617676	0.985560	-0.024242	93
2294.674944	263.578552	0.985451	-0.024234	95
2296.711168	263.558960	0.984767	-0.024053	97
2298.747392	263.538940	0.984332	-0.024053	99
2300.784384	263.550964	0.984298	-0.023914	101
2302.820864	263.536224	0.984423	-0.023823	103
2304.856832	263.534851	0.984282	-0.024105	105
2306.893568	263.541412	0.984209	-0.023936	107
2308.930048	263.538940	0.985524	-0.024591	109
2310.966528	263.529449	0.985092	-0.024241	111
2313.002752	263.557098	0.985209	-0.024263	113
2315.039488	263.546722	0.985473	-0.024317	115
2317.075712	263.657043	0.984853	-0.024009	117
2319.112704	263.488434	0.986748	-0.025044	119
2321.149440	263.577759	0.987565	-0.024333	121
2323.186176	263.542053	0.986283	-0.024516	123
2325.222656	263.591309	0.986074	-0.024339	125
2327.259136	263.541626	0.984979	-0.024166	127
2329.295872	263.503815	0.984719	-0.024472	129
2331.332096	263.571655	0.985273	-0.024708	131
2333.368832	263.549011	0.985229	-0.024571	133
2335.405056	263.529205	0.986073	-0.024753	135
2337.441280	263.521301	0.986098	-0.024630	137
2339.477760	263.555725	0.986518	-0.024356	139
2341.513728	263.496796	0.986651	-0.024353	141
2343.550464	263.488007	0.987474	-0.024715	143
2345.587200	263.465729	0.987016	-0.025228	145
2347.622912	263.468994	0.986773	-0.025035	147
2349.660160	263.446930	0.987129	-0.024830	149
2351.695872	263.424194	0.986170	-0.024938	151
2353.732352	263.420868	0.987146	-0.024544	153
2355.767808	263.432556	0.984716	-0.024654	155
2357.805056	263.408051	0.984894	-0.024656	157
2359.841536	263.465271	0.985361	-0.025070	159
2361.878016	263.404999	0.986051	-0.024162	161
2363.914496	263.378052	0.986231	-0.024115	163
2365.950464	263.397461	0.985555	-0.024300	165
2367.987200	263.387299	0.985776	-0.024243	167
2370.023424	263.425629	0.986399	-0.024384	169
2372.060416	263.423584	0.986234	-0.024712	171
2374.096384	263.421906	0.986479	-0.024560	173
2376.132864	263.366669	0.985912	-0.023813	175
2378.169600	263.408722	0.985838	-0.024719	177
2380.206080	263.402008	0.984993	-0.024554	179
2382.242560	263.442505	0.984851	-0.024690	181
2384.278784	263.401825	0.983500	-0.024487	183
2386.315776	263.435272	0.983359	-0.024504	185
2388.352000	263.416138	0.983848	-0.024448	187
2390.388480	263.406525	0.983739	-0.023721	189
2392.424960	263.413666	0.983365	-0.024245	191
2394.461696	263.403931	0.983686	-0.024328	193
2396.497664	263.448639	0.984209	-0.024350	195
2398.534400	263.392334	0.985091	-0.024394	197
2400.570368	263.414398	0.985239	-0.023432	199
2402.606848	263.394836	0.985495	-0.023948	201
2404.643328	263.270996	0.985973	-0.024553	203
2406.679552	263.448944	0.984621	-0.025042	205
2408.715520	263.304871	0.984117	-0.024489	207
2410.752000	263.304474	0.983491	-0.024214	209
2412.788224	263.323792	0.984361	-0.023858	211
2414.825216	263.312744	0.984703	-0.024380	213
2416.861696	263.304321	0.984914	-0.024461	215
2418.897664	263.309784	0.985058	-0.024518	217
2420.934400	263.277222	0.985160	-0.024629	219
2422.970368	263.295532	0.984804	-0.024700	221
2425.007104	263.302948	0.984317	-0.024679	223
2427.043328	263.296753	0.984424	-0.024748	225
2429.079808	263.312927	0.984995	-0.024815	227
2431.116288	263.268616	0.984799	-0.024877	229
2433.152768	263.279510	0.985479	-0.024894	231
2435.189504	263.258575	0.985345	-0.024930	233
2437.226240	263.280273	0.984796	-0.024963	235
2439.262208	263.288971	0.984986	-0.024967	237
2441.298944	263.288422	0.984745	-0.024780	239
2443.335680	263.286560	0.983775	-0.024738	241
2445.371904	263.313751	0.983920	-0.024618	243
2447.408128	263.319855	0.984090	-0.024291	245
2449.445120	263.287384	0.984132	-0.024068	247
2451.481344	263.289856	0.984037	-0.024080	249
2453.518336	263.291046	0.983743	-0.024039	251
2455.554048	263.276917	0.983179	-0.024263	253
2457.590528	263.269806	0.983583	-0.024409	255
2459.627008	263.238190	0.984227	-0.024539	1
2461.663744	263.266266	0.984017	-0.024491	3
2463.699968	263.209351	0.983355	-0.024342	5
2465.736704	263.226593	0.983425	-0.024547	7
2467.772672	263.208099	0.983571	-0.024835	9
2469.809920	263.209442	0.983597	-0.024777	11
2471.845120	263.188202	0.982603	-0.024890	13
2473.881600	263.172638	0.983512	-0.025063	15
2475.919104	263.167694	0.982630	-0.025033	17
2477.955328	263.178436	0.983159	-0.024971	19
2479.990784	263.161316	0.983461	-0.024909	21
2482.027776	263.165344	0.983989	-0.025039	23
2484.064256	263.144073	0.984230	-0.025063	25
2486.100736	263.133514	0.983850	-0.025080	27
2488.137472	263.150543	0.983904	-0.024918	29
2490.173440	263.143127	0.983477	-0.024641	31
2492.210432	263.137238	0.983260	-0.024579	33
2494.246656	263.139587	0.983504	-0.024827	35
2496.283136	263.150848	0.983235	-0.024869	37
2498.319616	263.149231	0.982785	-0.024908	39
2500.356352	263.134949	0.982396	-0.024816	41
2502.393088	263.137939	0.982305	-0.024955	43
2504.429312	263.154297	0.982647	-0.024823	45
2506.465792	263.122925	0.982193	-0.024724	47
2508.502272	263.132050	0.982571	-0.024434	49
2510.538752	263.143127	0.982379	-0.024278	51
2512.575488	263.155579	0.982566	-0.024129	53
2514.611712	263.126465	0.982712	-0.024196	55
2516.648192	263.137909	0.982367	-0.024258	57
2518.685184	263.113342	0.982432	-0.024360	59
2520.720640	263.115601	0.982212	-0.024517	61
2522.758144	263.144562	0.982118	-0.024416	63
2524.793600	263.053650	0.982586	-0.024808	65
2526.829824	263.039124	0.981216	-0.024553	67
2528.865792	263.053192	0.981012	-0.024365	69
2530.902016	263.052368	0.980527	-0.024480	71
2532.939520	263.122925	0.981367	-0.025114	73
2534.974976	263.025543	0.980715	-0.024687	75
2537.011456	263.040497	0.980661	-0.024577	77
2539.047680	263.045319	0.980522	-0.024874	79
2541.084416	263.031281	0.981430	-0.024881	81
2543.120640	263.015198	0.981315	-0.024852	83
2545.157120	262.990631	0.981739	-0.024624	85
2547.193344	263.003601	0.981347	-0.024770	87
2549.229824	263.037292	0.981847	-0.024815	89
2551.266304	263.010040	0.981830	-0.024566	91
2553.302528	263.023437	0.982579	-0.024669	93
2555.339520	263.038574	0.982086	-0.024406	95
2557.375744	263.029907	0.982787	-0.024841	97
2559.412480	263.004700	0.982810	-0.024880	99
2561.448448	263.045013	0.982576	-0.024261	101
2563.484928	263.033875	0.983005	-0.024122	103
2565.522176	263.093506	0.983104	-0.024212	105
2567.558400	263.033417	0.985343	-0.023766	107
2569.595392	263.044464	0.984868	-0.023837	109
2571.631616	263.061554	0.985111	-0.023923	111
2573.668096	263.063232	0.985146	-0.023800	113
2575.704576	263.075348	0.985095	-0.023634	115
2577.740544	263.068390	0.984601	-0.023497	117
2579.777280	263.058411	0.985513	-0.023311	119
2581.813504	263.061554	0.985510	-0.023823	121
2583.849984	263.051666	0.984974	-0.023810	123
2585.886208	263.036530	0.985037	-0.023904	125
2587.922688	263.032806	0.984483	-0.023913	127
2589.959168	263.025604	0.984983	-0.023856	129
2591.995392	263.013672	0.985228	-0.023837	131
2594.031872	263.015015	0.985282	-0.023747	133
2596.068096	263.034119	0.984867	-0.023675	135
2598.104832	263.000183	0.984694	-0.023610	137
2600.141056	262.980255	0.984260	-0.023114	139
2602.177792	262.993317	0.984372	-0.023789	141
2604.214016	262.939087	0.983994	-0.023383	143
2606.250496	263.019043	0.984852	-0.023796	145
2608.286464	262.968964	0.984936	-0.023607	147
2610.322944	262.980408	0.984997	-0.023799	149
2612.359680	262.975067	0.984996	-0.023964	151
2614.395904	262.970459	0.984386	-0.024074	153
2616.432640	262.957520	0.984198	-0.023970	155
2618.468608	262.953064	0.984592	-0.024001	157
2620.505600	262.938599	0.984239	-0.023761	159
2622.541824	262.949890	0.985050	-0.023711	161
2624.578304	262.968414	0.984980	-0.023693	163
2626.614528	262.978210	0.984962	-0.023495	165
2628.651520	262.933624	0.985232	-0.023527	167
2630.688256	262.971771	0.984407	-0.023724	169
2632.723968	262.908844	0.984138	-0.024326	171
2634.760448	262.940399	0.984342	-0.023996	173
2636.797440	262.944122	0.983279	-0.023683	175
2638.834432	262.904266	0.983751	-0.023442	177
2640.869888	262.953888	0.983713	-0.024008	179
2642.906880	262.905396	0.984149	-0.023890	181
2644.942848	262.897949	0.983806	-0.023863	183
2646.979328	262.876312	0.983696	-0.023784	185
2649.015808	262.875671	0.984675	-0.023847	187
2651.052288	262.878693	0.984640	-0.023945	189
2653.088512	262.856903	0.983783	-0.023833	191
2655.124992	262.868561	0.983296	-0.023928	193
2657.161472	262.834778	0.983778	-0.023825	195
2659.197696	262.844238	0.983930	-0.024146	197
2661.234176	262.830505	0.983496	-0.024206	199
2663.270656	262.828705	0.984367	-0.023995	201
2665.306880	262.826843	0.984255	-0.024244	203
2667.343616	262.812866	0.984788	-0.024263	205
2669.379584	262.807617	0.984158	-0.024363	207
2671.416320	262.828949	0.983719	-0.024169	209
2673.452544	262.815857	0.984061	-0.024032	211
2675.489536	262.830475	0.984010	-0.023749	213
2677.525504	262.830383	0.984736	-0.024112	215
2679.561984	262.855011	0.985144	-0.023854	217
2681.598464	262.834778	0.985146	-0.023737	219
2683.634944	262.816772	0.985335	-0.023700	221
2685.671424	262.836761	0.985219	-0.023426	223
2687.708160	262.811707	0.984864	-0.023370	225
2689.744384	262.849335	0.984480	-0.023254	227
2691.780608	262.839417	0.984685	-0.023253	229
2693.817344	262.841370	0.984553	-0.023184	231
2695.853312	262.835541	0.984468	-0.023113	233
2697.888256	262.842438	0.984319	-0.022738	235
2699.927552	262.817383	0.984540	-0.022809	237
2701.962752	262.845795	0.983631	-0.023045	239
2703.999488	262.839966	0.982508	-0.022879	241
2706.035968	262.822449	0.982523	-0.023016	243
2708.071936	262.827179	0.981787	-0.022963	245
2710.109184	262.810333	0.983418	-0.022779	247
2712.144384	262.820740	0.983330	-0.022833	249
2714.181376	262.815918	0.982728	-0.022592	251
2716.217344	262.831177	0.983334	-0.022872	253
2718.253568	262.801788	0.983573	-0.023016	255
2720.290560	262.846832	0.982984	-0.023198	1
2722.326784	262.814117	0.982700	-0.022707	3
2724.363264	262.800323	0.983568	-0.023002	5
2726.399488	262.809998	0.983577	-0.023065	7
2728.436224	262.775635	0.983861	-0.023051	9
2730.472448	262.781372	0.982984	-0.023104	11
2732.509184	262.780426	0.982948	-0.023047	13
2734.545408	262.784607	0.982924	-0.022913	15
2736.582144	262.778137	0.983042	-0.023268	17
2738.618112	262.806824	0.983561	-0.023413	19
2740.654848	262.806976	0.984385	-0.023444	21
2742.691072	262.791718	0.984634	-0.023503	23
2744.728064	262.756348	0.984105	-0.023563	25
2746.764544	262.761902	0.983920	-0.023360	27
2748.800512	262.734344	0.983844	-0.023449	29
2750.837504	262.804779	0.983406	-0.023447	31
2752.873472	262.816833	0.983011	-0.023200	33
2754.911232	262.778656	0.983272	-0.024275	35
2756.945920	262.789673	0.982985	-0.022956	37
2758.982144	262.668732	0.982283	-0.022589	39
2761.018624	262.696045	0.982679	-0.023286	41
2763.055104	262.697113	0.981479	-0.023409	43
2765.091584	262.699402	0.981123	-0.023320	45
2767.127552	262.693115	0.981140	-0.023349	47
2769.164544	262.717804	0.982168	-0.023389	49
2771.200768	262.720551	0.982356	-0.023182	51
2773.236480	262.691071	0.982482	-0.022550	53
2775.273216	262.697113	0.981889	-0.022990	55
2777.309696	262.695282	0.982632	-0.022905	57
2779.346432	262.655457	0.982830	-0.022914	59
2781.382656	262.664978	0.982691	-0.022790	61
2783.419136	262.662262	0.982420	-0.022727	63
2785.456128	262.684082	0.981782	-0.023128	65
2787.492352	262.703003	0.983728	-0.023023	67
2789.528832	262.728119	0.984127	-0.022800	69
2791.565824	262.708405	0.984571	-0.022779	71
2793.602048	262.697845	0.984833	-0.022593	73
2795.638272	262.696960	0.984795	-0.022458	75
2797.674752	262.693237	0.984614	-0.022260	77
2799.711232	262.712830	0.984658	-0.022219	79
2801.747456	262.717438	0.984839	-0.021980	81
2803.784192	262.696167	0.985354	-0.021881	83
2805.820160	262.695435	0.985088	-0.021832	85
2807.856896	262.719177	0.984643	-0.021692	87
2809.893120	262.696320	0.985194	-0.021756	89
2811.929600	262.708252	0.984396	-0.021449	91
2813.966080	262.679687	0.984114	-0.021400	93
2816.002304	262.715790	0.983743	-0.021279	95
2818.039040	262.686768	0.983647	-0.021320	97
2820.075264	262.706238	0.983365	-0.021437	99
2822.111744	262.688171	0.983286	-0.021504	101
2824.147968	262.693420	0.984173	-0.021115	103
2826.184448	262.689697	0.984946	-0.021226	105
2828.220928	262.686676	0.984781	-0.021076	107
2830.256896	262.668732	0.984567	-0.021044	109
2832.293632	262.687988	0.984388	-0.020932	111
2834.329856	262.688507	0.983765	-0.020642	113
2836.366336	262.678314	0.984065	-0.020720	115
2838.403072	262.693878	0.984432	-0.020886	117
2840.439296	262.692230	0.984810	-0.020909	119
2842.475520	262.688507	0.984084	-0.020789	121
2844.512256	262.687286	0.984943	-0.020964	123
2846.548224	262.696899	0.984697	-0.020993	125
2848.585216	262.672363	0.984092	-0.020870	127
2850.620928	262.688416	0.984100	-0.020898	129
2852.657664	262.697693	0.984173	-0.020805	131
2854.693888	262.676697	0.983691	-0.020648	133
2856.730368	262.687225	0.983669	-0.020657	135
2858.767104	262.708923	0.982998	-0.020645	137
2860.803072	262.686890	0.983029	-0.020693	139
2862.839552	262.719635	0.983586	-0.020609	141
2864.876032	262.729706	0.983970	-0.020777	143
2866.912768	262.720764	0.984328	-0.020890	145
2868.949504	262.711945	0.984719	-0.020753	147
2870.985216	262.707733	0.984906	-0.020809	149
2873.022208	262.704742	0.984593	-0.020874	151
2875.058432	262.690918	0.984611	-0.020920	153
2877.094912	262.719940	0.984362	-0.020758	155
2879.131392	262.711792	0.984911	-0.021007	157
2881.167616	262.661346	0.985206	-0.021450	159
2883.204352	262.742462	0.985001	-0.021225	161
2885.240320	262.667969	0.984521	-0.020831	163
2887.276800	262.693573	0.984092	-0.020809	165
2889.313280	262.646240	0.984061	-0.020846	167
2891.349248	262.643860	0.983326	-0.020552	169
2893.385984	262.665985	0.983013	-0.021278	171
2895.422976	262.684479	0.983171	-0.020799	173
2897.458688	262.673492	0.983669	-0.021034	175
2899.495424	262.658691	0.984058	-0.021268	177
2901.531648	262.682159	0.984878	-0.021024	179
2903.568384	262.671997	0.984761	-0.021438	181
2905.604608	262.633575	0.985041	-0.021398	183
2907.640832	262.630707	0.984502	-0.021617	185
2909.677568	262.630463	0.983931	-0.021800	187
2911.714048	262.600922	0.984236	-0.022323	189
2913.750272	262.638611	0.984353	-0.021911	191
2915.786752	262.634308	0.984039	-0.021839	193
2917.823232	262.624146	0.983879	-0.021942	195
2919.859456	262.639648	0.983898	-0.022155	197
2921.896448	262.614258	0.984488	-0.022308	199
2923.932672	262.586426	0.984237	-0.022081	201
2925.968896	262.599335	0.983266	-0.021960	203
2928.005120	262.629791	0.983376	-0.021996	205
2930.042112	262.619812	0.983689	-0.022114	207
2932.078848	262.621521	0.983743	-0.022008	209
2934.115072	262.631744	0.984034	-0.022133	211
2936.151296	262.666718	0.984627	-0.022072	213
2938.188032	262.615906	0.984438	-0.022207	215
2940.224512	262.656403	0.984172	-0.021446	217
2942.260736	262.603119	0.984070	-0.021628	219
2944.297472	262.609131	0.984034	-0.021548	221
2946.333440	262.625732	0.983903	-0.021545	223
2948.370432	262.604279	0.984221	-0.021554	225
2950.406912	262.613342	0.984112	-0.021630	227
2952.443136	262.580231	0.984038	-0.021650	229
2954.479616	262.626892	0.984193	-0.022044	231
2956.515840	262.591858	0.984061	-0.021889	233
2958.551552	262.575684	0.984820	-0.021796	235
2960.589056	262.581543	0.984499	-0.021948	237
2962.625280	262.582794	0.984729	-0.021787	239
2964.660736	262.573029	0.984137	-0.021891	241
2966.698752	262.558624	0.983984	-0.021910	243
2968.734464	262.562317	0.984567	-0.022038	245
2970.770944	262.554596	0.984331	-0.022130	247
2972.807424	262.553009	0.984267	-0.022218	249
2974.843648	262.552795	0.983308	-0.021977	251
2976.880640	262.587952	0.983630	-0.021916	253
2978.916608	262.526703	0.984253	-0.022058	255
2980.952832	262.554687	0.983983	-0.021850	1
2982.989568	262.532776	0.984638	-0.021867	3
2985.026048	262.540253	0.984417	-0.021943	5
2987.062784	262.558929	0.983819	-0.022005	7
2989.099264	262.548309	0.984595	-0.021793	9
2991.135488	262.555847	0.983280	-0.021896	11
2993.171968	262.569580	0.983643	-0.021636	13
2995.208960	262.580688	0.983659	-0.021850	15
2997.244928	262.565216	0.984084	-0.021839	17
2999.281920	262.572937	0.984472	-0.021920	19
3001.317632	262.555084	0.984076	-0.021753	21
3003.354368	262.572449	0.983765	-0.021721	23
3005.390848	262.565186	0.983466	-0.021679	25
3007.427328	262.574493	0.982973	-0.021509	27
3009.463552	262.582611	0.982993	-0.021463	29
3011.500032	262.563171	0.983547	-0.021337	31
3013.536000	262.549164	0.983398	-0.021402	33
3015.572992	262.579224	0.983942	-0.021112	35
3017.609472	262.525177	0.984227	-0.020760	37
3019.645696	262.555908	0.984060	-0.020974	39
3021.682176	262.570984	0.984802	-0.021029	41
3023.718400	262.565826	0.983873	-0.020857	43
3025.754880	262.542664	0.983891	-0.020969	45
3027.791360	262.591370	0.983173	-0.020781	47
3029.827584	262.524506	0.983819	-0.020761	49
3031.864320	262.543610	0.983337	-0.020737	51
3033.900288	262.593323	0.982797	-0.020325	53
3035.937280	262.576996	0.983364	-0.020792	55
3037.973248	262.561218	0.983776	-0.020786	57
3040.009984	262.544250	0.983740	-0.020604	59
3042.046464	262.540375	0.984263	-0.020516	61
3044.082944	262.534546	0.983996	-0.020539	63
3046.119424	262.540497	0.984101	-0.020418	65
3048.155648	262.569122	0.984068	-0.020382	67
3050.192128	262.543182	0.984130	-0.020369	69
3052.228864	262.546326	0.984770	-0.020188	71
3054.265088	262.545929	0.984196	-0.020097	73
3056.301824	262.528748	0.984829	-0.020273	75
3058.338048	262.562897	0.984371	-0.020226	77
3060.374272	262.580017	0.985023	-0.019874	79
3062.410752	262.560089	0.984805	-0.020109	81
3064.446976	262.538818	0.984295	-0.019864	83
3066.483712	262.554962	0.985098	-0.019819	85
3068.520192	262.549194	0.985152	-0.019645	87
3070.556672	262.557343	0.984855	-0.019504	89
3072.593152	262.546112	0.984242	-0.019350	91
3074.629120	262.559052	0.983867	-0.019353	93
3076.665856	262.551636	0.983866	-0.019344	95
3078.702080	262.555878	0.984285	-0.019338	97
3080.738816	262.555450	0.984338	-0.019361	99
3082.775040	262.536438	0.984295	-0.019380	101
3084.811776	262.537689	0.983921	-0.019417	103
3086.847744	262.523407	0.984258	-0.019600	105
3088.884736	262.550568	0.983445	-0.019495	107
3090.920192	262.523132	0.983660	-0.019569	109
3092.957440	262.561127	0.983161	-0.019548	111
3094.993408	262.531250	0.983371	-0.019714	113
3097.030144	262.530945	0.983256	-0.019732	115
3099.067136	262.532501	0.984122	-0.019785	117
3101.103104	262.516418	0.983783	-0.019797	119
3103.140096	262.526794	0.983422	-0.019917	121
3105.175552	262.549805	0.983569	-0.019821	123
3107.212544	262.532440	0.983751	-0.019899	125
3109.248768	262.539001	0.984057	-0.019793	127
3111.284992	262.542084	0.984594	-0.019825	129
3113.321728	262.542816	0.984181	-0.019573	131
3115.357952	262.556030	0.984983	-0.019772	133
3117.394688	262.529877	0.985157	-0.019646	135
3119.430912	262.543304	0.985022	-0.019562	137
3121.467392	262.527924	0.985476	-0.019635	139
3123.503872	262.509216	0.986202	-0.019669	141
3125.540096	262.535339	0.985416	-0.019659	143
3127.576576	262.505432	0.985149	-0.019628	145
3129.613056	262.544098	0.984679	-0.019582	147
3131.649280	262.531769	0.984502	-0.019562	149
3133.686016	262.505402	0.984315	-0.019137	151
3135.722240	262.558105	0.984061	-0.019165	153
3137.758976	262.535461	0.983923	-0.019298	155
3139.794944	262.524811	0.984128	-0.019160	157
3141.831424	262.534912	0.984363	-0.019107	159
3143.868160	262.524689	0.984551	-0.019033	161
3145.904384	262.548218	0.984176	-0.018989	163
3147.940864	262.544037	0.983858	-0.018817	165
3149.977344	262.552887	0.984488	-0.018697	167
3152.013568	262.564789	0.984406	-0.018830	169
3154.050304	262.549347	0.984345	-0.018804	171
3156.086528	262.554169	0.983898	-0.018665	173
3158.123008	262.557922	0.984108	-0.018474	175
3160.159488	262.559967	0.984079	-0.018593	177
3162.195712	262.579041	0.984916	-0.018904	179
3164.232192	262.567535	0.984849	-0.018849	181
3166.268672	262.569305	0.984735	-0.018739	183
3168.305408	262.561707	0.984271	-0.019173	185
3170.341376	262.608002	0.984573	-0.019280	187
3172.378112	262.557129	0.984255	-0.018959	189
3174.414336	262.580780	0.984011	-0.019045	191
3176.450816	262.567352	0.983835	-0.018621	193
3178.487040	262.604340	0.984030	-0.018662	195
3180.523776	262.567993	0.984182	-0.018783	197
3182.560000	262.576996	0.984260	-0.018678	199
3184.596224	262.578186	0.984004	-0.018431	201
3186.632960	262.564087	0.983320	-0.018726	203
3188.668928	262.591431	0.983630	-0.018750	205
3190.705920	262.581818	0.983463	-0.018812	207
3192.742400	262.609192	0.983205	-0.018479	209
3194.778368	262.593842	0.983756	-0.018292	211
3196.815360	262.587036	0.983364	-0.018336	213
3198.851072	262.575012	0.983449	-0.018090	215
3200.887808	262.562164	0.983627	-0.018113	217
3202.924032	262.607819	0.983091	-0.018505	219
3204.960256	262.576385	0.982697	-0.018341	221
3206.996736	262.571991	0.982541	-0.018129	223
3209.033216	262.572235	0.982746	-0.018190	225
3211.070208	262.572205	0.982543	-0.018274	227
3213.106176	262.535614	0.982495	-0.018144	229
3215.143168	262.591064	0.982971	-0.018415	231
3217.179392	262.591492	0.983276	-0.018241	233
3219.215872	262.572876	0.984059	-0.018421	235
3221.251840	262.572357	0.984294	-0.018558	237
3223.288576	262.579834	0.984697	-0.018625	239
3225.325056	262.555847	0.985160	-0.018582	241
3227.361024	262.552826	0.985042	-0.018724	243
3229.397760	262.560822	0.984796	-0.018819	245
3231.433728	262.576508	0.984625	-0.019186	247
3233.470720	262.553436	0.984656	-0.019322	249
3235.506944	262.542084	0.984443	-0.019234	251
3237.543168	262.596832	0.984389	-0.019398	253
3239.579904	262.526184	0.985117	-0.019219	255
3241.616384	262.546448	0.983901	-0.019130	1
3243.652608	262.569824	0.984865	-0.019099	3
3245.689088	262.553528	0.984846	-0.019266	5
3247.725056	262.547211	0.985565	-0.019531	7
3249.762048	262.550018	0.985626	-0.019633	9
3251.798016	262.564423	0.985521	-0.019234	11
3253.835008	262.542175	0.985563	-0.019497	13
3255.871232	262.542419	0.984994	-0.019742	15
3257.908224	262.533142	0.984799	-0.019622	17
3259.943936	262.545868	0.985154	-0.019724	19
3261.980928	262.559052	0.985521	-0.019811	21
3264.017152	262.560211	0.984700	-0.019721	23
3266.053632	262.520660	0.984733	-0.019627	25
3268.090368	262.529907	0.983705	-0.019737	27
3270.126592	262.553741	0.984804	-0.019835	29
3272.162560	262.573273	0.983615	-0.019929	31
3274.199808	262.556061	0.983918	-0.019674	33
3276.236032	262.546722	0.983253	-0.019794	35
3278.272256	262.545410	0.982997	-0.019677	37
3280.308480	262.536438	0.983458	-0.019810	39
3282.345216	262.560120	0.983525	-0.019940	41
3284.381440	262.539520	0.984554	-0.019994	43
3286.418176	262.537476	0.984114	-0.019834	45
3288.454400	262.560028	0.984058	-0.019861	47
3290.490880	262.558594	0.984246	-0.019758	49
3292.527360	262.558411	0.984284	-0.019650	51
3294.563584	262.513214	0.983927	-0.019948	53
3296.600320	262.516418	0.983782	-0.019706	55
3298.636544	262.538727	0.984421	-0.019784	57
3300.673024	262.529480	0.983403	-0.019703	59
3302.708992	262.485626	0.983101	-0.019227	61
3304.745984	262.497467	0.983143	-0.019593	63
3306.781952	262.492828	0.983615	-0.019877	65
3308.818432	262.518677	0.983688	-0.020084	67
3310.854912	262.477814	0.984363	-0.019924	69
3312.891392	262.483978	0.983713	-0.020106	71
3314.927616	262.473969	0.983334	-0.020057	73
3316.963840	262.491608	0.983588	-0.020230	75
3319.000832	262.485107	0.984052	-0.020111	77
3321.036800	262.488525	0.984134	-0.020153	79
3323.073792	262.476135	0.983959	-0.020184	81
3325.110016	262.478271	0.983847	-0.020242	83
3327.146496	262.489685	0.983959	-0.020349	85
3329.182976	262.501495	0.984175	-0.020184	87
3331.219712	262.486298	0.984510	-0.020368	89
3333.255936	262.515625	0.983860	-0.020334	91
3335.292416	262.459747	0.982878	-0.020225	93
3337.328640	262.469147	0.982859	-0.020068	95
3339.365120	262.492523	0.982843	-0.020154	97
3341.401600	262.458435	0.983216	-0.020060	99
3343.438080	262.473663	0.983047	-0.019894	101
3345.474816	262.480652	0.983149	-0.019895	103
3347.510784	262.469543	0.983454	-0.019846	105
3349.547520	262.467468	0.983855	-0.020079	107
3351.583744	262.469635	0.982507	-0.020248	109
3353.620480	262.476196	0.982399	-0.020224	111
3355.657472	262.474060	0.982164	-0.020188	113
3357.693440	262.454407	0.982357	-0.019824	115
3359.729920	262.446808	0.981408	-0.020124	117
3361.765888	262.477325	0.981179	-0.019863	119
3363.802368	262.451904	0.980999	-0.019936	121
3365.838848	262.467407	0.980584	-0.019884	123
3367.875328	262.449493	0.981727	-0.020020	125
3369.911808	262.455017	0.981269	-0.020136	127
3371.948032	262.449005	0.981481	-0.020059	129
3373.984512	262.468323	0.981193	-0.020107	131
3376.020992	262.455536	0.981208	-0.020069	133
3378.057472	262.443176	0.981893	-0.020275	135
3380.093952	262.492584	0.982900	-0.020413	137
3382.130176	262.471924	0.983529	-0.020432	139
3384.166656	262.452850	0.983425	-0.020471	141
3386.203136	262.466858	0.983486	-0.020826	143
3388.239360	262.475403	0.984250	-0.020269	145
3390.276096	262.480591	0.982995	-0.020960	147
3392.312320	262.426270	0.983669	-0.020679	149
3394.349056	262.360535	0.983743	-0.021448	151
3396.384768	262.417389	0.981640	-0.021350	153
3398.421248	262.466248	0.982164	-0.021396	155
3400.457472	262.455048	0.980764	-0.021479	157
3402.494208	262.418243	0.981715	-0.021583	159
3404.530432	262.416138	0.980644	-0.021412	161
3406.566656	262.410431	0.981782	-0.021752	163
3408.602880	262.411530	0.981400	-0.021665	165
3410.639616	262.422394	0.982055	-0.022350	167
3412.676352	262.389221	0.981752	-0.022355	169
3414.712832	262.333069	0.982351	-0.022130	171
3416.749056	262.382385	0.981879	-0.022890	173
3418.785536	262.407654	0.982112	-0.023097	175
3420.821760	262.363464	0.981905	-0.023214	177
3422.858496	262.396118	0.981139	-0.023272	179
3424.894976	262.373688	0.981755	-0.023483	181
3426.931200	262.377960	0.982409	-0.023716	183
3428.967680	262.366180	0.981725	-0.023411	185
3431.004416	262.346527	0.982469	-0.023965	187
3433.040640	262.372406	0.981850	-0.023850	189
3435.076864	262.310303	0.982589	-0.024148	191
3437.114112	262.294525	0.983604	-0.024416	193
3439.150336	262.357300	0.983929	-0.023633	195
3441.188352	262.340515	0.981553	-0.024975	197
3443.224064	262.284546	0.983480	-0.024890	199
3445.260288	262.332520	0.984715	-0.023527	201
3447.297792	262.359283	0.984822	-0.023181	203
3449.333504	262.357788	0.984078	-0.023250	205
3451.370496	262.347626	0.985454	-0.023327	207
3453.406976	262.391785	0.985252	-0.022800	209
3455.442688	262.353546	0.984062	-0.022984	211
3457.479424	262.370300	0.984061	-0.022664	213
3459.516416	262.339661	0.983926	-0.022492	215
3461.552128	262.358185	0.984057	-0.022850	217
3463.589120	262.356415	0.984002	-0.022627	219
3465.624576	262.289215	0.985270	-0.022556	221
3467.662080	262.351593	0.983608	-0.023261	223
3469.698560	262.313934	0.983809	-0.022925	225
3471.734784	262.335815	0.983787	-0.023099	227
3473.771008	262.298157	0.983306	-0.023055	229
3475.807232	262.341949	0.984445	-0.023019	231
3477.843200	262.337128	0.982781	-0.023454	233
3479.880704	262.304169	0.983935	-0.023390	235
3481.916928	262.300323	0.983328	-0.023348	237
3483.953408	262.253418	0.983435	-0.023566	239
3485.988864	262.278656	0.982396	-0.023547	241
3488.026368	262.260162	0.982852	-0.023362	243
3490.062336	262.257446	0.982682	-0.023605	245
3492.098816	262.272034	0.982091	-0.023240	247
3494.135296	262.267700	0.982034	-0.023166	249
3496.171264	262.251343	0.981260	-0.023338	251
3498.208256	262.283325	0.981414	-0.023437	253
3500.244480	262.292572	0.981428	-0.023445	255
3502.281216	262.284637	0.981856	-0.023197	1
3504.317696	262.269836	0.982193	-0.023454	3
3506.353920	262.275879	0.982500	-0.023452	5
3508.391168	262.265778	0.982335	-0.023620	7
3510.426624	262.272705	0.982067	-0.023877	9
3512.463616	262.238220	0.981793	-0.023978	11
3514.499584	262.237122	0.982023	-0.024160	13
3516.536832	262.241638	0.981872	-0.024080	15
3518.573312	262.213745	0.980901	-0.024303	17
3520.609280	262.222931	0.980241	-0.023717	19
3522.646016	262.232666	0.980392	-0.023679	21
3524.681984	262.193237	0.981172	-0.023704	23
3526.718976	262.190338	0.981249	-0.024239	25
3528.755456	262.181091	0.981602	-0.024190	27
3530.791680	262.175140	0.982459	-0.024184	29
3532.828416	262.173950	0.982923	-0.024004	31
3534.864896	262.185364	0.983795	-0.023951	33
3536.900352	262.158844	0.982503	-0.024277	35
3538.937088	262.182953	0.982875	-0.024170	37
3540.973568	262.142578	0.982328	-0.023953	39
3543.010304	262.167633	0.982231	-0.023965	41
3545.046528	262.134552	0.981665	-0.023993	43
3547.082752	262.139130	0.981641	-0.024132	45
3549.119232	262.127106	0.981477	-0.024172	47
3551.155712	262.138092	0.982955	-0.024271	49
3553.192448	262.131561	0.982819	-0.024470	51
3555.228416	262.110413	0.983113	-0.024465	53
3557.265408	262.117981	0.982683	-0.024514	55
3559.301632	262.092072	0.982377	-0.024692	57
3561.337856	262.108734	0.981573	-0.024732	59
3563.374592	262.114014	0.981173	-0.024792	61
3565.410816	262.113129	0.980116	-0.024552	63
3567.447808	262.072418	0.980109	-0.024591	65
3569.484032	262.098175	0.979641	-0.024832	67
3571.520256	262.102448	0.980197	-0.025055	69
3573.557248	262.122681	0.980540	-0.025247	71
3575.593472	262.078369	0.981332	-0.025292	73
3577.630208	262.069824	0.981626	-0.025436	75
3579.666688	262.092285	0.981671	-0.025591	77
3581.702912	262.058746	0.981746	-0.025730	79
3583.739136	262.058838	0.980706	-0.025787	81
3585.776384	262.047150	0.980663	-0.025647	83
3587.811584	262.077606	0.981372	-0.025705	85
3589.848576	262.037537	0.980772	-0.025994	87
3591.885056	262.031708	0.981137	-0.025736	89
3593.921536	261.986176	0.980565	-0.025563	91
3595.957504	262.033142	0.980675	-0.025893	93
3597.994496	262.032990	0.981367	-0.026072	95
3600.030464	262.018097	0.982280	-0.026168	97
3602.067456	262.005585	0.981992	-0.026430	99
3604.102656	262.030579	0.982330	-0.026707	101
3606.140160	261.942810	0.980787	-0.025384	103
3608.176128	261.973267	0.981038	-0.025989	105
3610.212352	261.965790	0.981131	-0.025766	107
3612.249088	261.993439	0.981590	-0.026040	109
3614.285568	261.954773	0.981107	-0.025986	111
3616.322048	261.928406	0.980405	-0.025890	113
3618.358528	261.955719	0.980759	-0.025948	115
3620.395008	261.943024	0.980488	-0.025924	117
3622.430976	261.946136	0.981528	-0.025180	119
3624.468480	261.855652	0.980161	-0.025105	121
3626.504704	261.947968	0.980918	-0.025816	123
3628.540672	261.917267	0.979947	-0.025532	125
3630.577408	261.910187	0.979934	-0.025707	127
3632.613888	261.893982	0.980054	-0.025308	129
3634.650880	261.907104	0.979638	-0.025490	131
3636.687104	261.910065	0.980211	-0.025371	133
3638.723840	261.895996	0.980878	-0.025417	135
3640.760320	261.908478	0.980710	-0.025205	137
3642.796544	261.902649	0.981203	-0.025241	139
3644.833024	261.911530	0.980670	-0.025226	141
3646.869504	261.880554	0.980187	-0.025289	143
3648.905984	261.899902	0.980836	-0.025332	145
3650.941696	261.873810	0.980376	-0.025415	147
3652.979200	261.868744	0.980659	-0.025339	149
3655.014656	261.862396	0.980115	-0.025447	151
3657.051904	261.849670	0.981083	-0.025825	153
3659.086848	261.864258	0.979629	-0.025430	155
3661.124608	261.804047	0.979551	-0.025237	157
3663.160832	261.824066	0.980736	-0.025240	159
3665.197312	261.816010	0.980673	-0.025157	161
3667.233792	261.808685	0.980241	-0.025588	163
3669.269760	261.831116	0.980395	-0.025728	165
3671.306496	261.815125	0.980832	-0.025828	167
3673.342720	261.811829	0.980632	-0.025820	169
3675.379456	261.814087	0.980392	-0.025821	171
3677.415680	261.799103	0.980370	-0.025830	173
3679.451904	261.751312	0.980100	-0.025275	175
3681.489152	261.792358	0.980063	-0.025572	177
3683.525632	261.797485	0.979770	-0.025891	179
3685.561856	261.842773	0.980615	-0.025975	181
3687.598592	261.772675	0.980310	-0.025256	183
3689.634816	261.780518	0.980047	-0.025206	185
3691.671296	261.800415	0.980519	-0.025391	187
3693.708032	261.785034	0.980581	-0.025150	189
3695.744256	261.783417	0.981616	-0.025147	191
3697.780736	261.771790	0.981806	-0.025111	193
3699.817216	261.766449	0.981946	-0.025085	195
3701.854208	261.772339	0.982813	-0.025176	197
3703.890176	261.757019	0.982621	-0.025272	199
3705.926656	261.727936	0.982300	-0.025098	201
3707.962624	261.758789	0.982022	-0.025124	203
3709.999360	261.721191	0.981797	-0.024955	205
3712.035328	261.735840	0.982931	-0.025246	207
3714.072064	261.726440	0.983167	-0.025176	209
3716.108544	261.705475	0.983455	-0.024906	211
3718.144512	261.710052	0.983251	-0.025058	213
3720.180992	261.685181	0.982630	-0.024872	215
3722.217472	261.708313	0.983316	-0.024876	217
3724.253696	261.664459	0.982879	-0.024674	219
3726.290176	261.719574	0.983044	-0.024430	221
3728.326656	261.677521	0.983433	-0.024630	223
3730.363136	261.680786	0.982897	-0.024458	225
3732.399360	261.677124	0.983451	-0.024576	227
3734.435840	261.662476	0.983589	-0.024188	229
3736.472320	261.677673	0.982602	-0.024304	231
3738.509312	261.640137	0.982487	-0.023696	233
3740.545280	261.650879	0.981431	-0.023781	235
3742.582016	261.690765	0.981339	-0.024025	237
3744.618496	261.699036	0.980766	-0.023969	239
3746.654720	261.690247	0.980633	-0.023986	241
3748.691712	261.690430	0.980585	-0.024060	243
3750.727680	261.694519	0.981133	-0.023915	245
3752.764416	261.701691	0.981052	-0.023943	247
3754.800640	261.678406	0.980887	-0.023949	249
3756.837376	261.704834	0.980633	-0.023919	251
3758.873344	261.693665	0.980735	-0.023829	253
3760.910080	261.688171	0.981060	-0.023710	255
3762.946816	261.710907	0.981076	-0.024082	1
3764.983296	261.683838	0.981274	-0.024031	3
3767.019520	261.686432	0.981160	-0.024291	5
3769.056000	261.668976	0.981252	-0.024115	7
3771.091968	261.653625	0.981023	-0.024114	9
3773.128448	261.662842	0.980830	-0.023842	11
3775.164928	261.659821	0.981842	-0.023923	13
3777.200640	261.660187	0.981930	-0.023700	15
3779.237632	261.621307	0.981668	-0.023594	17
3781.273088	261.611298	0.981479	-0.024627	19
3783.310336	261.608276	0.981411	-0.024388	21
3785.346304	261.605835	0.981448	-0.024085	23
3787.382784	261.601166	0.981025	-0.023768	25
3789.419520	261.600983	0.981331	-0.023569	27
3791.455232	261.593109	0.980544	-0.023438	29
3793.492224	261.587677	0.980366	-0.023462	31
3795.528448	261.548981	0.980542	-0.023363	33
3797.564928	261.596893	0.980573	-0.023591	35
3799.601408	261.615021	0.980407	-0.023005	37
3801.637632	261.587402	0.979536	-0.023452	39
3803.674112	261.588196	0.978937	-0.023283	41
3805.710592	261.608368	0.979287	-0.023155	43
3807.747072	261.593994	0.980343	-0.023218	45
3809.783296	261.608765	0.980638	-0.023268	47
3811.820288	261.573090	0.980616	-0.023394	49
3813.856512	261.585571	0.980652	-0.023226	51
3815.893248	261.613159	0.979627	-0.023159	53
3817.929728	261.595367	0.979934	-0.023547	55
3819.965952	261.617126	0.980152	-0.023474	57
3822.003200	261.620056	0.981290	-0.023284	59
3824.039424	261.667786	0.981415	-0.023149	61
3826.076416	261.576782	0.981578	-0.022954	63
3828.112384	261.572479	0.983296	-0.022932	65
3830.146816	261.602905	0.979018	-0.023353	67
3832.183808	261.504181	0.979328	-0.023008	69
3834.219776	261.508820	0.980141	-0.023368	71
3836.256256	261.523499	0.979774	-0.023443	73
3838.292480	261.456787	0.980404	-0.023074	75
3840.329472	261.486023	0.980979	-0.024167	77
3842.365184	261.489044	0.981485	-0.023957	79
3844.401664	261.501160	0.981813	-0.023692	81
3846.438400	261.440674	0.981871	-0.024043	83
3848.474368	261.447235	0.982002	-0.024195	85
3850.511104	261.440521	0.981542	-0.023813	87
3852.547584	261.431854	0.982381	-0.023877	89
3854.584064	261.400085	0.982728	-0.023774	91
3856.620288	261.425262	0.982229	-0.023645	93
3858.657024	261.424530	0.981571	-0.023413	95
3860.692224	261.409241	0.980701	-0.023967	97
3862.730240	261.415039	0.979382	-0.023912	99
3864.766464	261.509888	0.978852	-0.024251	101
3866.802688	261.425385	0.979364	-0.023691	103
3868.839424	261.457397	0.979527	-0.023938	105
3870.875648	261.484772	0.979654	-0.023663	107
3872.912640	261.448792	0.980528	-0.023574	109
3874.949120	261.443085	0.981228	-0.023714	111
3876.986112	261.476746	0.980291	-0.023707	113
3879.021824	261.474701	0.981036	-0.023744	115
3881.059072	261.433685	0.979633	-0.023818	117
3883.095552	261.475250	0.980690	-0.024228	119
3885.131776	261.466827	0.981215	-0.024108	121
3887.167744	261.445435	0.980891	-0.024121	123
3889.204736	261.437744	0.981939	-0.024168	125
3891.241472	261.420929	0.982327	-0.024338	127
3893.277696	261.401855	0.982253	-0.024245	129
3895.313664	261.371918	0.981902	-0.024435	131
3897.350144	261.364868	0.981855	-0.024274	133
3899.386624	261.387726	0.981665	-0.024508	135
3901.423104	261.342896	0.983243	-0.024716	137
3903.459072	261.363708	0.984085	-0.024684	139
3905.495552	261.330719	0.984810	-0.024787	141
3907.531520	261.331482	0.984887	-0.024721	143
3909.568000	261.323517	0.986346	-0.024705	145
3911.604480	261.284180	0.986809	-0.024485	147
3913.640448	261.289001	0.985577	-0.024359	149
3915.677184	261.276398	0.985146	-0.024348	151
3917.713664	261.287598	0.983211	-0.024626	153
3919.749376	261.289703	0.983754	-0.023955	155
3921.786368	261.273895	0.983670	-0.024303	157
3923.822592	261.296936	0.983513	-0.024417	159
3925.859072	261.273346	0.983859	-0.024702	161
3927.895296	261.298859	0.981978	-0.024745	163
3929.932288	261.272034	0.982091	-0.024833	165
3931.968512	261.298431	0.982314	-0.024996	167
3934.005504	261.304199	0.982315	-0.024755	169
3936.041728	261.298157	0.982163	-0.024953	171
3938.078208	261.300079	0.982475	-0.024879	173
3940.114944	261.290131	0.982524	-0.024979	175
3942.151936	261.291229	0.982787	-0.024903	177
3944.188160	261.318237	0.982554	-0.024869	179
3946.224896	261.310089	0.982166	-0.025064	181
3948.261376	261.285065	0.982609	-0.025069	183
3950.297600	261.280090	0.983043	-0.025343	185
3952.334336	261.291687	0.982548	-0.025321	187
3954.370304	261.281342	0.983117	-0.025212	189
3956.406784	261.260803	0.983309	-0.025072	191
3958.443520	261.268768	0.982089	-0.024987	193
3960.479488	261.258240	0.982611	-0.025067	195
3962.515456	261.220093	0.981777	-0.024775	197
3964.551936	261.201935	0.982260	-0.024985	199
3966.587904	261.223328	0.982523	-0.024893	201
3968.624640	261.172058	0.982316	-0.024777	203
3970.660608	261.194214	0.980876	-0.024713	205
3972.697088	261.228180	0.981963	-0.024734	207
3974.733312	261.182648	0.982238	-0.024517	209
3976.769792	261.206177	0.983033	-0.024470	211
3978.806016	261.227600	0.983000	-0.024454	213
3980.842752	261.210999	0.982289	-0.024429	215
3982.878976	261.229340	0.981985	-0.024000	217
3984.915456	261.199615	0.981633	-0.023781	219
3986.952448	261.212219	0.980589	-0.024098	221
3988.988672	261.242035	0.980107	-0.024320	223
3991.024896	261.211700	0.980164	-0.024194	225
3993.061888	261.254517	0.980710	-0.023962	227
3995.098880	261.257507	0.981588	-0.024090	229
3997.135104	261.250275	0.982511	-0.024135	231
3999.171584	261.230438	0.982804	-0.023811	233
4001.208064	261.264496	0.982361	-0.023698	235
4003.244544	261.226227	0.982206	-0.023787	237
4005.281024	261.261169	0.982130	-0.023832	239
4007.317248	261.278259	0.982137	-0.023524	241
4009.354496	261.241394	0.982035	-0.023600	243
4011.390208	261.278381	0.982433	-0.023530	245
4013.426688	261.242218	0.982161	-0.023116	247
4015.463168	261.275909	0.982743	-0.023209	249
4017.499648	261.249939	0.982603	-0.023061	251
4019.536128	261.207031	0.983192	-0.022981	253
4021.572096	261.237335	0.981834	-0.022731	255
4023.608320	261.202942	0.981715	-0.022701	1
4025.644800	261.236511	0.981081	-0.022674	3
4027.681024	261.227814	0.982019	-0.022678	5
4029.718016	261.275360	0.982947	-0.023159	7
4031.755264	261.160095	0.983943	-0.022481	9
4033.789952	261.193207	0.982923	-0.023037	11
4035.826688	261.173157	0.982440	-0.023035	13
4037.863168	261.178619	0.982755	-0.023252	15
4039.899392	261.196075	0.983475	-0.023392	17
4041.935616	261.181274	0.983496	-0.023484	19
4043.972608	261.137085	0.983268	-0.023662	21
4046.009600	261.193573	0.983066	-0.024158	23
4048.045824	261.155182	0.982853	-0.023748	25
4050.081536	261.160828	0.982443	-0.023497	27
4052.118272	261.177643	0.981050	-0.023545	29
4054.155008	261.210907	0.981036	-0.023522	31
4056.190976	261.204987	0.979839	-0.023312	33
4058.228224	261.209442	0.980368	-0.023491	35
4060.264448	261.179962	0.980928	-0.023574	37
4062.301184	261.203125	0.981045	-0.023568	39
4064.337920	261.201630	0.981223	-0.023457	41
4066.374400	261.205597	0.981901	-0.023551	43
4068.410880	261.203644	0.981137	-0.023461	45
4070.447616	261.209595	0.981350	-0.023438	47
4072.483584	261.182220	0.982324	-0.023464	49
4074.520576	261.168060	0.982193	-0.023418	51
4076.556800	261.179016	0.981403	-0.023392	53
4078.592768	261.174957	0.981847	-0.023517	55
4080.629504	261.176636	0.980809	-0.023578	57
4082.665472	261.166138	0.980714	-0.023641	59
4084.701696	261.154083	0.981718	-0.023809	61
4086.738176	261.134918	0.982014	-0.023674	63
4088.774400	261.118195	0.982349	-0.023453	65
4090.810368	261.186157	0.981418	-0.022853	67
4092.847616	261.103210	0.982946	-0.023203	69
4094.883328	261.169189	0.982856	-0.023380	71
4096.920320	261.138550	0.981644	-0.023110	73
4098.956544	261.136108	0.981805	-0.023003	75
4100.993024	261.148682	0.981583	-0.023135	77
4103.029760	261.174438	0.981975	-0.023332	79
4105.065728	261.132751	0.982087	-0.023559	81
4107.102464	261.170135	0.982546	-0.023670	83
4109.138944	261.186768	0.982348	-0.023413	85
4111.175424	261.145844	0.982849	-0.024253	87
4113.211904	261.163147	0.982490	-0.024148	89
4115.248128	261.150238	0.982382	-0.024042	91
4117.285120	261.148804	0.981832	-0.024538	93
4119.321600	261.162415	0.982052	-0.024697	95
4121.358336	261.178223	0.982672	-0.024974	97
4123.394816	261.132111	0.982860	-0.024826	99
4125.431296	261.155579	0.983072	-0.024727	101
4127.468288	261.138336	0.982041	-0.024702	103
4129.504256	261.131226	0.982358	-0.024921	105
4131.540736	261.091583	0.982144	-0.025079	107
4133.577728	261.130524	0.981051	-0.025295	109
4135.614208	261.131256	0.980879	-0.025252	111
4137.649920	261.091064	0.981540	-0.025329	113
4139.686912	261.062866	0.982471	-0.025391	115
4141.722880	261.034363	0.982310	-0.025287	117
4143.758848	261.042603	0.982904	-0.025398	119
4145.795840	261.067871	0.983265	-0.025509	121
4147.831808	261.049042	0.982631	-0.025529	123
4149.867264	261.042328	0.982257	-0.025316	125
4151.905280	261.023041	0.982771	-0.025291	127
4153.940992	261.011841	0.983459	-0.026074	129
4155.977472	261.027435	0.983620	-0.025678	131
4158.013440	260.981598	0.984481	-0.025697	133
4160.050432	261.015350	0.983644	-0.025606	135
4162.086656	260.962402	0.983479	-0.025455	137
4164.123392	261.004944	0.982527	-0.025504	139
4166.160384	260.942108	0.981993	-0.026306	141
4168.196352	260.966644	0.982198	-0.025647	143
4170.232832	260.992981	0.982141	-0.025953	145
4172.268800	260.996948	0.982737	-0.026001	147
4174.305536	260.985535	0.982654	-0.025777	149
4176.342528	260.972076	0.982588	-0.025804	151
4178.378496	260.988129	0.982567	-0.025721	153
4180.415488	261.002411	0.981486	-0.025462	155
4182.451968	261.023041	0.981194	-0.025377	157
4184.488448	261.010559	0.981375	-0.025409	159
4186.525184	260.987335	0.981293	-0.025104	161
4188.561408	261.010864	0.981357	-0.025154	163
4190.597888	261.012512	0.981019	-0.025165	165
4192.634368	261.003754	0.981127	-0.025107	167
4194.670848	260.995880	0.980721	-0.024974	169
4196.707328	260.976624	0.981442	-0.024965	171
4198.743552	260.982605	0.982018	-0.025264	173
4200.779776	261.002045	0.982502	-0.025228	175
4202.816000	260.935577	0.983290	-0.025474	177
4204.853248	260.923676	0.982798	-0.025543	179
4206.888960	260.928162	0.982554	-0.025579	181
4208.925440	260.943909	0.982488	-0.025699	183
4210.961664	260.926514	0.982558	-0.025550	185
4212.998144	260.912445	0.982246	-0.025702	187
4215.034368	260.896881	0.982793	-0.025551	189
4217.070592	260.918335	0.983385	-0.025525	191
4219.107328	260.902832	0.983462	-0.025472	193
4221.143552	260.891388	0.983378	-0.025917	195
4223.180288	260.894653	0.983620	-0.026297	197
4225.216512	260.913483	0.982210	-0.026070	199
4227.252992	260.884735	0.983159	-0.026165	201
4229.289216	260.916992	0.982955	-0.026140	203
4231.326208	260.906281	0.983609	-0.026447	205
4233.362688	260.896515	0.984127	-0.026422	207
4235.399168	260.908417	0.983731	-0.026230	209
4237.435648	260.884338	0.983259	-0.026044	211
4239.472128	260.926300	0.981779	-0.026055	213
4241.509120	260.902924	0.981721	-0.025944	215
4243.545088	260.904510	0.981606	-0.025853	217
4245.581824	260.918823	0.981262	-0.025835	219
4247.618304	260.916748	0.981638	-0.025452	221
4249.655040	260.915314	0.980968	-0.025441	223
4251.691264	260.934662	0.981403	-0.025222	225
4253.727744	260.930481	0.981901	-0.025003	227
4255.763968	260.924561	0.982161	-0.024994	229
4257.800192	260.900818	0.983051	-0.024779	231
4259.836672	260.915588	0.983007	-0.024741	233
4261.873152	260.952179	0.982397	-0.023662	235
4263.908864	260.808472	0.982306	-0.023253	237
4265.945856	260.866272	0.982529	-0.024434	239
4267.981824	260.847839	0.982065	-0.024488	241
4270.017792	260.841675	0.982349	-0.024344	243
4272.054528	260.873505	0.982341	-0.024174	245
4274.091008	260.853699	0.983527	-0.024069	247
4276.126976	260.830505	0.983825	-0.024000	249
4278.164480	261.016907	0.983275	-0.025153	251
4280.200704	260.785309	0.984585	-0.024408	253
4282.237440	260.782318	0.983415	-0.024151	255
4284.273920	260.861115	0.983255	-0.023728	1
4286.311168	260.817322	0.983576	-0.023789	3
4288.347648	260.826416	0.982767	-0.024189	5
4290.383104	260.772339	0.982825	-0.023938	7
4292.420864	260.820892	0.982742	-0.024425	9
4294.456320	260.833801	0.983045	-0.024261	11
4296.493056	260.816986	0.982985	-0.024446	13
4298.529792	260.813416	0.982683	-0.024509	15
4300.567040	260.834534	0.982477	-0.024410	17
4302.602752	260.850677	0.982556	-0.024984	19
4304.638976	260.839233	0.982602	-0.025309	21
4306.676224	260.827393	0.982288	-0.025098	23
4308.711936	260.836609	0.981467	-0.025215	25
4310.748672	260.839966	0.980900	-0.025195	27
4312.785408	260.866882	0.981105	-0.025624	29
4314.822144	260.846161	0.980633	-0.025866	31
4316.858880	260.830048	0.980869	-0.025802	33
4318.895104	260.867584	0.981066	-0.026030	35
4320.931840	260.824005	0.980842	-0.026124	37
4322.967552	260.849274	0.981405	-0.025923	39
4325.004288	260.781830	0.981242	-0.025897	41
4327.040512	260.798798	0.982182	-0.026065	43
4329.077248	260.783813	0.981428	-0.026114	45
4331.113472	260.780029	0.980928	-0.026054	47
4333.150208	260.761932	0.981407	-0.026146	49
4335.186432	260.746765	0.981111	-0.026318	51
4337.222144	260.747986	0.979954	-0.026194	53
4339.258880	260.684479	0.980092	-0.026358	55
4341.294592	260.774048	0.980097	-0.026421	57
4343.330816	260.728546	0.980348	-0.026582	59
4345.367552	260.715057	0.979750	-0.026729	61
4347.404288	260.727234	0.980749	-0.026721	63
4349.441024	260.754456	0.980689	-0.026903	65
4351.476736	260.674072	0.981040	-0.026856	67
4353.513984	260.734467	0.980946	-0.026943	69
4355.550720	260.766907	0.981935	-0.027124	71
4357.586944	260.716614	0.983357	-0.027177	73
4359.623680	260.746521	0.982796	-0.027152	75
4361.659904	260.710602	0.982834	-0.027049	77
4363.696640	260.745789	0.982797	-0.027274	79
4365.733376	260.716034	0.982866	-0.027099	81
4367.769088	260.735168	0.982721	-0.027229	83
4369.807360	260.716705	0.982061	-0.027185	85
4371.842560	260.672668	0.981724	-0.027462	87
4373.879296	260.737762	0.982258	-0.027353	89
4375.915520	260.738373	0.981786	-0.027003	91
4377.951744	260.721161	0.980464	-0.027002	93
4379.988480	260.683929	0.980189	-0.026922	95
4382.024704	260.692444	0.980057	-0.026885	97
4384.061440	260.717529	0.980080	-0.026806	99
4386.097664	260.697235	0.980043	-0.026475	101
4388.134912	260.688232	0.980053	-0.026237	103
4390.170624	260.697235	0.980163	-0.026094	105
4392.206336	260.714569	0.980348	-0.026205	107
4394.243584	260.680267	0.980820	-0.026474	109
4396.279808	260.652435	0.980127	-0.026387	111
4398.315520	260.660645	0.979231	-0.026378	113
4400.352256	260.658966	0.979409	-0.026655	115
4402.388480	260.666412	0.979286	-0.026753	117
4404.425216	260.636658	0.979316	-0.026738	119
4406.461952	260.653625	0.979580	-0.026801	121
4408.498176	260.638214	0.979335	-0.027065	123
4410.534912	260.649475	0.979288	-0.027178	125
4412.571136	260.654694	0.979646	-0.027066	127
4414.607872	260.652283	0.979630	-0.027112	129
4416.644608	260.636871	0.979407	-0.027108	131
4418.681344	260.650696	0.979220	-0.027133	133
4420.717568	260.644989	0.978377	-0.026946	135
4422.753792	260.645111	0.978937	-0.027032	137
4424.790016	260.660797	0.979436	-0.026892	139
4426.827776	260.620453	0.979453	-0.027127	141
4428.862976	260.631042	0.979475	-0.027090	143
4430.900224	260.626312	0.978742	-0.027067	145
4432.935936	260.600311	0.979044	-0.026778	147
4434.972160	260.556732	0.977173	-0.026745	149
4437.008896	260.609894	0.977312	-0.027262	151
4439.045120	260.599823	0.978236	-0.027198	153
4441.081856	260.581665	0.978792	-0.027369	155
4443.118080	260.622772	0.979129	-0.027373	157
4445.154816	260.563568	0.979238	-0.027033	159
4447.191040	260.566223	0.978849	-0.027135	161
4449.227264	260.581604	0.979614	-0.027164	163
4451.264000	260.578125	0.979956	-0.027215	165
4453.300224	260.556915	0.980286	-0.027169	167
4455.336448	260.570251	0.980167	-0.027479	169
4457.372160	260.511139	0.980702	-0.027142	171
4459.408896	260.530548	0.980977	-0.027818	173
4461.445632	260.507507	0.981235	-0.027799	175
4463.482368	260.521729	0.981419	-0.028071	177
4465.518080	260.528625	0.981027	-0.028079	179
4467.554304	260.533661	0.981637	-0.028166	181
4469.591040	260.534729	0.981397	-0.028116	183
4471.627776	260.501129	0.980983	-0.028294	185
4473.664512	260.514740	0.980782	-0.028618	187
4475.701248	260.517548	0.980327	-0.028414	189
4477.737984	260.523651	0.980241	-0.028475	191
4479.774208	260.562134	0.980931	-0.028606	193
4481.810432	260.533966	0.981327	-0.028529	195
4483.847168	260.535919	0.981372	-0.028739	197
4485.883392	260.535095	0.981594	-0.028863	199
4487.920128	260.514465	0.982092	-0.028889	201
4489.956352	260.508057	0.982397	-0.029030	203
4491.993600	260.491730	0.982123	-0.028915	205
4494.029824	260.475159	0.982193	-0.029165	207
4496.066560	260.480225	0.981515	-0.028949	209
4498.102272	260.505157	0.981552	-0.029251	211
4500.139008	260.481934	0.981855	-0.028918	213
4502.175232	260.457886	0.982063	-0.029164	215
4504.211968	260.438110	0.981858	-0.029167	217
4506.248192	260.457336	0.980985	-0.028759	219
4508.284416	260.450043	0.980782	-0.028668	221
4510.321152	260.436829	0.980234	-0.028457	223
4512.357376	260.454254	0.980378	-0.028640	225
4514.393600	260.399445	0.980867	-0.028196	227
4516.429824	260.381989	0.980180	-0.028078	229
4518.466560	260.395203	0.980226	-0.028048	231
4520.502784	260.370087	0.980411	-0.028051	233
4522.540032	260.385956	0.980678	-0.028050	235
4524.575744	260.428131	0.980273	-0.028007	237
4526.612480	260.465515	0.980044	-0.028099	239
4528.649216	260.462006	0.980510	-0.027666	241
4530.686976	260.389801	0.979693	-0.027943	243
4532.723712	260.443237	0.980774	-0.027880	245
4534.760448	260.424255	0.980862	-0.028055	247
4536.796160	260.417480	0.980551	-0.027977	249
4538.832384	260.406311	0.980360	-0.027813	251
4540.869632	260.459900	0.980449	-0.028083	253
4542.905856	260.428162	0.982122	-0.027798	255
4544.942080	260.501648	0.981790	-0.028521	1
4546.978816	260.467621	0.982067	-0.028701	3
4549.015040	260.449890	0.981211	-0.029182	5
4551.051776	260.435242	0.981201	-0.028711	7
4553.088512	260.436584	0.980725	-0.028588	9
4555.124736	260.427002	0.981195	-0.028677	11
4557.160960	260.371918	0.980872	-0.028251	13
4559.198208	260.438599	0.981952	-0.028633	15
4561.233408	260.363647	0.981688	-0.028544	17
4563.271168	260.360779	0.981456	-0.028475	19
4565.306880	260.402039	0.981606	-0.028494	21
4567.344128	260.386261	0.980629	-0.028099	23
4569.379328	260.355225	0.982417	-0.027831	25
4571.415552	260.337921	0.979973	-0.027853	27
4573.452288	260.335876	0.980827	-0.027576	29
4575.488512	260.339661	0.980159	-0.027634	31
4577.525248	260.335846	0.980190	-0.027490	33
4579.561984	260.344238	0.980519	-0.027641	35
4581.598208	260.343536	0.980566	-0.027684	37
4583.634944	260.345520	0.980678	-0.027584	39
4585.671168	260.331329	0.981189	-0.027338	41
4587.707904	260.351166	0.980193	-0.027347	43
4589.743104	260.400726	0.981535	-0.028204	45
4591.780864	260.374542	0.980014	-0.027722	47
4593.816576	260.346405	0.980352	-0.027078	49
4595.853312	260.333191	0.979884	-0.027003	51
4597.890560	260.312164	0.980766	-0.027019	53
4599.926784	260.349915	0.980225	-0.026941	55
4601.963008	260.321106	0.980107	-0.026938	57
4603.999232	260.320984	0.979259	-0.026802	59
4606.035968	260.296021	0.979216	-0.026872	61
4608.072192	260.308838	0.979358	-0.026752	63
4610.108928	260.297607	0.979236	-0.026695	65
4612.145152	260.322510	0.979438	-0.026931	67
4614.181376	260.278015	0.979442	-0.026898	69
4616.218112	260.280334	0.980225	-0.027104	71
4618.254336	260.260651	0.980123	-0.027182	73
4620.291584	260.312012	0.980306	-0.027134	75
4622.328320	260.267548	0.980429	-0.027317	77
4624.363520	260.279999	0.980116	-0.027692	79
4626.400256	260.260498	0.979955	-0.027576	81
4628.436992	260.239899	0.980689	-0.027462	83
4630.473216	260.240356	0.981032	-0.027566	85
4632.509952	260.237732	0.981216	-0.027709	87
4634.545664	260.211700	0.981002	-0.027625	89
4636.582912	260.252960	0.981401	-0.027632	91
4638.618624	260.206421	0.980818	-0.027739	93
4640.654848	260.196747	0.982033	-0.027914	95
4642.691584	260.285156	0.982953	-0.028504	97
4644.728832	260.241364	0.981598	-0.027862	99
4646.765568	260.210297	0.982274	-0.027930	101
4648.801792	260.240051	0.981500	-0.027742	103
4650.838528	260.211761	0.981731	-0.027671	105
4652.875264	260.194550	0.981693	-0.027731	107
4654.911488	260.202423	0.980700	-0.027826	109
4656.947712	260.206055	0.979452	-0.027715	111
4658.983424	260.197571	0.979530	-0.027566	113
4661.020672	260.178864	0.979176	-0.027348	115
4663.057920	260.184448	0.978877	-0.027701	117
4665.093632	260.198608	0.979764	-0.027674	119
4667.130368	260.204041	0.980508	-0.027882	121
4669.167104	260.206573	0.981035	-0.027995	123
4671.203840	260.165619	0.980998	-0.028008	125
4673.240064	260.146667	0.981129	-0.027655	127
4675.276288	260.146667	0.981644	-0.027397	129
4677.312000	260.174713	0.981137	-0.027955	131
4679.349248	260.140594	0.980169	-0.027835	133
4681.384960	260.173523	0.980360	-0.027445	135
4683.421696	260.133545	0.980484	-0.027953	137
4685.457920	260.117554	0.980621	-0.027872	139
4687.494144	260.116272	0.980419	-0.028126	141
4689.531392	260.086853	0.980627	-0.028310	143
4691.567104	260.112976	0.980473	-0.028286	145
4693.603840	260.167969	0.980530	-0.028943	147
4695.640064	260.119141	0.980629	-0.028481	149
4697.676800	260.099792	0.980726	-0.028026	151
4699.712512	260.090912	0.980239	-0.028313	153
4701.749760	260.078522	0.980376	-0.028065	155
4703.785984	260.088684	0.980373	-0.028604	157
4705.822208	260.089600	0.981175	-0.028860	159
4707.858944	260.090424	0.979714	-0.028574	161
4709.895680	260.081238	0.979466	-0.028636	163
4711.932416	260.097656	0.979907	-0.028670	165
4713.968640	260.124023	0.980067	-0.028667	167
4716.004864	260.078705	0.979580	-0.028447	169
4718.041600	260.063751	0.980389	-0.028743	171
4720.078336	260.061005	0.980597	-0.028778	173
4722.114560	260.057434	0.979510	-0.028939	175
4724.150784	260.147003	0.981849	-0.028884	177
4726.187520	259.984344	0.981874	-0.028368	179
4728.224256	260.055634	0.981372	-0.029060	181
4730.259968	260.026184	0.981740	-0.029162	183
4732.296704	260.020050	0.981365	-0.029252	185
4734.332928	260.031586	0.981054	-0.028917	187
4736.369664	260.033997	0.980584	-0.029127	189
4738.406400	260.012817	0.980461	-0.028960	191
4740.442624	259.981689	0.980579	-0.028956	193
4742.478848	259.988861	0.980075	-0.029071	195
4744.515584	260.001556	0.979872	-0.029277	197
4746.551808	259.989929	0.979687	-0.029226	199
4748.588032	259.980316	0.979533	-0.029266	201
4750.625280	259.932343	0.980257	-0.029499	203
4752.661504	259.971924	0.980208	-0.029509	205
4754.697216	259.959839	0.981695	-0.029466	207
4756.734976	259.927826	0.982193	-0.029678	209
4758.770176	259.962738	0.981924	-0.029703	211
4760.806912	259.943237	0.981870	-0.029515	213
4762.843136	259.937286	0.981988	-0.029338	215
4764.879360	259.926544	0.982380	-0.028981	217
4766.916096	259.970123	0.981245	-0.029102	219
4768.952320	259.934326	0.981384	-0.029072	221
4770.989056	259.959656	0.980402	-0.028935	223
4773.025792	259.926331	0.980506	-0.028709	225
4775.062016	259.948364	0.980015	-0.028544	227
4777.098240	259.927185	0.980359	-0.028748	229
4779.134976	259.924713	0.979863	-0.028663	231
4781.171712	259.957764	0.979270	-0.028617	233
4783.207936	259.951050	0.980092	-0.028521	235
4785.244672	259.935577	0.980113	-0.028287	237
4787.280896	259.957214	0.980110	-0.028678	239
4789.317120	259.945953	0.980196	-0.028358	241
4791.353856	259.997620	0.980953	-0.029944	243
4793.390080	259.966370	0.980668	-0.028644	245
4795.426816	259.936646	0.980384	-0.028248	247
4797.463552	260.014404	0.980357	-0.028301	249
4799.498240	259.882660	0.979567	-0.027568	251
4801.534464	259.876068	0.979145	-0.028120	253
4803.571200	259.897003	0.979510	-0.028601	255
4805.607424	259.847961	0.979261	-0.028844	1
4807.643648	259.881622	0.980119	-0.028695	3
4809.680384	259.856598	0.980690	-0.028759	5
4811.716608	259.846375	0.980673	-0.028478	7
4813.752832	259.821777	0.981101	-0.028466	9
4815.789568	259.844574	0.981244	-0.028643	11
4817.825792	259.800415	0.981346	-0.028509	13
4819.862528	259.777710	0.981175	-0.028596	15
4821.898752	259.789520	0.980737	-0.028559	17
4823.934976	259.801910	0.981066	-0.028210	19
4825.971712	259.670532	0.980694	-0.028901	21
4828.008448	259.790222	0.980455	-0.028701	23
4830.044672	259.786530	0.980131	-0.029069	25
4832.081408	259.747131	0.980368	-0.029735	27
4834.117632	259.784393	0.979735	-0.029203	29
4836.153344	259.770416	0.979979	-0.029063	31
4838.191104	259.777863	0.980067	-0.029148	33
4840.227328	259.759247	0.981090	-0.029109	35
4842.264064	259.745514	0.981307	-0.029138	37
4844.300288	259.776306	0.981364	-0.028979	39
4846.337024	259.766418	0.980872	-0.028786	41
4848.373248	259.747650	0.981463	-0.028776	43
4850.409472	259.742737	0.981310	-0.028780	45
4852.445696	259.740204	0.980328	-0.028485	47
4854.482944	259.733826	0.979965	-0.028814	49
4856.518656	259.731598	0.979358	-0.028349	51
4858.555392	259.769287	0.980085	-0.028616	53
4860.592128	259.719788	0.980467	-0.028688	55
4862.628352	259.767609	0.980273	-0.028693	57
4864.665088	259.767426	0.981701	-0.028508	59
4866.700800	259.685669	0.981086	-0.029890	61
4868.738048	259.701080	0.980431	-0.028333	63
4870.773760	259.726135	0.980506	-0.028972	65
4872.810496	259.712433	0.979852	-0.029118	67
4874.847232	259.711945	0.979390	-0.028791	69
4876.883456	259.692627	0.979939	-0.028602	71
4878.919680	259.678040	0.979067	-0.028278	73
4880.956416	259.701050	0.977626	-0.027894	75
4882.992640	259.667694	0.976839	-0.028144	77
4885.028864	259.688782	0.977111	-0.027932	79
4887.065088	259.702332	0.977474	-0.027881	81
4889.101312	259.710663	0.978118	-0.028002	83
4891.138560	259.705994	0.977896	-0.028385	85
4893.174784	259.679382	0.977419	-0.028091	87
4895.212032	259.774200	0.978858	-0.029603	89
4897.248768	259.718628	0.978025	-0.029063	91
4899.284480	259.683258	0.977285	-0.028044	93
4901.320704	259.674042	0.977509	-0.027954	95
4903.357440	259.704865	0.977713	-0.027851	97
4905.393664	259.690247	0.978849	-0.028105	99
4907.429888	259.717072	0.980035	-0.028145	101
4909.466624	259.722931	0.980403	-0.028078	103
4911.503872	259.689178	0.981432	-0.028132	105
4913.539072	259.686218	0.980531	-0.028207	107
4915.576320	259.670654	0.980188	-0.028261	109
4917.612544	259.670074	0.980838	-0.028199	111
4919.648768	259.665680	0.980166	-0.027925	113
4921.685504	259.588776	0.980037	-0.028330	115
4923.722240	259.678284	0.981017	-0.028338	117
