time (s)	theta (A)	maj axis/z0	min axis/z0	crossing#mod 255
6772.002816	356.482269	0.989939	-0.013932	249
6774.070784	356.515594	0.990097	-0.013907	251
6776.137728	356.558319	0.989046	-0.013991	253
6778.205696	356.626251	0.989610	-0.014159	255
6780.274176	356.713715	0.990454	-0.014059	1
6782.341632	356.766052	0.991007	-0.014545	3
6784.410624	356.779144	0.992353	-0.014401	5
6786.480128	356.798126	0.992922	-0.014359	7
6788.549120	356.809082	0.993572	-0.014197	9
6790.618624	356.809357	0.994289	-0.013821	11
6792.688128	356.801422	0.995325	-0.013839	13
6794.757632	356.768677	0.995920	-0.013966	15
6796.826624	356.785522	0.995863	-0.014032	17
6798.894592	356.800873	0.998040	-0.014110	19
6800.962560	356.790131	0.999191	-0.014303	21
6803.030016	356.860046	1.000347	-0.014577	23
6805.097472	356.811523	1.000245	-0.014524	25
6807.163904	356.815674	0.999970	-0.014491	27
6809.230336	356.787598	1.000292	-0.014568	29
6811.296768	356.734222	0.999925	-0.014499	31
6813.362688	356.670288	0.998159	-0.014124	33
6815.428608	356.567383	0.997521	-0.014023	35
6817.495040	356.513580	0.994991	-0.013846	37
6819.561472	356.446259	0.993566	-0.013990	39
6821.628416	356.334839	0.992720	-0.014226	41
6823.696384	356.423248	0.994234	-0.014191	43
6825.763328	356.351044	0.993013	-0.014463	45
6827.831296	356.341492	0.993389	-0.014914	47
6829.899264	356.336060	0.991956	-0.015007	49
6831.966720	356.388733	0.992228	-0.015505	51
6834.034688	356.463593	0.992604	-0.015415	53
6836.102656	356.451355	0.991659	-0.015175	55
6838.170112	356.603882	0.992685	-0.015338	57
6840.238080	356.601868	0.994293	-0.015123	59
6842.306560	356.657288	0.991838	-0.015005	61
6844.375040	356.720001	0.993298	-0.014768	63
6846.443008	356.746368	0.993499	-0.014584	65
6848.512512	356.765289	0.994178	-0.014887	67
6850.581504	356.743317	0.996141	-0.014437	69
6852.651008	356.737000	0.995719	-0.014493	71
6854.720000	356.723663	0.997722	-0.014539	73
6856.788992	356.771973	0.998242	-0.014171	75
6858.857472	356.722504	0.998598	-0.013978	77
6860.925952	356.763885	1.001042	-0.014021	79
6862.993920	356.801910	1.000372	-0.013627	81
6865.061376	356.781769	1.002026	-0.013342	83
6867.128320	356.804291	1.002565	-0.013128	85
6869.194752	356.761169	1.000880	-0.012980	87
6871.261696	356.736633	1.002562	-0.012802	89
6873.327616	356.701904	1.000790	-0.012512	91
6875.394048	356.655457	0.999252	-0.012596	93
6877.460480	356.546051	0.998805	-0.012497	95
6879.526912	356.493774	0.997097	-0.012856	97
6881.593856	356.424866	0.996915	-0.012643	99
6883.660800	356.532043	0.996597	-0.011427	101
6885.728768	356.251526	0.994897	-0.011077	103
6887.796736	356.391052	0.995318	-0.012736	105
6889.863680	356.413483	0.994134	-0.012880	107
6891.931648	356.417725	0.994237	-0.012368	109
6893.999616	356.453979	0.994614	-0.011970	111
6896.067072	356.518616	0.993173	-0.012125	113
6898.135040	356.553619	0.992855	-0.012108	115
6900.203008	356.611969	0.994172	-0.012188	117
6902.270976	356.622986	0.993625	-0.012618	119
6904.339456	356.672577	0.993586	-0.012728	121
6906.407424	356.715881	0.994474	-0.012471	123
6908.476928	356.762970	0.994447	-0.012513	125
6910.544896	356.717072	0.996517	-0.012712	127
6912.614400	356.732178	0.996320	-0.012823	129
6914.683392	356.711334	0.997567	-0.013104	131
6916.752896	356.644897	0.999663	-0.013103	133
6918.821376	356.665802	0.997923	-0.013110	135
6920.889856	356.662201	0.998694	-0.013061	137
6922.958336	356.751556	0.999456	-0.012914	139
6925.025280	356.739624	0.999823	-0.012817	141
6927.093248	356.682007	1.000644	-0.012698	143
6929.160192	356.707642	1.000744	-0.012816	145
6931.227136	356.764221	1.000684	-0.012727	147
6933.293568	356.649994	1.001298	-0.012560	149
6935.360000	356.591278	0.998688	-0.012627	151
6937.426432	356.506348	0.997468	-0.012917	153
6939.492352	356.489075	0.997398	-0.013286	155
6941.559296	356.435272	0.997123	-0.013422	157
6943.626240	356.404572	0.997527	-0.013395	159
6945.693696	356.341705	0.996109	-0.013490	161
6947.761152	356.288940	0.995131	-0.013452	163
6949.828096	356.306793	0.993472	-0.013606	165
6951.896064	356.328064	0.993537	-0.013835	167
6953.964032	356.330597	0.994135	-0.013849	169
6956.031488	356.351440	0.994425	-0.013854	171
6958.099456	356.375244	0.993331	-0.014159	173
6960.167424	356.428955	0.993093	-0.013842	175
6962.234880	356.470032	0.992654	-0.013889	177
6964.302848	356.508392	0.992940	-0.013932	179
6966.371328	356.584717	0.995550	-0.013758	181
6968.439808	356.587250	0.995122	-0.013935	183
6970.508288	356.593872	0.995677	-0.013769	185
6972.577792	356.587982	0.996549	-0.013803	187
6974.646272	356.591888	0.997769	-0.013824	189
6976.715264	356.578003	0.999678	-0.013408	191
6978.783744	356.549835	0.999883	-0.013584	193
6980.852736	356.542175	1.000964	-0.013679	195
6982.920704	356.574188	1.001046	-0.014010	197
6984.989696	356.548706	0.999929	-0.013713	199
6987.056640	356.507782	1.000380	-0.013752	201
6989.124096	356.518829	1.000714	-0.013867	203
6991.191040	356.536987	1.000320	-0.013788	205
6993.257984	356.515289	1.001212	-0.013835	207
6995.324928	356.452240	1.000852	-0.014366	209
6997.391360	356.368469	1.000790	-0.014700	211
6999.458304	356.358002	1.001469	-0.014597	213
7001.524224	356.213745	0.999336	-0.014826	215
7003.591680	356.193909	0.996998	-0.014880	217
7005.658624	356.194946	0.996923	-0.015078	219
7007.726080	356.180511	0.995500	-0.015146	221
7009.793024	356.129456	0.993512	-0.015176	223
7011.860992	356.138397	0.993570	-0.015407	225
7013.928448	356.168854	0.993412	-0.015799	227
7015.995904	356.184570	0.994605	-0.016299	229
7018.063872	356.197937	0.994631	-0.016436	231
7020.131840	356.227783	0.994465	-0.016402	233
7022.199808	356.233917	0.994032	-0.016370	235
7024.267264	356.273560	0.993056	-0.016339	237
7026.335744	356.306091	0.994268	-0.016346	239
7028.404224	356.348907	0.995549	-0.016390	241
7030.472704	356.375793	0.995473	-0.016331	243
7032.541184	356.367310	0.995552	-0.015786	245
7034.610176	356.389954	0.996440	-0.015427	247
7036.678656	356.390411	0.998460	-0.015620	249
7038.747648	356.401062	0.998950	-0.015299	251
7040.816128	356.385223	0.998904	-0.015536	253
7042.884608	356.409698	0.998991	-0.015136	255
7044.953088	356.374634	0.999673	-0.014887	1
7047.020544	356.433807	0.999593	-0.014953	3
7049.088000	356.401947	0.999897	-0.014821	5
7051.155968	356.370453	1.000622	-0.015034	7
7053.222912	356.363892	1.000788	-0.015060	9
7055.289856	356.312958	1.000741	-0.015095	11
7057.356288	356.278564	0.999049	-0.014796	13
7059.423232	356.230072	0.998649	-0.015136	15
7061.489664	356.167969	0.999346	-0.015149	17
7063.556608	356.159973	0.997955	-0.015014	19
7065.624064	356.117279	0.996037	-0.014895	21
7067.691008	356.087555	0.996588	-0.014880	23
7069.757952	356.039856	0.995552	-0.014701	25
7071.825920	356.108154	0.994679	-0.014608	27
7073.893376	356.116089	0.994577	-0.014498	29
7075.960832	356.096558	0.994498	-0.014545	31
7078.028800	356.115387	0.994869	-0.014548	33
7080.096768	356.132019	0.995160	-0.014558	35
7082.164224	356.154266	0.993381	-0.014390	37
7084.232704	356.210052	0.993382	-0.014477	39
7086.300672	356.233704	0.994276	-0.014586	41
7088.369152	356.260315	0.995050	-0.014438	43
7090.437120	356.290131	0.996110	-0.014479	45
7092.506112	356.310730	0.995910	-0.014177	47
7094.574592	356.307953	0.997421	-0.014286	49
7096.643072	356.321777	0.999711	-0.014449	51
7098.712064	356.279541	1.000133	-0.014638	53
7100.780032	356.298523	1.000793	-0.014371	55
7102.849024	356.298523	1.001559	-0.014324	57
7104.916480	356.308014	1.001358	-0.013763	59
7106.984960	356.282227	1.001171	-0.013547	61
7109.052928	356.307861	1.000945	-0.013177	63
7111.119872	356.267822	1.001414	-0.012984	65
7113.187328	356.270782	1.001456	-0.013198	67
7115.254272	356.245728	1.001108	-0.012980	69
7117.321216	356.238373	1.000935	-0.012980	71
7119.388160	356.191498	1.000458	-0.012979	73
7121.454592	356.187134	0.999163	-0.012861	75
7123.521536	356.141785	0.998379	-0.012819	77
7125.588480	356.077728	0.997562	-0.013016	79
7127.655936	356.087982	0.997123	-0.013291	81
7129.723392	355.999756	0.996631	-0.013466	83
7131.790848	356.027802	0.996448	-0.013394	85
7133.858304	355.983398	0.996648	-0.013662	87
7135.926272	356.035919	0.996178	-0.013609	89
7137.993728	355.997803	0.995314	-0.013421	91
7140.061696	356.050201	0.994896	-0.013160	93
7142.129152	356.074493	0.994317	-0.012894	95
7144.197632	356.119232	0.994211	-0.012757	97
7146.265088	356.126953	0.993790	-0.012796	99
7148.333568	356.128754	0.993491	-0.013042	101
7150.402048	356.197174	0.993878	-0.012955	103
7152.470528	356.264740	0.994566	-0.012788	105
7154.539008	356.224426	0.996973	-0.012911	107
7156.607488	356.272156	0.997693	-0.012882	109
7158.676480	356.239166	0.999179	-0.013067	111
7160.744960	356.228790	0.999055	-0.012934	113
7162.812928	356.177307	1.000191	-0.013053	115
7164.881920	356.200684	1.000965	-0.013204	117
7166.949888	356.191833	1.001182	-0.013236	119
7169.017344	356.161255	1.001423	-0.013427	121
7171.084800	356.164307	1.002104	-0.013314	123
7173.151744	356.186646	1.001404	-0.013385	125
7175.219200	356.121582	1.001638	-0.013530	127
7177.286656	356.077332	1.000499	-0.013266	129
7179.353600	356.052582	1.000327	-0.013305	131
7181.420032	356.037048	0.999642	-0.013443	133
7183.486976	355.981567	0.999233	-0.013392	135
7185.553920	355.920776	0.998159	-0.013345	137
7187.620864	355.892365	0.996780	-0.013419	139
7189.688320	355.863861	0.996488	-0.013416	141
7191.755776	355.850098	0.994527	-0.013337	143
7193.823232	355.907379	0.993431	-0.013325	145
7195.891200	355.905273	0.993791	-0.013107	147
7197.958656	355.922699	0.994678	-0.013554	149
7200.026624	355.962036	0.993723	-0.013416	151
7202.094592	355.943085	0.993442	-0.013286	153
7204.162560	356.029144	0.994604	-0.013025	155
7206.230528	355.980316	0.994558	-0.012493	157
7208.299008	356.009430	0.994892	-0.012560	159
7210.366464	356.050568	0.993901	-0.012684	161
7212.435456	356.048187	0.995329	-0.012780	163
7214.503936	356.094666	0.996023	-0.013044	165
7216.572416	356.055145	0.996862	-0.012814	167
7218.640896	356.101593	0.998372	-0.012739	169
7220.709376	356.070007	0.997333	-0.012630	171
7222.777344	356.066010	0.998199	-0.012469	173
7224.845824	356.073669	0.999119	-0.012814	175
7226.913792	356.070496	0.999743	-0.012715	177
7228.981248	356.090546	1.001086	-0.012975	179
7231.049216	356.036072	1.000108	-0.012777	181
7233.116160	356.033203	1.000756	-0.012756	183
7235.183104	355.992920	0.999473	-0.012798	185
7237.250560	355.965637	0.998832	-0.012752	187
7239.317504	355.928131	0.998862	-0.012652	189
7241.384448	355.962799	0.997781	-0.012517	191
7243.451392	355.883972	0.998135	-0.012723	193
7245.518336	355.841461	0.997184	-0.012735	195
7247.585792	355.820404	0.994416	-0.012364	197
7249.653248	355.805023	0.995676	-0.012535	199
7251.720192	355.822784	0.993654	-0.012327	201
7253.787648	355.832642	0.992929	-0.012127	203
7255.855616	355.867706	0.994888	-0.012000	205
7257.923584	355.867523	0.995291	-0.011842	207
7259.991040	355.837555	0.994672	-0.011984	209
7262.059008	355.863678	0.994349	-0.011497	211
7264.126976	355.881805	0.993855	-0.011622	213
7266.194944	355.952820	0.995986	-0.011590	215
7268.262912	355.974915	0.997224	-0.011427	217
7270.330880	355.968903	0.996937	-0.011482	219
7272.399360	355.994904	0.997930	-0.011758	221
7274.468352	355.949493	0.997882	-0.011593	223
7276.536320	355.975708	0.998202	-0.011751	225
7278.604800	356.016785	0.999071	-0.011848	227
7280.672768	355.960632	0.999208	-0.011634	229
7282.741248	355.937408	0.999919	-0.011823	231
7284.809216	355.960968	1.001371	-0.012003	233
7286.877184	355.949127	1.001934	-0.012540	235
7288.945152	355.943787	1.003075	-0.012246	237
7291.012608	355.913025	1.003613	-0.012082	239
7293.079552	355.892731	1.002735	-0.012161	241
7295.147008	355.867889	1.002031	-0.012290	243
7297.214464	355.847687	1.001794	-0.012516	245
7299.281408	355.829498	1.001470	-0.012720	247
7301.348864	355.770721	1.001923	-0.012789	249
7303.415808	355.768738	1.000447	-0.012877	251
7305.483264	355.748047	1.000295	-0.012814	253
7307.550720	355.689667	1.000025	-0.013003	255
7309.617152	355.645996	0.999268	-0.012838	1
7311.685120	355.686951	0.999052	-0.012917	3
7313.752064	355.697144	0.998590	-0.012763	5
7315.820032	355.668915	0.997175	-0.012838	7
7317.887488	355.702148	0.997559	-0.012693	9
7319.955456	355.686981	0.996448	-0.012681	11
7322.023424	355.704071	0.995682	-0.012570	13
7324.091392	355.760101	0.996142	-0.012575	15
7326.159872	355.774750	0.995772	-0.012430	17
7328.227840	355.775848	0.996493	-0.012826	19
7330.296320	355.809937	0.997764	-0.012509	21
7332.364800	355.800110	0.998774	-0.012524	23
7334.432768	355.802460	0.999158	-0.012232	25
7336.500736	355.832092	0.999425	-0.011721	27
7338.569728	355.819885	1.000116	-0.011886	29
7340.637696	355.856659	1.000316	-0.011658	31
7342.706176	355.828949	1.000516	-0.011182	33
7344.774144	355.844269	1.000856	-0.011248	35
7346.842112	355.822296	1.001755	-0.011209	37
7348.909568	355.834625	1.001127	-0.011369	39
7350.977536	355.784332	1.001642	-0.011771	41
7353.045504	355.759918	1.001991	-0.011678	43
7355.112448	355.754089	1.001110	-0.011758	45
7357.179392	355.741119	1.000390	-0.011952	47
7359.246848	355.718933	1.000584	-0.011873	49
7361.313792	355.678986	1.000262	-0.012058	51
7363.381248	355.650696	0.999421	-0.012647	53
7365.448192	355.659485	0.999766	-0.012695	55
7367.515136	355.605072	1.000303	-0.012510	57
7369.583104	355.554230	1.000204	-0.012565	59
7371.650560	355.559692	0.999115	-0.012856	61
7373.718016	355.567902	0.997256	-0.012632	63
7375.785984	355.584076	0.996715	-0.012544	65
7377.853440	355.613739	0.996853	-0.012459	67
7379.921408	355.625977	0.996996	-0.012509	69
7381.989888	355.605438	0.995690	-0.012164	71
7384.056832	355.645966	0.994745	-0.011838	73
7386.125312	355.657684	0.995563	-0.012105	75
7388.193280	355.791412	0.995335	-0.011989	77
7390.261760	355.706116	0.995982	-0.011609	79
7392.329728	355.734222	0.996906	-0.011845	81
7394.398208	355.794098	0.998091	-0.011918	83
7396.466176	355.714417	0.999010	-0.011937	85
7398.535168	355.728271	0.999462	-0.012016	87
7400.603136	355.736084	1.000356	-0.012121	89
7402.671616	355.761505	0.999690	-0.012255	91
7404.739584	355.719360	1.000601	-0.012038	93
7406.808064	355.737122	1.000156	-0.011827	95
7408.875520	355.713898	1.000203	-0.011748	97
7410.942976	355.716339	1.000691	-0.011748	99
7413.010432	355.741302	1.000477	-0.011322	101
7415.077888	355.696899	1.000720	-0.011105	103
7417.145344	355.708313	0.999667	-0.011025	105
7419.212288	355.682373	0.998858	-0.011204	107
7421.279744	355.608948	0.998305	-0.011193	109
7423.346688	355.638519	0.998465	-0.011294	111
7425.413632	355.560699	0.997720	-0.011343	113
7427.480576	355.578918	0.995342	-0.011085	115
7429.548032	355.598694	0.995896	-0.010975	117
7431.615488	355.551056	0.995717	-0.010894	119
7433.682944	355.572662	0.995661	-0.010751	121
7435.750400	355.549225	0.994636	-0.010541	123
7437.818368	355.526398	0.994598	-0.010642	125
7439.886336	355.570526	0.995139	-0.010883	127
7441.953792	355.574249	0.995576	-0.010583	129
7444.022272	355.576172	0.995489	-0.011024	131
7446.089728	355.605286	0.995536	-0.011033	133
7448.158208	355.616364	0.996083	-0.010660	135
7450.226176	355.617279	0.996211	-0.010281	137
7452.294144	355.688873	0.996178	-0.010155	139
7454.362112	355.670135	0.996302	-0.010302	141
7456.431104	355.653198	0.996450	-0.010259	143
7458.499584	355.669189	0.996086	-0.010201	145
7460.567552	355.673462	0.996824	-0.010222	147
7462.635520	355.700989	0.997160	-0.010076	149
7464.703488	355.678314	0.997282	-0.009968	151
7466.771968	355.707001	0.997604	-0.010332	153
7468.839936	355.679626	1.000950	-0.010159	155
7470.907392	355.630341	0.997756	-0.010076	157
7472.974848	355.694305	0.999915	-0.010262	159
7475.041792	355.615753	0.998767	-0.010011	161
7477.109248	355.667877	0.998922	-0.010024	163
7479.176704	355.646729	0.999228	-0.009901	165
7481.243648	355.621735	0.998867	-0.009909	167
7483.311104	355.554657	0.999198	-0.009875	169
7485.378048	355.583710	0.997179	-0.009558	171
7487.445504	355.565430	0.996702	-0.009365	173
7489.512960	355.529755	0.996236	-0.009201	175
7491.580928	355.545776	0.996713	-0.009549	177
7493.648384	355.499054	0.996107	-0.009914	179
7495.715840	355.570618	0.995877	-0.009767	181
7497.783296	355.522766	0.994778	-0.009910	183
7499.851264	355.520874	0.995138	-0.010164	185
7501.919232	355.585602	0.995325	-0.009560	187
7503.987200	355.585999	0.995559	-0.009229	189
7506.055168	355.623108	0.995009	-0.008700	191
7508.123136	355.648285	0.995727	-0.008445	193
7510.191104	355.664368	0.997156	-0.008265	195
7512.259584	355.646423	0.995909	-0.008298	197
7514.327552	355.666016	0.996061	-0.008506	199
7516.396032	355.693848	0.996845	-0.008535	201
7518.464512	355.673828	0.997613	-0.008517	203
7520.532480	355.681335	0.998035	-0.008839	205
7522.600448	355.686829	0.996334	-0.008906	207
7524.668928	355.716339	0.997054	-0.009103	209
7526.736896	355.677490	0.998178	-0.009151	211
7528.804352	355.689362	0.998115	-0.009025	213
7530.871808	355.676697	0.998594	-0.009201	215
7532.939776	355.670715	0.998056	-0.009257	217
7535.006720	355.633545	0.997794	-0.009049	219
7537.074688	355.659882	0.998306	-0.009259	221
7539.141632	355.579254	0.998188	-0.009246	223
7541.209088	355.577057	0.997227	-0.009738	225
7543.276032	355.538513	0.996339	-0.009376	227
7545.343488	355.558655	0.996626	-0.009599	229
7547.410944	355.512726	0.997377	-0.009762	231
7549.478400	355.500305	0.997182	-0.009368	233
7551.545856	355.488159	0.997284	-0.009461	235
7553.613312	355.487854	0.996389	-0.009619	237
7555.680768	355.526215	0.995806	-0.009299	239
7557.748224	355.536224	0.996426	-0.009503	241
7559.816192	355.522186	0.996831	-0.009350	243
7561.884160	355.543365	0.996180	-0.009319	245
7563.952640	355.512604	0.996699	-0.009181	247
7566.020096	355.555450	0.995807	-0.008870	249
7568.088576	355.612732	0.997176	-0.008766	251
7570.156544	355.601135	0.996065	-0.008768	253
7572.224512	355.623779	0.996405	-0.008623	255
7574.292992	355.668304	0.997212	-0.008864	1
7576.360960	355.627350	0.997490	-0.008999	3
7578.429440	355.603210	0.998098	-0.009112	5
7580.497408	355.610046	0.999167	-0.009389	7
7582.565376	355.566376	0.998986	-0.009637	9
7584.633344	355.569397	0.998722	-0.009669	11
7586.701312	355.590515	0.997905	-0.010098	13
7588.769280	355.578430	0.998528	-0.010164	15
7590.836736	355.549591	0.998205	-0.010174	17
7592.904192	355.578522	0.998384	-0.010877	19
7594.971648	355.552002	0.999376	-0.010565	21
7597.038592	355.497070	0.999339	-0.010287	23
7599.106048	355.538544	0.998827	-0.010092	25
7601.174016	355.510986	0.998289	-0.009647	27
7603.240960	355.498138	0.997818	-0.009233	29
7605.308416	355.544098	0.997879	-0.008770	31
7607.375872	355.518250	0.997626	-0.008393	33
7609.443328	355.510742	0.996122	-0.008082	35
7611.510784	355.537933	0.995854	-0.008322	37
7613.578240	355.520386	0.995205	-0.008288	39
7615.645696	355.497620	0.994907	-0.008704	41
7617.714176	355.557922	0.995310	-0.008434	43
7619.781632	355.562195	0.995601	-0.008639	45
7621.849088	355.560974	0.995623	-0.008830	47
7623.916544	355.539337	0.995836	-0.008999	49
7625.985024	355.554230	0.996031	-0.008905	51
7628.053504	355.574249	0.996347	-0.009251	53
7630.120960	355.571045	0.996900	-0.009432	55
7632.188928	355.608856	0.997176	-0.009057	57
7634.257408	355.612030	0.997801	-0.008790	59
7636.325376	355.623505	0.998246	-0.008152	61
7638.393856	355.612061	0.998812	-0.007840	63
7640.461824	355.615875	0.999503	-0.008271	65
7642.529792	355.633850	1.000533	-0.008250	67
7644.597760	355.618103	1.000215	-0.008185	69
7646.666240	355.605957	1.001064	-0.008239	71
7648.733184	355.618774	1.001493	-0.008467	73
7650.801152	355.605499	1.001207	-0.008525	75
7652.868608	355.599945	1.001663	-0.008323	77
7654.936576	355.549469	1.001528	-0.008421	79
7657.003520	355.543976	0.999938	-0.008328	81
7659.071488	355.540192	0.999125	-0.008623	83
7661.138432	355.518738	0.998808	-0.008893	85
7663.205888	355.487518	0.997770	-0.009111	87
7665.273344	355.495941	0.998540	-0.009200	89
7667.340800	355.474823	0.997714	-0.009523	91
7669.408256	355.447235	0.996138	-0.009646	93
7671.475712	355.447144	0.995964	-0.009862	95
7673.543168	355.467255	0.995540	-0.009837	97
7675.611136	355.443146	0.996394	-0.009904	99
7677.678592	355.432068	0.995980	-0.009866	101
7679.746560	355.378235	0.996154	-0.010036	103
7681.814528	355.444763	0.996062	-0.010183	105
7683.882496	355.468597	0.996143	-0.010022	107
7685.949952	355.438751	0.996742	-0.009898	109
7688.018432	355.450104	0.996568	-0.010011	111
7690.085888	355.435883	0.995816	-0.010242	113
7692.154368	355.436035	0.996177	-0.009957	115
7694.222336	355.464752	0.997058	-0.009914	117
7696.290304	355.524231	0.997279	-0.009623	119
7698.358272	355.483856	0.998051	-0.009391	121
7700.426240	355.462128	0.998111	-0.009650	123
7702.494208	355.466888	0.998446	-0.009681	125
7704.562176	355.476990	0.999565	-0.009710	127
7706.630144	355.464081	0.999786	-0.009940	129
7708.697600	355.450104	1.000682	-0.010009	131
7710.765056	355.393372	1.000805	-0.010004	133
7712.833024	355.426422	1.000501	-0.010317	135
7714.899968	355.420807	1.000323	-0.010142	137
7716.967424	355.403992	1.000716	-0.010173	139
7719.035392	355.357910	0.999562	-0.010325	141
7721.102336	355.313507	0.999781	-0.010322	143
7723.169792	355.339996	0.998581	-0.010486	145
7725.237248	355.300659	0.998200	-0.010290	147
7727.304704	355.305450	0.998132	-0.010136	149
7729.372672	355.309814	0.998420	-0.009867	151
7731.440128	355.282501	0.997995	-0.009940	153
7733.507584	355.312744	0.997324	-0.009909	155
7735.575552	355.287659	0.997817	-0.009971	157
7737.643008	355.298645	0.996321	-0.009641	159
7739.710976	355.293121	0.995313	-0.009613	161
7741.778432	355.347076	0.994540	-0.009474	163
7743.846400	355.335052	0.994790	-0.009235	165
7745.914368	355.348358	0.995685	-0.009045	167
7747.982336	355.370605	0.996030	-0.008991	169
7750.050816	355.297272	0.996090	-0.009242	171
7752.118272	355.329285	0.996284	-0.009292	173
7754.186752	355.403442	0.995749	-0.009430	175
7756.254720	355.351105	0.996319	-0.009533	177
7758.322688	355.350159	0.997045	-0.009876	179
7760.391168	355.389984	0.997704	-0.009816	181
7762.458624	355.350311	0.998170	-0.010101	183
7764.526592	355.349152	0.998370	-0.009956	185
7766.594560	355.335907	0.997854	-0.009984	187
7768.662016	355.320404	0.997300	-0.009969	189
7770.729472	355.315216	0.997278	-0.009907	191
7772.797440	355.309265	0.997564	-0.009874	193
7774.864896	355.309052	0.996482	-0.009775	195
7776.932352	355.314026	0.997169	-0.009728	197
7778.999296	355.297211	0.997263	-0.009662	199
7781.066752	355.278564	0.997602	-0.009587	201
7783.134720	355.252106	0.997576	-0.009295	203
7785.202176	355.211304	0.997457	-0.009396	205
7787.269120	355.241760	0.996874	-0.009375	207
7789.337088	355.239655	0.998065	-0.009550	209
7791.404544	355.228180	0.998431	-0.009466	211
7793.472000	355.240082	0.998557	-0.009313	213
7795.539968	355.237946	0.998785	-0.009073	215
7797.607424	355.249176	0.997871	-0.009212	217
7799.675392	355.234253	0.998179	-0.008919	219
7801.743360	355.243958	0.998032	-0.008886	221
7803.811328	355.266571	0.997101	-0.008841	223
7805.878784	355.265198	0.996377	-0.009098	225
7807.946752	355.313995	0.997147	-0.008914	227
7810.015232	355.295929	0.997405	-0.009129	229
7812.083200	355.334045	0.997521	-0.009037	231
7814.151168	355.280273	0.997398	-0.009140	233
7816.219136	355.328247	0.998135	-0.009296	235
7818.286592	355.303345	0.998549	-0.009401	237
7820.355584	355.342163	0.999052	-0.009257	239
7822.423040	355.306976	0.999627	-0.009471	241
7824.491520	355.321533	1.000402	-0.009381	243
7826.558976	355.296692	1.000670	-0.009267	245
7828.626944	355.275848	1.000561	-0.009512	247
7830.694400	355.295807	1.000022	-0.009553	249
7832.761856	355.271576	1.000473	-0.009780	251
7834.829824	355.218994	1.000085	-0.009638	253
7836.896768	355.193939	1.000607	-0.009409	255
7838.964224	355.237030	1.001064	-0.009460	1
7841.031680	355.176453	0.999622	-0.009129	3
7843.098624	355.160004	0.998715	-0.009233	5
7845.166592	355.151855	0.997168	-0.009413	7
7847.234048	355.172882	0.996243	-0.009496	9
7849.301504	355.153351	0.997315	-0.009345	11
7851.368960	355.160248	0.996878	-0.009280	13
7853.436928	355.128693	0.995629	-0.009374	15
7855.504384	355.153351	0.995669	-0.009142	17
7857.571840	355.166351	0.994969	-0.009211	19
7859.639808	355.140839	0.995406	-0.009645	21
7861.707264	355.152985	0.995566	-0.009594	23
7863.775744	355.177185	0.995247	-0.009500	25
7865.843712	355.168610	0.995403	-0.009603	27
7867.911680	355.175079	0.995192	-0.009859	29
7869.980160	355.168457	0.995122	-0.009819	31
7872.048128	355.167511	0.996587	-0.009862	33
7874.116096	355.207062	0.996229	-0.009881	35
7876.184064	355.176605	0.995939	-0.009799	37
7878.252032	355.167145	0.996432	-0.010093	39
7880.320000	355.207062	0.997443	-0.010240	41
7882.387968	355.194031	0.997839	-0.010166	43
7884.455424	355.152618	0.998356	-0.010169	45
7886.523392	355.157288	0.998903	-0.010338	47
7888.591360	355.138794	0.998122	-0.010386	49
7890.658304	355.143311	0.998379	-0.010533	51
7892.726272	355.182831	0.998654	-0.010842	53
7894.794240	355.169067	0.999471	-0.010708	55
7896.861696	355.149170	0.998911	-0.010321	57
7898.928640	355.137939	0.998745	-0.010220	59
7900.996096	355.124786	0.998247	-0.010169	61
7903.063040	355.110260	0.999073	-0.010003	63
7905.130496	355.045624	0.997247	-0.010439	65
7907.197952	355.065247	0.997185	-0.010557	67
7909.265920	355.028687	0.996272	-0.010592	69
7911.333376	355.035583	0.995281	-0.010741	71
7913.401344	354.996979	0.994896	-0.010812	73
7915.468800	355.020752	0.994901	-0.010777	75
7917.536256	355.019012	0.995671	-0.010961	77
7919.603712	355.027039	0.995619	-0.010790	79
7921.671680	354.950195	0.993698	-0.010494	81
7923.740160	355.057617	0.993063	-0.010830	83
7925.807616	355.043121	0.994511	-0.010880	85
7927.876096	355.063324	0.996096	-0.010907	87
7929.944064	355.071533	0.997573	-0.010879	89
7932.012032	355.079407	0.997402	-0.010960	91
7934.080000	355.096100	0.996305	-0.010814	93
7936.147968	355.107574	0.997445	-0.010814	95
7938.215936	355.109406	0.998631	-0.010744	97
7940.283904	355.101227	0.997558	-0.010603	99
7942.351872	355.065552	0.999660	-0.010648	101
7944.419840	355.060211	0.998413	-0.010479	103
7946.487808	355.053558	1.000016	-0.010247	105
7948.555264	355.064972	0.997961	-0.009691	107
7950.622720	355.065125	0.999972	-0.009393	109
7952.690688	355.071930	0.998747	-0.009172	111
7954.757632	355.063934	1.000052	-0.008866	113
7956.825600	355.053223	1.000840	-0.008884	115
7958.892544	355.063934	1.000410	-0.008755	117
7960.960512	355.015350	1.001578	-0.008895	119
7963.027968	355.030182	1.000271	-0.008790	121
7965.094912	355.005890	0.999664	-0.008693	123
7967.162368	355.012909	1.000805	-0.008807	125
7969.230336	354.945923	0.998716	-0.009089	127
7971.297280	355.009338	0.997587	-0.008898	129
7973.365248	354.959290	0.997100	-0.008775	131
7975.432704	354.985962	0.995017	-0.008768	133
7977.501184	355.046722	0.997289	-0.008882	135
7979.568640	355.036072	0.995054	-0.008687	137
7981.636608	355.027954	0.996627	-0.008448	139
7983.704064	355.057831	0.994783	-0.008376	141
7985.772544	355.088226	0.996631	-0.008170	143
7987.840000	355.075592	0.998209	-0.008144	145
7989.908480	355.090088	0.996895	-0.008117	147
7991.976448	355.095673	0.999483	-0.008179	149
7994.044928	355.075073	0.998805	-0.008253	151
7996.112896	355.062073	1.000439	-0.008148	153
7998.180864	355.062408	0.998349	-0.008312	155
8000.248832	355.059570	1.000309	-0.008522	157
8002.316800	355.075775	0.999229	-0.008840	159
8004.384256	355.071625	0.999497	-0.008619	161
8006.452736	355.092255	0.999133	-0.008493	163
8008.520192	355.086487	0.999389	-0.008676	165
8010.587648	355.085815	1.000183	-0.008562	167
8012.656128	355.057098	0.998044	-0.008468	169
8014.723072	355.121429	0.996684	-0.008319	171
8016.790528	355.100067	0.998836	-0.008140	173
8018.857984	355.083405	1.000990	-0.008176	175
8020.924928	355.060913	0.999046	-0.008076	177
8022.992896	355.047302	0.998266	-0.007987	179
8025.059840	355.040619	0.997333	-0.007956	181
8027.127808	355.045471	0.999396	-0.008273	183
8029.195264	355.011871	0.997268	-0.008370	185
8031.262720	355.000427	0.996121	-0.008109	187
8033.330688	355.028839	0.999325	-0.008331	189
8035.399168	355.030212	0.998613	-0.008778	191
8037.466112	355.015198	0.996968	-0.009015	193
8039.534080	355.031403	0.997703	-0.008856	195
8041.601536	355.034637	0.997299	-0.009081	197
8043.670016	355.058777	0.998531	-0.008927	199
8045.737472	355.028656	0.998274	-0.008658	201
8047.805440	355.029541	0.997929	-0.008912	203
8049.873920	355.016815	0.998362	-0.008613	205
8051.941376	355.033051	0.997619	-0.008731	207
8054.009344	355.066437	0.997445	-0.008545	209
8056.077312	355.053192	0.998280	-0.008460	211
8058.145280	355.036652	0.998356	-0.008749	213
8060.213760	355.013092	0.996366	-0.008786	215
8062.281216	354.983887	0.996534	-0.008924	217
8064.349696	355.018829	0.997019	-0.008899	219
8066.417152	355.045288	0.996572	-0.008477	221
8068.485120	355.025909	0.998335	-0.008738	223
8070.552064	355.002411	0.998967	-0.009105	225
8072.620032	354.979156	0.999477	-0.009248	227
8074.687488	354.972870	0.999934	-0.009420	229
8076.755456	354.947449	0.998378	-0.009228	231
8078.822912	354.939575	0.999876	-0.009076	233
8080.889856	354.928955	0.999266	-0.009083	235
8082.957824	354.921204	0.998121	-0.009012	237
8085.025280	354.916260	0.998991	-0.009350	239
8087.092736	354.884521	0.998463	-0.009499	241
8089.160192	354.901978	0.999062	-0.009292	243
8091.227648	354.877625	0.997441	-0.009303	245
8093.295616	354.850983	0.998126	-0.009260	247
8095.363072	354.863953	0.997794	-0.009284	249
8097.431040	354.869232	0.997314	-0.009150	251
8099.498496	354.892731	0.998128	-0.009292	253
8101.565952	354.878082	0.997847	-0.009324	255
8103.634432	354.912048	0.998590	-0.009450	1
8105.702400	354.863403	0.998930	-0.009685	3
8107.770368	354.903107	0.998748	-0.009751	5
8109.838336	354.894867	0.998951	-0.009465	7
8111.906304	354.915009	0.999013	-0.009467	9
8113.974272	354.907104	0.999182	-0.009726	11
8116.042240	354.924072	0.997723	-0.009872	13
8118.110720	354.964539	0.998510	-0.009615	15
8120.178688	354.921906	0.998724	-0.009469	17
8122.246144	354.931915	0.997602	-0.009560	19
8124.314112	354.924042	0.997745	-0.009552	21
8126.381568	354.944458	0.997628	-0.009308	23
8128.450048	354.903687	0.998632	-0.009319	25
8130.517504	354.924530	0.999221	-0.009400	27
8132.584960	354.924561	0.998931	-0.009229	29
8134.652416	354.929291	0.999468	-0.009278	31
8136.720384	354.912292	0.999214	-0.009145	33
8138.787840	354.950104	0.999463	-0.008889	35
8140.855296	354.926331	1.000344	-0.008837	37
8142.923264	354.880493	0.999332	-0.008656	39
8144.990720	354.889252	0.998731	-0.009087	41
8147.058176	354.894440	0.997335	-0.009163	43
8149.125632	354.880951	0.997303	-0.009230	45
8151.192576	354.911682	0.998116	-0.009231	47
8153.260544	354.901093	0.998162	-0.008976	49
8155.328000	354.901306	0.998797	-0.009062	51
8157.395968	354.873535	0.998200	-0.009195	53
8159.463424	354.890594	0.998707	-0.009040	55
8161.531392	354.863190	0.998132	-0.009031	57
8163.599360	354.869415	0.999002	-0.009035	59
8165.667328	354.896820	0.998036	-0.008638	61
8167.735808	354.891235	0.998112	-0.008371	63
8169.803264	354.867798	0.999059	-0.008645	65
8171.870720	354.891846	0.998126	-0.008509	67
8173.939200	354.862366	0.998895	-0.008431	69
8176.007168	354.890900	0.999328	-0.008646	71
8178.075136	354.918304	0.998901	-0.008300	73
8180.143104	354.871613	0.999001	-0.008480	75
8182.210560	354.891357	0.999005	-0.007880	77
8184.279040	354.880859	0.997531	-0.007893	79
8186.346496	354.860321	0.996972	-0.007974	81
8188.414464	354.883453	0.996151	-0.008085	83
8190.481920	354.868073	0.995628	-0.007778	85
8192.549376	354.895996	0.996982	-0.007597	87
8194.617344	354.894287	0.996698	-0.007543	89
8196.684800	354.876770	0.997275	-0.007536	91
8198.752256	354.867279	0.998581	-0.007704	93
8200.820224	354.804413	0.998494	-0.007772	95
8202.887680	354.860260	0.998703	-0.007704	97
8204.955136	354.848175	0.998282	-0.007977	99
8207.022592	354.853546	0.997647	-0.007659	101
8209.090048	354.831818	0.997986	-0.007961	103
8211.158016	354.852203	0.997896	-0.007996	105
8213.225984	354.814758	0.998305	-0.008047	107
8215.293440	354.813354	0.997297	-0.007919	109
8217.361408	354.844116	0.997527	-0.007861	111
8219.428864	354.820404	0.997321	-0.007720	113
8221.496320	354.800995	0.997007	-0.007842	115
8223.564288	354.803406	0.997418	-0.007860	117
8225.632256	354.817078	0.996399	-0.007849	119
8227.700224	354.783508	0.996204	-0.008126	121
8229.768192	354.818634	0.996958	-0.007842	123
8231.835648	354.906464	0.997838	-0.007913	125
8233.903616	354.843414	0.998208	-0.007986	127
8235.971584	354.856934	0.998370	-0.007985	129
8238.039552	354.850494	0.997421	-0.008044	131
8240.107520	354.845337	0.999141	-0.008040	133
8242.174976	354.841339	0.999092	-0.008168	135
8244.243456	354.849792	0.998008	-0.008304	137
8246.310400	354.805450	0.996885	-0.008262	139
8248.378880	354.792480	0.997568	-0.008012	141
8250.446336	354.874054	0.996500	-0.007788	143
8252.514304	354.855774	0.996721	-0.007445	145
8254.581760	354.798920	0.997518	-0.007644	147
8256.650240	354.854279	0.998069	-0.007622	149
8258.717696	354.824036	0.998744	-0.007872	151
8260.785152	354.820190	0.998334	-0.007796	153
8262.852608	354.793457	0.998529	-0.007706	155
8264.920576	354.814240	0.998427	-0.008030	157
8266.988032	354.805542	0.998977	-0.008080	159
8269.055488	354.754272	0.998652	-0.008239	161
8271.122944	354.749023	0.997879	-0.008352	163
8273.190400	354.777802	0.997092	-0.008585	165
8275.258368	354.769836	0.996507	-0.008500	167
8277.326336	354.726013	0.997069	-0.008570	169
8279.393792	354.751221	0.996586	-0.008158	171
8281.461248	354.686523	0.996372	-0.008013	173
8283.529216	354.772369	0.994935	-0.007881	175
8285.596672	354.762848	0.996246	-0.007919	177
8287.665152	354.760132	0.996056	-0.007877	179
8289.733120	354.757629	0.996618	-0.007631	181
8291.800576	354.811798	0.996051	-0.006930	183
8293.867520	354.719971	0.995241	-0.007866	185
8295.937024	354.755432	0.996855	-0.007666	187
8298.004992	354.759338	0.997105	-0.007875	189
8300.072960	354.748749	0.997244	-0.008113	191
8302.140928	354.741180	0.997534	-0.008369	193
8304.208896	354.773804	0.997351	-0.008504	195
8306.276864	354.779144	0.998525	-0.008371	197
8308.344320	354.764160	0.998831	-0.008490	199
8310.412288	354.783997	0.998295	-0.008677	201
8312.480256	354.746185	0.998753	-0.008530	203
8314.547712	354.753021	0.999414	-0.008584	205
8316.615168	354.770844	0.999294	-0.008223	207
8318.682624	354.720520	0.998892	-0.008322	209
8320.749568	354.744110	0.998146	-0.008274	211
8322.817536	354.738647	0.999095	-0.008651	213
8324.885504	354.723724	0.999045	-0.008479	215
8326.952448	354.692474	0.999400	-0.008728	217
8329.020416	354.685455	0.998288	-0.008692	219
8331.087360	354.671051	0.998740	-0.008892	221
8333.155840	354.674957	0.998985	-0.008687	223
8335.223296	354.696533	0.998224	-0.008806	225
8337.290752	354.684998	0.997957	-0.008783	227
8339.358208	354.642487	0.997383	-0.008991	229
8341.426176	354.688080	0.996970	-0.009100	231
8343.494144	354.683472	0.996894	-0.008748	233
8345.561600	354.722504	0.996032	-0.008583	235
8347.629568	354.738403	0.997117	-0.008636	237
8349.698048	354.703308	0.996400	-0.008368	239
8351.765504	354.713806	0.995470	-0.008372	241
8353.833984	354.699707	0.995983	-0.008433	243
8355.901952	354.751617	0.995132	-0.007858	245
8357.969920	354.779938	0.996926	-0.008093	247
8360.038400	354.713104	0.998323	-0.008034	249
8362.106368	354.716827	0.998764	-0.008154	251
8364.174336	354.708282	0.997837	-0.008043	253
8366.241792	354.693390	0.999401	-0.008025	255
8368.309248	354.689972	0.999215	-0.008138	1
8370.377216	354.650421	0.998303	-0.008367	3
8372.444672	354.677612	0.999594	-0.008520	5
8374.512640	354.657410	0.999421	-0.008616	7
8376.580096	354.674011	0.999507	-0.008526	9
8378.648064	354.648285	0.999083	-0.008567	11
8380.715520	354.647705	1.000419	-0.008297	13
8382.782464	354.647339	0.999015	-0.008340	15
8384.850432	354.600922	0.998259	-0.008119	17
8386.917376	354.607300	0.998366	-0.008209	19
8388.984832	354.572998	0.997786	-0.008399	21
8391.052800	354.592224	0.996580	-0.008368	23
8393.119744	354.563782	0.997119	-0.008702	25
8395.187712	354.568481	0.995970	-0.008900	27
8397.255168	354.590302	0.996204	-0.008776	29
8399.323648	354.570587	0.995185	-0.008730	31
8401.391104	354.590393	0.995039	-0.008454	33
8403.459072	354.549805	0.994291	-0.008207	35
8405.526528	354.544830	0.995013	-0.008492	37
8407.595008	354.579193	0.994999	-0.008518	39
8409.662464	354.644867	0.995096	-0.008331	41
8411.730944	354.618622	0.996346	-0.008098	43
8413.798400	354.595764	0.997879	-0.008217	45
8415.866368	354.576508	0.996743	-0.008255	47
8417.934848	354.566101	0.996642	-0.008666	49
8420.002816	354.590057	0.996102	-0.008690	51
8422.070784	354.581421	0.996036	-0.008830	53
8424.138240	354.586060	0.997202	-0.008918	55
8426.206208	354.575867	0.997338	-0.009111	57
8428.274688	354.584412	0.999028	-0.009118	59
8430.342144	354.552124	0.998739	-0.008845	61
8432.410112	354.561371	0.998054	-0.009156	63
8434.477056	354.539612	0.998547	-0.009061	65
8436.545024	354.500092	0.997378	-0.009089	67
8438.612480	354.528809	0.996936	-0.008955	69
8440.679936	354.479187	0.997521	-0.008979	71
8442.747392	354.496582	0.997243	-0.008931	73
8444.814848	354.507538	0.997512	-0.008973	75
8446.882304	354.478973	0.997773	-0.008768	77
8448.949760	354.475891	0.998158	-0.008818	79
8451.017216	354.430298	0.999126	-0.008795	81
8453.085184	354.454895	0.998958	-0.008948	83
8455.152128	354.439056	0.999248	-0.008876	85
8457.220096	354.432587	0.999052	-0.008868	87
8459.288064	354.454132	0.998664	-0.008424	89
8461.355520	354.424744	0.998933	-0.008364	91
8463.422976	354.469696	0.998298	-0.008240	93
8465.490944	354.465118	0.998857	-0.008240	95
8467.559424	354.445496	0.998518	-0.008221	97
8469.626880	354.473816	0.999231	-0.008436	99
8471.694848	354.467133	0.999517	-0.008486	101
8473.763328	354.458679	0.998830	-0.008581	103
8475.830784	354.489471	0.998951	-0.008607	105
8477.898752	354.479889	0.999225	-0.008519	107
8479.967232	354.462250	1.000306	-0.008601	109
8482.035200	354.465851	0.999328	-0.008454	111
8484.102656	354.427979	0.999101	-0.008639	113
8486.170624	354.471161	0.999168	-0.008533	115
8488.238080	354.486328	0.999533	-0.008317	117
8490.306048	354.487549	0.999857	-0.008018	119
8492.374016	354.474609	0.999898	-0.007852	121
8494.441984	354.470795	1.000146	-0.007984	123
8496.509440	354.461151	0.999353	-0.008051	125
8498.576896	354.428162	0.999843	-0.008026	127
8500.644352	354.435028	0.998111	-0.007789	129
8502.711808	354.391907	0.998271	-0.007622	131
8504.779264	354.414886	0.996966	-0.007350	133
8506.846720	354.368958	0.995726	-0.007078	135
8508.914688	354.418030	0.994366	-0.007123	137
8510.982144	354.413574	0.994977	-0.007155	139
8513.049600	354.406616	0.995925	-0.007441	141
8515.117056	354.419220	0.997250	-0.007353	143
8517.185024	354.417786	0.997661	-0.007274	145
8519.252992	354.401581	0.998599	-0.007169	147
8521.320960	354.408356	0.997194	-0.007059	149
8523.388416	354.445648	0.997373	-0.006898	151
8525.456384	354.449158	0.998093	-0.006770	153
8527.524352	354.450775	0.998238	-0.006682	155
8529.591808	354.451019	0.997167	-0.006717	157
8531.659776	354.450165	0.998394	-0.006709	159
8533.727744	354.434418	0.998029	-0.007023	161
8535.795712	354.439484	0.996341	-0.007434	163
8537.863168	354.454895	0.996566	-0.007002	165
8539.931648	354.447876	0.996770	-0.007193	167
8541.999104	354.471069	0.996417	-0.006937	169
8544.067072	354.524536	0.996554	-0.007018	171
8546.134528	354.477264	0.998637	-0.007021	173
8548.202496	354.476837	0.998257	-0.006700	175
8550.270464	354.463257	0.996878	-0.007002	177
8552.337920	354.453339	0.998781	-0.007323	179
8554.405888	354.455200	0.999149	-0.007323	181
8556.473344	354.445953	0.999678	-0.007293	183
8558.541312	354.459015	0.998477	-0.007362	185
8560.608768	354.407745	0.997155	-0.007230	187
8562.676224	354.461182	0.997039	-0.007008	189
8564.743680	354.488190	0.997200	-0.007018	191
8566.811136	354.440704	0.997533	-0.006601	193
8568.878592	354.395538	0.998212	-0.007023	195
8570.946048	354.420715	0.997281	-0.006852	197
8573.014016	354.417328	0.997749	-0.006955	199
8575.081472	354.380524	0.998617	-0.007289	201
8577.149440	354.379150	0.997702	-0.007097	203
8579.217408	354.365784	0.996893	-0.007372	205
8581.285376	354.385956	0.997584	-0.007308	207
8583.352832	354.403748	0.996499	-0.007435	209
8585.421312	354.407166	0.996433	-0.007162	211
8587.488768	354.428741	0.995647	-0.007188	213
8589.556224	354.407410	0.997592	-0.007171	215
8591.625216	354.425385	0.997309	-0.007078	217
8593.692672	354.392761	0.995490	-0.007112	219
8595.760128	354.433411	0.997060	-0.006714	221
8597.828608	354.423096	0.996940	-0.006625	223
8599.896064	354.401367	0.997269	-0.006698	225
8601.963520	354.446625	0.996838	-0.006323	227
8604.032000	354.427277	0.996790	-0.006166	229
8606.099456	354.462646	0.997895	-0.006306	231
8608.166912	354.434631	1.000959	-0.006573	233
8610.235392	354.421814	1.001789	-0.006374	235
8612.302848	354.479218	1.000762	-0.006135	237
8614.370304	354.443481	1.001028	-0.005782	239
8616.437760	354.442047	1.001335	-0.005686	241
8618.505216	354.419983	0.999773	-0.005731	243
8620.573696	354.437866	1.001596	-0.006014	245
8622.641152	354.376495	0.999865	-0.005926	247
8624.708608	354.422211	0.999203	-0.005968	249
8626.776064	354.397430	0.999426	-0.006179	251
8628.843520	354.384338	0.999276	-0.006643	253
8630.910976	354.324249	0.999242	-0.006773	255
8632.979456	354.412964	0.998089	-0.006961	1
8635.046912	354.421387	0.997446	-0.006528	3
8637.115392	354.414307	0.997023	-0.006291	5
8639.182848	354.424774	0.996605	-0.006146	7
8641.250304	354.435944	0.995077	-0.006141	9
8643.317760	354.444580	0.995380	-0.006017	11
8645.386240	354.424591	0.996499	-0.006053	13
8647.454720	354.489594	0.995786	-0.006409	15
8649.523200	354.469421	0.997318	-0.006460	17
8651.590656	354.457275	0.994993	-0.006560	19
8653.658112	354.509888	0.995323	-0.006546	21
8655.726592	354.500427	0.995480	-0.006450	23
8657.794048	354.492035	0.995009	-0.006114	25
8659.862528	354.478119	0.995508	-0.005980	27
8661.929984	354.500366	0.995777	-0.005859	29
8663.997440	354.513885	0.996186	-0.005902	31
8666.065920	354.549286	0.996726	-0.006063	33
8668.133376	354.512878	0.996342	-0.005886	35
8670.201856	354.500946	0.997366	-0.005920	37
8672.268288	354.475403	0.996541	-0.005903	39
8674.336768	354.481262	0.997016	-0.006158	41
8676.404224	354.483002	0.996814	-0.006112	43
8678.471680	354.468994	0.996758	-0.006265	45
8680.539136	354.454987	0.998457	-0.005935	47
8682.606592	354.460114	0.998317	-0.006005	49
8684.674048	354.441864	0.997860	-0.005804	51
8686.741504	354.446869	0.997577	-0.005692	53
8688.808960	354.472656	0.996647	-0.005553	55
8690.877440	354.482208	0.997795	-0.005547	57
8692.943872	354.434021	0.996813	-0.005591	59
8695.012352	354.403412	0.996949	-0.005791	61
8697.079808	354.403503	0.996710	-0.006185	63
8699.148288	354.439026	0.997077	-0.006090	65
8701.215744	354.402130	0.997803	-0.006135	67
8703.283200	354.436096	0.997780	-0.006063	69
8705.351680	354.447357	0.997416	-0.006225	71
8707.419136	354.461060	0.997799	-0.005881	73
8709.486592	354.460022	0.999036	-0.005976	75
8711.555072	354.467072	0.999098	-0.005880	77
8713.623552	354.443634	0.997683	-0.005956	79
8715.691008	354.454498	0.996345	-0.005948	81
8717.758464	354.492432	0.997205	-0.005706	83
8719.826944	354.538788	0.997190	-0.005605	85
8721.895424	354.505219	0.999403	-0.005646	87
8723.962880	354.521240	0.998019	-0.005146	89
8726.031360	354.509186	0.998396	-0.005072	91
8728.098816	354.523865	0.999076	-0.004767	93
8730.166272	354.512878	0.999904	-0.004969	95
8732.233728	354.498108	1.000524	-0.005054	97
8734.302208	354.492401	1.000075	-0.005199	99
8736.368640	354.468628	1.000137	-0.005357	101
8738.436096	354.456787	0.998984	-0.005578	103
8740.503552	354.421692	1.000490	-0.005651	105
8742.572032	354.452301	0.999542	-0.005729	107
8744.639488	354.423462	1.000222	-0.005786	109
8746.706944	354.400452	1.001324	-0.005977	111
8748.774400	354.418945	0.999840	-0.005673	113
8750.841856	354.377838	1.001008	-0.005842	115
8752.909312	354.406830	0.997588	-0.005669	117
8754.977792	354.342010	1.000062	-0.005803	119
8757.044224	354.331329	0.996678	-0.006225	121
8759.112704	354.401031	0.997197	-0.006158	123
8761.180160	354.441345	0.997493	-0.006147	125
8763.248640	354.487030	0.998308	-0.006035	127
8765.316096	354.391815	0.999689	-0.006269	129
8767.384576	354.418762	0.997452	-0.006246	131
8769.452032	354.445801	0.997624	-0.006474	133
8771.520512	354.435699	0.998536	-0.006132	135
8773.587968	354.434509	0.999225	-0.006509	137
8775.655424	354.459412	0.999487	-0.006708	139
8777.723904	354.439575	0.998966	-0.006636	141
8779.791360	354.387543	0.999518	-0.007033	143
8781.859840	354.442841	0.999721	-0.006879	145
8783.926272	354.436646	1.000371	-0.006945	147
8785.994752	354.389008	0.999548	-0.006926	149
8788.063232	354.406525	1.000014	-0.006969	151
8790.130688	354.426147	0.999231	-0.006933	153
8792.198144	354.430023	1.000269	-0.007056	155
8794.265600	354.401550	1.001009	-0.007043	157
8796.333056	354.428436	0.999902	-0.006590	159
8798.400512	354.401642	0.999916	-0.006487	161
8800.467968	354.379730	0.998809	-0.006480	163
8802.534400	354.409882	0.998847	-0.006721	165
8804.602880	354.355988	0.998570	-0.006678	167
8806.670336	354.353424	0.995617	-0.006816	169
8808.737792	354.373169	0.996933	-0.006639	171
8810.805248	354.341675	0.994685	-0.006687	173
8812.872704	354.367035	0.994092	-0.006947	175
8814.941184	354.382904	0.996017	-0.006868	177
8817.008640	354.365997	0.995545	-0.006837	179
8819.077120	354.428467	0.995295	-0.006635	181
8821.144576	354.385681	0.996409	-0.006876	183
8823.212032	354.416016	0.997226	-0.007132	185
8825.280512	354.406586	0.998128	-0.007084	187
8827.347968	354.391663	0.998337	-0.007243	189
8829.416448	354.395477	0.999284	-0.007195	191
8831.483904	354.416229	0.997922	-0.007316	193
8833.551360	354.420685	0.997573	-0.007214	195
8835.619840	354.386963	0.998575	-0.007338	197
8837.688320	354.381195	0.997665	-0.007240	199
8839.754752	354.388550	0.997485	-0.007281	201
8841.823232	354.385864	0.998648	-0.007333	203
8843.890688	354.340668	0.998978	-0.007488	205
8845.959168	354.402496	0.998095	-0.007213	207
8848.026624	354.367859	0.997857	-0.006861	209
8850.095104	354.353394	0.997845	-0.006759	211
8852.161536	354.402374	0.997288	-0.006527	213
8854.228992	354.367523	0.997292	-0.006711	215
8856.297472	354.383942	0.998781	-0.006374	217
8858.363904	354.352081	0.998908	-0.006395	219
8860.432384	354.348602	1.000375	-0.006283	221
8862.499840	354.345734	1.000213	-0.006542	223
8864.567296	354.340057	0.998657	-0.006385	225
8866.634752	354.322693	0.998461	-0.006321	227
8868.702208	354.335297	0.998418	-0.006019	229
8870.769664	354.315155	0.998028	-0.006245	231
8872.837120	354.312775	0.999204	-0.006514	233
8874.905600	354.358215	0.998170	-0.006396	235
8876.973056	354.309021	0.998299	-0.006490	237
8879.040512	354.331390	0.997369	-0.006555	239
8881.107968	354.349365	0.997813	-0.006609	241
8883.176448	354.286743	0.997913	-0.006604	243
8885.243904	354.359833	0.997851	-0.006670	245
8887.311360	354.334564	0.999685	-0.006736	247
8889.379840	354.357422	0.998710	-0.006967	249
8891.448320	354.370300	0.999793	-0.006744	251
8893.516800	354.359650	1.000841	-0.006677	253
8895.584256	354.353149	1.000267	-0.006279	255
8897.652736	354.426361	0.999611	-0.006059	1
8899.719168	354.344116	1.000607	-0.005939	3
8901.787648	354.341827	1.000589	-0.006114	5
8903.856128	354.364594	0.999466	-0.006109	7
8905.923584	354.354767	0.999019	-0.006058	9
8907.991040	354.358398	0.999832	-0.006236	11
8910.059520	354.372986	0.999588	-0.005968	13
8912.126976	354.351837	1.000031	-0.005851	15
8914.194432	354.378906	1.000277	-0.005730	17
8916.261888	354.297943	0.999235	-0.005647	19
8918.329344	354.306183	0.999219	-0.005681	21
8920.396800	354.345520	0.998979	-0.005302	23
8922.464256	354.273621	0.998651	-0.005583	25
8924.532736	354.341003	0.998860	-0.005392	27
8926.600192	354.365814	0.998086	-0.005570	29
8928.667648	354.308533	0.998405	-0.005602	31
8930.735104	354.346527	0.998325	-0.005668	33
8932.802560	354.349304	0.997808	-0.005498	35
8934.871040	354.337463	0.999039	-0.005589	37
8936.938496	354.342926	0.997994	-0.005727	39
8939.005952	354.312408	0.997645	-0.005796	41
8941.074432	354.299286	0.997680	-0.006082	43
8943.141888	354.313995	0.997160	-0.005996	45
8945.210368	354.335297	0.997576	-0.005856	47
8947.277824	354.341644	0.997185	-0.005778	49
8949.345280	354.370148	0.997772	-0.005954	51
8951.413760	354.366089	0.999036	-0.005694	53
8953.481216	354.357086	0.998007	-0.005575	55
8955.548672	354.371124	1.000250	-0.005366	57
8957.617152	354.425842	0.998775	-0.005335	59
8959.685632	354.357819	0.999614	-0.005539	61
8961.753088	354.341766	1.000254	-0.005383	63
8963.820544	354.358948	0.999446	-0.005452	65
8965.888000	354.352600	0.999641	-0.005050	67
8967.955456	354.376038	0.999918	-0.005055	69
8970.023936	354.344971	1.000744	-0.005271	71
8972.090368	354.343445	1.001041	-0.005260	73
8974.158848	354.326660	1.000659	-0.005122	75
8976.226304	354.347137	0.999881	-0.004968	77
8978.294784	354.310150	0.999847	-0.004909	79
8980.362240	354.329193	1.000852	-0.004971	81
8982.429696	354.284424	1.000184	-0.005039	83
8984.497152	354.320007	1.000264	-0.004741	85
8986.564608	354.297607	0.999838	-0.004526	87
8988.632064	354.292450	0.999586	-0.004657	89
8990.700544	354.275879	0.999409	-0.004821	91
8992.768000	354.358490	0.999352	-0.004700	93
8994.835456	354.340851	0.999750	-0.004645	95
8996.903936	354.304443	0.998658	-0.004560	97
8998.971392	354.319763	0.999080	-0.004657	99
9001.038848	354.337555	0.998413	-0.004959	101
9003.107328	354.306702	0.998700	-0.005251	103
9005.174784	354.370544	0.999515	-0.005415	105
9007.243264	354.341980	0.998428	-0.005491	107
9009.310720	354.302795	0.998621	-0.005115	109
9011.378176	354.338348	0.998716	-0.005048	111
9013.446656	354.325500	0.997708	-0.005040	113
9015.514112	354.328033	0.998221	-0.005091	115
9017.581568	354.331360	0.998547	-0.005129	117
9019.649024	354.326477	0.997299	-0.005098	119
9021.717504	354.366730	0.998588	-0.005188	121
9023.785984	354.319489	0.998074	-0.005371	123
9025.852416	354.348267	0.997186	-0.005111	125
9027.920896	354.336731	0.997940	-0.005048	127
9029.988352	354.319946	0.998309	-0.005303	129
9032.055808	354.338013	0.997085	-0.005516	131
9034.123264	354.391479	0.995977	-0.005405	133
9036.190720	354.346893	0.997984	-0.005603	135
9038.258176	354.296204	0.998169	-0.005825	137
9040.325632	354.324341	0.997599	-0.005643	139
9042.394112	354.303589	0.999426	-0.005685	141
9044.461568	354.286835	0.999498	-0.005837	143
9046.529024	354.290863	0.998243	-0.005845	145
9048.597504	354.280182	0.997169	-0.005919	147
9050.664960	354.280640	0.998012	-0.006059	149
9052.732416	354.303894	0.997639	-0.006177	151
9054.799872	354.273621	0.998742	-0.005952	153
9056.867328	354.323486	0.999820	-0.006231	155
9058.935808	354.307068	0.999312	-0.006187	157
9061.004288	354.250824	0.998691	-0.005371	159
9063.071744	354.302185	1.000259	-0.006339	161
9065.139200	354.280518	0.998705	-0.006280	163
9067.206656	354.303223	0.998063	-0.006476	165
9069.275136	354.265839	0.998698	-0.006367	167
9071.342592	354.305450	0.998260	-0.005794	169
9073.410048	354.288635	0.997346	-0.006197	171
9075.477504	354.315613	0.997303	-0.006027	173
9077.544960	354.271667	0.997933	-0.006310	175
9079.613440	354.336426	0.999278	-0.006402	177
9081.681920	354.273773	0.999367	-0.006115	179
9083.749376	354.301941	0.999542	-0.005905	181
9085.816832	354.258423	1.000020	-0.005962	183
9087.885312	354.277039	0.999629	-0.005869	185
9089.952768	354.212219	0.997457	-0.006014	187
9092.021248	354.233459	0.998636	-0.005990	189
9094.087680	354.275208	0.998631	-0.005896	191
9096.156160	354.249146	0.999739	-0.005964	193
9098.222592	354.281525	0.998901	-0.005715	195
9100.292096	354.292206	0.999073	-0.005240	197
9102.358528	354.282959	0.998350	-0.005196	199
9104.425984	354.277863	0.998974	-0.005599	201
9106.494464	354.245850	0.999389	-0.005758	203
9108.561920	354.212830	0.998223	-0.005777	205
9110.630400	354.272400	0.998191	-0.005899	207
9112.697856	354.263184	0.998929	-0.005558	209
9114.765312	354.249725	0.998514	-0.005684	211
9116.832768	354.235229	0.997466	-0.005665	213
9118.901248	354.270935	0.999152	-0.005973	215
9120.967680	354.244049	0.998671	-0.005916	217
9123.037184	354.186859	0.996496	-0.005658	219
9125.104640	354.238586	0.999416	-0.005909	221
9127.172096	354.229370	0.998068	-0.005441	223
9129.239552	354.265076	0.998747	-0.005479	225
9131.307008	354.259796	0.998388	-0.005369	227
9133.375488	354.263824	0.999283	-0.005432	229
9135.442944	354.272034	0.998954	-0.005336	231
9137.510400	354.256256	1.000277	-0.005316	233
9139.577856	354.246307	1.000189	-0.005525	235
9141.646336	354.243073	1.000541	-0.005576	237
9143.714816	354.227264	1.000976	-0.005465	239
9145.782272	354.197540	1.001238	-0.005579	241
9147.849728	354.158356	0.999499	-0.005690	243
9149.917184	354.184052	0.999081	-0.005907	245
9151.984640	354.217651	0.999008	-0.005653	247
9154.053120	354.204620	0.998336	-0.005700	249
9156.120576	354.219757	0.998924	-0.005691	251
9158.188032	354.240295	1.000516	-0.005392	253
9160.255488	354.240448	1.000700	-0.005614	255
9162.323968	354.061584	0.999913	-0.005502	1
9164.391424	354.156799	0.999800	-0.005768	3
9166.458880	354.187958	1.001028	-0.005777	5
9168.527360	354.132965	1.000360	-0.006057	7
9170.593792	353.988281	0.999342	-0.006248	9
9172.662272	354.007202	0.996564	-0.006059	11
9174.729728	354.043182	0.997799	-0.006228	13
9176.797184	354.023773	0.998864	-0.006323	15
9178.865664	354.036682	0.998509	-0.006205	17
9180.932096	354.029846	0.998846	-0.006179	19
9183.000576	354.051971	0.998502	-0.006469	21
9185.068032	354.038635	0.998387	-0.006381	23
9187.136512	354.033386	0.998600	-0.006332	25
9189.203968	354.012909	0.998948	-0.006347	27
9191.272448	354.023621	0.999842	-0.006350	29
9193.339904	354.043121	0.999957	-0.006013	31
9195.407360	354.022003	1.000371	-0.006147	33
9197.475840	354.021484	0.999107	-0.005768	35
9199.543296	354.067383	0.999553	-0.005720	37
9201.610752	354.070099	0.998617	-0.005099	39
9203.679232	354.084961	0.999322	-0.004967	41
9205.746688	354.085663	0.999658	-0.004664	43
9207.815168	354.115143	0.999749	-0.004694	45
9209.882624	354.099854	0.999741	-0.004637	47
9211.951104	354.074005	1.000034	-0.004540	49
9214.018560	354.098907	0.999148	-0.004502	51
9216.086016	354.103363	0.999285	-0.004554	53
9218.153472	354.130432	0.999735	-0.004577	55
9220.220928	354.046570	0.999857	-0.004790	57
9222.288384	354.065002	0.999023	-0.004843	59
9224.355840	354.072205	0.998208	-0.004605	61
9226.424320	354.066101	0.999608	-0.005293	63
9228.491776	354.048828	0.997840	-0.005407	65
9230.559232	354.026489	0.996464	-0.005243	67
9232.627712	354.105438	0.997413	-0.005360	69
9234.694144	354.036133	0.999466	-0.005567	71
9236.762624	354.048157	0.999538	-0.005958	73
9238.831104	354.031219	0.999153	-0.005846	75
9240.898560	354.085297	0.998405	-0.005588	77
9242.966016	354.058746	0.998095	-0.005889	79
9245.034496	354.054413	0.998213	-0.005886	81
9247.101952	354.033905	0.997249	-0.006025	83
9249.169408	354.051636	0.997580	-0.006156	85
9251.236864	354.061493	0.997329	-0.006294	87
9253.304320	354.068634	0.996165	-0.006126	89
9255.372800	354.052032	0.996045	-0.005757	91
9257.440256	354.088684	0.997726	-0.005805	93
9259.508736	354.059174	0.998157	-0.005838	95
9261.576192	354.044220	0.996246	-0.005586	97
9263.643648	354.032654	0.996393	-0.005541	99
9265.712128	354.051483	0.997394	-0.005614	101
9267.779584	354.085052	0.997163	-0.005319	103
9269.848064	354.071075	0.998082	-0.005062	105
9271.915520	354.079468	1.000357	-0.004963	107
9273.984000	354.045929	0.999004	-0.005216	109
9276.051456	354.071869	1.000186	-0.005139	111
9278.118912	354.028168	0.998086	-0.004777	113
9280.186368	354.024048	0.999091	-0.004675	115
9282.253824	354.026154	0.999405	-0.004728	117
9284.321280	354.059570	0.999276	-0.004556	119
9286.389760	354.018555	0.999938	-0.004787	121
9288.456192	354.070984	1.000227	-0.004921	123
9290.524672	354.037262	1.000323	-0.004729	125
9292.592128	354.004364	1.000100	-0.004785	127
9294.659584	354.022827	0.999621	-0.005042	129
9296.726016	354.000610	0.999403	-0.005316	131
9298.794496	354.001862	1.000288	-0.005588	133
9300.861952	354.002014	0.999791	-0.005312	135
9302.930432	353.968140	0.999837	-0.005553	137
9304.997888	353.992249	0.999153	-0.005638	139
9307.065344	353.989777	0.999103	-0.005633	141
9309.133824	353.954193	0.998926	-0.005664	143
9311.201280	353.989685	0.998736	-0.005849	145
9313.269760	353.989594	0.998980	-0.005994	147
9315.337216	353.982605	0.999368	-0.006092	149
9317.404672	353.970551	0.999234	-0.005963	151
9319.472128	353.963806	0.998316	-0.005962	153
9321.540608	354.024139	0.998787	-0.005940	155
9323.608064	353.999298	0.999603	-0.005877	157
9325.676544	353.978790	1.000083	-0.005871	159
9327.744000	353.973145	1.000760	-0.006001	161
9329.811456	353.988403	1.000849	-0.006212	163
9331.879936	353.948853	1.001828	-0.006192	165
9333.947392	353.935394	1.000732	-0.006324	167
9336.014848	353.952881	1.001270	-0.006488	169
9338.083328	353.958679	1.000660	-0.006624	171
9340.149760	353.918976	1.000778	-0.006452	173
9342.218240	353.928406	1.000093	-0.005979	175
9344.285696	353.951630	0.999242	-0.006071	177
9346.353152	353.921600	1.000003	-0.006082	179
9348.420608	353.912598	0.999960	-0.006125	181
9350.488064	353.884857	0.998703	-0.006100	183
9352.556544	353.883820	0.997901	-0.006260	185
9354.624000	353.881836	0.997844	-0.006334	187
9356.691456	353.918182	0.997918	-0.006492	189
9358.758912	353.931976	0.997701	-0.006508	191
9360.826368	353.880493	0.998264	-0.006284	193
9362.894848	353.917297	0.997551	-0.006264	195
9364.963328	353.816559	0.997346	-0.006213	197
9367.030784	353.895355	0.997870	-0.006458	199
9369.098240	353.877716	0.997874	-0.006595	201
9371.166720	353.900238	0.997765	-0.005969	203
9373.234176	353.873810	0.996698	-0.005937	205
9375.302656	353.919495	0.996536	-0.006235	207
9377.370112	353.899353	0.997997	-0.006100	209
9379.437568	353.887756	0.997799	-0.006141	211
9381.505024	353.909546	0.997103	-0.006280	213
9383.573504	353.880768	0.999145	-0.006303	215
9385.640960	353.910278	0.999883	-0.006468	217
9387.709440	353.916931	0.999638	-0.006258	219
9389.776896	353.886444	1.000015	-0.006306	221
9391.845376	353.893188	0.999583	-0.006038	223
9393.912832	353.907745	1.000005	-0.005831	225
9395.980288	353.915710	0.998790	-0.005641	227
9398.046720	353.913757	0.999585	-0.005557	229
9400.115200	353.874054	1.000145	-0.005731	231
9402.182656	353.891510	0.999100	-0.005971	233
9404.250112	353.908997	0.999332	-0.006186	235
9406.317568	353.879303	0.998942	-0.006206	237
9408.385024	353.884338	0.998437	-0.006152	239
9410.453504	353.938690	0.999578	-0.006159	241
9412.520960	353.878693	0.999305	-0.006360	243
9414.588416	353.840057	1.000023	-0.006583	245
9416.655872	353.838593	0.998532	-0.006451	247
9418.723328	353.864166	0.998740	-0.006460	249
9420.791808	353.855957	0.998289	-0.006642	251
9422.859264	353.823822	0.998056	-0.006585	253
9424.926720	353.809845	0.996557	-0.006448	255
9426.994176	353.831757	0.996193	-0.006325	1
9429.061632	353.805328	0.997077	-0.006441	3
9431.130112	353.831604	0.997342	-0.006489	5
9433.198592	353.812897	0.998041	-0.006723	7
9435.266048	353.819397	0.997429	-0.006666	9
9437.333504	353.848083	0.996910	-0.006683	11
9439.401984	353.840912	0.997015	-0.006698	13
9441.469440	353.855347	0.998312	-0.006798	15
9443.537920	353.818787	0.997901	-0.006675	17
9445.605376	353.839478	0.997465	-0.006586	19
9447.673856	353.838562	0.998137	-0.006673	21
9449.740288	353.849487	0.999246	-0.006562	23
9451.808768	353.826538	0.999902	-0.006290	25
9453.877248	353.801971	0.999406	-0.006262	27
9455.943680	353.844299	0.998389	-0.006091	29
9458.012160	353.852051	0.999212	-0.005795	31
9460.079616	353.838470	0.998449	-0.005705	33
9462.147072	353.843231	0.998063	-0.005724	35
9464.214528	353.819122	0.999137	-0.005941	37
9466.281984	353.813751	0.999838	-0.006082	39
9468.349440	353.806519	0.999100	-0.006348	41
9470.417920	353.696869	0.998828	-0.006011	43
9472.484352	353.802795	0.999461	-0.006052	45
9474.552832	353.766266	0.999740	-0.006013	47
9476.619264	353.836884	0.998817	-0.005917	49
9478.687744	353.753021	0.999945	-0.005962	51
9480.754176	353.776733	0.998915	-0.006011	53
9482.822656	353.789948	0.998863	-0.005891	55
9484.890112	353.757233	0.998776	-0.005995	57
9486.958592	353.757965	0.999750	-0.006092	59
9489.026048	353.769043	0.999428	-0.006159	61
9491.093504	353.790497	0.999545	-0.005864	63
9493.161984	353.822601	1.000492	-0.006123	65
9495.230464	353.795624	1.001042	-0.006084	67
9497.297920	353.773804	1.000606	-0.005892	69
9499.365376	353.739624	0.999991	-0.006035	71
9501.433856	353.761993	0.999629	-0.005997	73
9503.501312	353.776245	0.999413	-0.006142	75
9505.568768	353.748444	0.999751	-0.006167	77
9507.637248	353.726593	1.000110	-0.006111	79
9509.704704	353.727417	1.000097	-0.006359	81
9511.772160	353.747009	0.998863	-0.006155	83
9513.839616	353.770081	0.999898	-0.006039	85
9515.908096	353.768585	1.000258	-0.006090	87
9517.975552	353.731201	0.999280	-0.006174	89
9520.044032	353.719177	0.999295	-0.006272	91
9522.111488	353.700256	0.998720	-0.006324	93
9524.178944	353.754791	0.997259	-0.006091	95
9526.246400	353.782867	0.998512	-0.006244	97
9528.313856	353.743896	0.999221	-0.006065	99
9530.381312	353.765533	0.999990	-0.006112	101
9532.448768	353.712158	1.000231	-0.006126	103
9534.517248	353.739746	0.999379	-0.006055	105
9536.583680	353.704742	1.000016	-0.005914	107
9538.652160	353.768524	0.999715	-0.005827	109
9540.718592	353.716339	1.001247	-0.005391	111
9542.787072	353.765961	1.000436	-0.005614	113
9544.854528	353.692627	1.000611	-0.005706	115
9546.923008	353.716522	1.000149	-0.005886	117
9548.990464	353.731415	1.000315	-0.005944	119
9551.058944	353.754639	1.000146	-0.005759	121
9553.125376	353.696838	1.000542	-0.005820	123
9555.193856	353.706635	0.999579	-0.006044	125
9557.262336	353.682739	0.998206	-0.006006	127
9559.329792	353.713440	0.998041	-0.006064	129
9561.397248	353.704529	0.997773	-0.006182	131
9563.464704	353.731445	0.998209	-0.006000	133
9565.533184	353.683929	0.999767	-0.005894	135
9567.601664	353.718719	0.999925	-0.006296	137
9569.669120	353.697296	1.000157	-0.005936	139
9571.736576	353.717255	1.000506	-0.005926	141
9573.804032	353.658936	1.000171	-0.005972	143
9575.872512	353.679047	0.999808	-0.006135	145
9577.939968	353.673920	1.000490	-0.006440	147
9580.008448	353.642029	1.000144	-0.006314	149
9582.075904	353.624176	1.000231	-0.006484	151
9584.143360	353.639099	0.999554	-0.006230	153
9586.210816	353.640015	1.000601	-0.006121	155
9588.278272	353.635406	0.999723	-0.005985	157
9590.345728	353.590790	0.998437	-0.006250	159
9592.413184	353.584686	0.998151	-0.006516	161
9594.481664	353.560516	0.997425	-0.006602	163
9596.549120	353.569092	0.997739	-0.006510	165
9598.616576	353.537354	0.997727	-0.006440	167
9600.685056	353.574982	0.996648	-0.006389	169
9602.752512	353.557129	0.997055	-0.006379	171
9604.819968	353.545441	0.996856	-0.006726	173
9606.887424	353.557983	0.997347	-0.006699	175
9608.955904	353.563660	0.997264	-0.006640	177
9611.023360	353.574524	0.998421	-0.006656	179
9613.091840	353.579193	0.999841	-0.006478	181
9615.159296	353.566040	0.998659	-0.006468	183
9617.226752	353.569366	0.998103	-0.006293	185
9619.294208	353.563934	0.998570	-0.006265	187
9621.362688	353.565674	0.998722	-0.006291	189
9623.430144	353.648804	0.999889	-0.005923	191
9625.498624	353.539551	0.999772	-0.005621	193
9627.565056	353.585144	0.999799	-0.005406	195
9629.633536	353.442780	1.000140	-0.005212	197
9631.700992	353.539581	0.999627	-0.006077	199
9633.769472	353.561218	1.000694	-0.006199	201
9635.835904	353.465912	0.999199	-0.005775	203
9637.904384	353.531464	0.999525	-0.006091	205
9639.971840	353.519745	0.998791	-0.006279	207
9642.040320	353.482178	0.999501	-0.005961	209
9644.106752	353.499512	0.998670	-0.005851	211
9646.175232	353.514771	0.999377	-0.005911	213
9648.242688	353.474884	0.999572	-0.006048	215
9650.310144	353.510529	0.999388	-0.005841	217
9652.378624	353.469910	1.000176	-0.005864	219
9654.446080	353.458893	1.000054	-0.006070	221
9656.513536	353.480560	1.000141	-0.006158	223
9658.582016	353.417358	1.000291	-0.006343	225
9660.648448	353.433807	0.999319	-0.006299	227
9662.716928	353.451965	0.997913	-0.006150	229
9664.784384	353.434418	0.997423	-0.006359	231
9666.851840	353.445068	0.997942	-0.006302	233
9668.920320	353.431702	0.997344	-0.006286	235
9670.987776	353.441650	0.998010	-0.006404	237
9673.056256	353.418884	0.999161	-0.006331	239
9675.123712	353.454041	0.998812	-0.006199	241
9677.191168	353.432190	0.999937	-0.005970	243
9679.258624	353.424469	0.999713	-0.006061	245
9681.327104	353.415588	0.998773	-0.005935	247
9683.394560	353.387543	0.998864	-0.005739	249
9685.462016	353.426178	0.998622	-0.005686	251
9687.530496	353.443024	0.999094	-0.005736	253
9689.597952	353.430328	0.999711	-0.006025	255
9691.665408	353.412537	1.001108	-0.005891	1
9693.732864	353.368683	1.000355	-0.006141	3
9695.801344	353.366821	0.999836	-0.006304	5
9697.868800	353.347595	1.001293	-0.006380	7
9699.936256	353.366394	1.001558	-0.006272	9
9702.004736	353.376892	1.001469	-0.005934	11
9704.072192	353.340271	1.000881	-0.005709	13
9706.139648	353.332947	1.000676	-0.005727	15
9708.207104	353.344879	1.000790	-0.005624	17
9710.274560	353.365326	0.999709	-0.005387	19
9712.343040	353.341125	0.998428	-0.005213	21
9714.410496	353.337250	0.998861	-0.005340	23
9716.477952	353.367950	0.999950	-0.005173	25
9718.546432	353.342560	0.999725	-0.005290	27
9720.613888	353.335388	0.999378	-0.005218	29
9722.682368	353.298828	0.998462	-0.004952	31
9724.749824	353.346741	0.998219	-0.004689	33
9726.817280	353.358887	0.999179	-0.004925	35
9728.884736	353.349518	0.999502	-0.004894	37
9730.952192	353.355469	0.999463	-0.004742	39
9733.020672	353.329041	0.999509	-0.004881	41
9735.088128	353.379059	0.999301	-0.004456	43
9737.156608	353.331146	0.999070	-0.004237	45
9739.223040	353.334381	0.998543	-0.004441	47
9741.291520	353.347076	0.999494	-0.004246	49
9743.358976	353.298645	0.999048	-0.004247	51
9745.427456	353.331421	0.997849	-0.004208	53
9747.494912	353.349487	0.999689	-0.004293	55
9749.562368	353.317932	0.998843	-0.004407	57
9751.630848	353.332428	0.998842	-0.004261	59
9753.698304	353.335815	0.999041	-0.004023	61
9755.765760	353.311432	0.999435	-0.003958	63
9757.833216	353.344879	0.998421	-0.003758	65
9759.901696	353.335114	0.999090	-0.003692	67
9761.969152	353.319489	0.997050	-0.003701	69
9764.036608	353.344849	0.998286	-0.003933	71
9766.104064	353.340729	0.998491	-0.004128	73
9768.171520	353.314941	0.998372	-0.004057	75
9770.238976	353.345154	0.998594	-0.004321	77
9772.306432	353.323425	0.998097	-0.004234	79
9774.374912	353.307617	0.998691	-0.003818	81
9776.442368	353.261261	0.998257	-0.003792	83
9778.510848	353.343079	0.997470	-0.003832	85
9780.577280	353.295349	0.998729	-0.003925	87
9782.646784	353.304230	0.998391	-0.004039	89
9784.714240	353.339172	0.998607	-0.004028	91
9786.781696	353.346588	0.999515	-0.004115	93
9788.849152	353.320740	1.000664	-0.004380	95
9790.917632	353.336731	1.001310	-0.004388	97
9792.985088	353.315002	1.000883	-0.004373	99
9795.052544	353.329468	1.001395	-0.004487	101
9797.121024	353.346802	1.001169	-0.004497	103
9799.187456	353.323303	0.999991	-0.004808	105
9801.255936	353.348389	0.999765	-0.004642	107
9803.323392	353.314850	1.000457	-0.004659	109
9805.391872	353.327484	0.999218	-0.004637	111
9807.459328	353.320740	0.999548	-0.004701	113
9809.526784	353.348297	1.001137	-0.004848	115
9811.594240	353.347748	1.001775	-0.004967	117
9813.662720	353.326630	1.001261	-0.004791	119
9815.730176	353.305023	1.000373	-0.004786	121
9817.797632	353.298492	1.000793	-0.004819	123
9819.865088	353.303680	1.001021	-0.004825	125
9821.933568	353.315216	1.000793	-0.004610	127
9824.001024	353.319061	1.001073	-0.004611	129
9826.068480	353.277435	1.000754	-0.004470	131
9828.135936	353.297607	1.000562	-0.004533	133
9830.204416	353.258759	1.000150	-0.004171	135
9832.271872	353.263519	0.999472	-0.004072	137
9834.339328	353.299591	0.999189	-0.003928	139
9836.407808	353.257812	0.999151	-0.003484	141
9838.475264	353.271576	0.998077	-0.003297	143
9840.542720	353.289215	0.998148	-0.003393	145
9842.610176	353.300415	0.998596	-0.003441	147
9844.678656	353.310272	0.998706	-0.003564	149
9846.746112	353.315643	0.999690	-0.003515	151
9848.813568	353.292725	0.999374	-0.003257	153
9850.881024	353.288452	0.998948	-0.003470	155
9852.949504	353.336517	0.998098	-0.003392	157
9855.016960	353.323944	0.999183	-0.003456	159
9857.085440	353.298889	0.998081	-0.003557	161
9859.152896	353.286438	0.999329	-0.003685	163
9861.221376	353.345459	0.999462	-0.003788	165
9863.288832	353.326233	0.999305	-0.003697	167
9865.356288	353.303040	0.999311	-0.003681	169
9867.423744	353.244781	1.000929	-0.003361	171
9869.492224	353.269073	0.999872	-0.003296	173
9871.559680	353.281097	1.001414	-0.003171	175
9873.627136	353.273865	1.000544	-0.003211	177
9875.694592	353.250488	0.999565	-0.002839	179
9877.763072	353.308807	0.999194	-0.002703	181
9879.830528	353.255890	0.999283	-0.002565	183
9881.897984	353.244141	0.998574	-0.002766	185
9883.966464	353.225952	0.996724	-0.002895	187
9886.033920	353.215149	0.996885	-0.003211	189
9888.101376	353.237366	0.996755	-0.003384	191
9890.168832	353.227905	0.996846	-0.003258	193
9892.237312	353.219238	0.997041	-0.003393	195
9894.303744	353.197784	0.997492	-0.003573	197
9896.372224	353.201843	0.998213	-0.003708	199
9898.440704	353.188995	0.997761	-0.003698	201
9900.508160	353.196045	0.997524	-0.003596	203
9902.575616	353.172272	0.997629	-0.003879	205
9904.643072	353.188721	0.997989	-0.003813	207
9906.711552	353.224884	0.999030	-0.003942	209
9908.779008	353.180542	0.999956	-0.003722	211
9910.846464	353.199402	0.999247	-0.003340	213
9912.913920	353.195251	0.999326	-0.003436	215
9914.982400	353.180450	0.999165	-0.003486	217
9917.050880	353.192322	0.999348	-0.003650	219
9919.118336	353.183228	0.999170	-0.003595	221
9921.185792	353.182587	0.998576	-0.003516	223
9923.253248	353.158722	0.999333	-0.003438	225
9925.320704	353.153717	0.999784	-0.003615	227
9927.389184	353.160675	0.999146	-0.003747	229
9929.456640	353.150024	0.998852	-0.003773	231
9931.524096	353.140656	0.999822	-0.003915	233
9933.591552	353.150055	0.999679	-0.003989	235
9935.659008	353.137390	0.998946	-0.004230	237
9937.726464	353.118469	0.999883	-0.004546	239
9939.794944	353.159149	1.000899	-0.004513	241
9941.862400	353.133636	1.000276	-0.004486	243
9943.929856	353.148956	1.000425	-0.004264	245
9945.997312	353.135529	1.000129	-0.003999	247
9948.065792	353.164490	0.999838	-0.003831	249
9950.133248	353.130310	0.999593	-0.003988	251
9952.201728	353.117157	0.998765	-0.004153	253
9954.269184	353.187195	0.998188	-0.004699	255
9956.336640	353.108490	0.999288	-0.004540	1
9958.404096	353.168030	0.998624	-0.004127	3
9960.471552	353.161072	0.998582	-0.004233	5
9962.540032	353.151306	0.999078	-0.004514	7
9964.607488	353.166779	0.997473	-0.004122	9
9966.674944	353.148773	0.997829	-0.003923	11
9968.743424	353.153931	0.998544	-0.004288	13
9970.810880	353.143768	0.999519	-0.003950	15
9972.879360	353.139740	0.999390	-0.004064	17
9974.946816	353.105591	0.998367	-0.004076	19
9977.014272	353.135284	0.998735	-0.004043	21
9979.082752	353.146759	0.998536	-0.004120	23
9981.150208	353.150116	0.999166	-0.003854	25
9983.218688	353.139648	0.999406	-0.003630	27
9985.286144	353.065460	1.000016	-0.003696	29
9987.354624	353.103577	0.999890	-0.003582	31
9989.422080	353.130005	0.999225	-0.003018	33
9991.488512	353.148102	0.999752	-0.003077	35
9993.556992	353.118103	1.000368	-0.002650	37
9995.623424	353.107819	1.000535	-0.002616	39
9997.691904	353.097015	1.000164	-0.002753	41
9999.759360	353.099426	1.000266	-0.002828	43
10001.826816	353.110626	1.000738	-0.002888	45
10003.895296	353.075165	1.001242	-0.003158	47
10005.962752	353.081635	1.000741	-0.002993	49
10008.030208	353.102539	1.001310	-0.002840	51
10010.098688	353.072906	1.001694	-0.002900	53
10012.165120	353.057526	1.000984	-0.003171	55
10014.233600	353.074738	1.000303	-0.002960	57
10016.301056	353.044220	1.000685	-0.003215	59
10018.369536	353.095428	1.000300	-0.003312	61
10020.436992	353.065338	1.000749	-0.003246	63
10022.504448	353.050232	0.999708	-0.003285	65
10024.571904	353.071259	0.998803	-0.003099	67
10026.640384	353.086823	0.997461	-0.002507	69
10028.707840	353.084259	0.998006	-0.002350	71
10030.775296	353.058289	0.997603	-0.002402	73
10032.843776	353.119720	0.996979	-0.002096	75
10034.911232	353.096313	0.997638	-0.001964	77
10036.979712	353.110321	0.999223	-0.002316	79
10039.046144	353.091980	1.000630	-0.001916	81
10041.114624	353.107086	0.999733	-0.002110	83
10043.182080	353.092987	0.998901	-0.002009	85
10045.250560	353.088745	1.000292	-0.001936	87
10047.318016	353.093872	0.999218	-0.001209	89
10049.385472	353.109802	0.999615	-0.001586	91
10051.453952	353.137238	0.999160	-0.001416	93
10053.521408	353.082306	0.998808	-0.001372	95
10055.588864	353.103851	1.000041	-0.001445	97
10057.657344	353.091187	1.000132	-0.001205	99
10059.723776	353.079163	1.000006	-0.001391	101
10061.791232	353.059631	0.998139	-0.001681	103
10063.858688	353.075012	0.997980	-0.001731	105
10065.927168	353.071564	0.999075	-0.002135	107
10067.994624	353.048706	0.999238	-0.002108	109
10070.063104	353.024750	0.997952	-0.001951	111
10072.130560	353.014893	0.997154	-0.002080	113
10074.198016	353.046539	0.996978	-0.002041	115
10076.265472	353.037659	0.996752	-0.001552	117
10078.333952	353.070038	0.998221	-0.001251	119
10080.401408	353.081238	0.997833	-0.000875	121
10082.468864	353.098450	0.998438	-0.000483	123
10084.537344	353.074951	0.998137	-0.000456	125
10086.603776	353.099060	0.999188	-0.000548	127
10088.672256	353.117676	0.999758	-0.000354	129
10090.739712	353.054321	1.000946	-0.000494	131
10092.808192	353.077576	0.999555	-0.000344	133
10094.875648	353.039612	1.000088	-0.000705	135
10096.943104	353.065552	1.000284	-0.000874	137
10099.011584	353.097260	0.998991	-0.000987	139
10101.079040	353.089722	1.000499	-0.001097	141
10103.146496	353.087463	1.000566	-0.001339	143
10105.213952	353.096252	1.000283	-0.001509	145
10107.282432	353.064331	1.001357	-0.001268	147
10109.349888	353.078613	1.000596	-0.001558	149
10111.418368	353.075226	1.000739	-0.001612	151
10113.485824	353.052307	1.001070	-0.002022	153
10115.552256	353.042084	0.999240	-0.001788	155
10117.620736	353.024658	0.999903	-0.002005	157
10119.688192	353.007996	0.998672	-0.002163	159
10121.755648	353.043396	0.998745	-0.002053	161
10123.823104	353.028748	0.999343	-0.002410	163
10125.891584	353.004425	0.999090	-0.002297	165
10127.959040	353.021362	0.997577	-0.002469	167
10130.026496	353.022644	0.997738	-0.002564	169
10132.094976	353.098450	0.999437	-0.003059	171
10134.161408	352.990570	0.999575	-0.003015	173
10136.229888	353.004578	0.999201	-0.002793	175
10138.298368	353.039886	0.998348	-0.002900	177
10140.365824	353.018066	0.997283	-0.002703	179
10142.433280	352.995361	0.999027	-0.002726	181
10144.500736	353.044769	0.997972	-0.002604	183
10146.568192	353.039307	0.996749	-0.002426	185
10148.635648	353.045532	0.997406	-0.002338	187
10150.704128	353.033356	0.997558	-0.002522	189
10152.771584	353.041626	0.998164	-0.002565	191
10154.840064	353.082977	0.997292	-0.002233	193
10156.907520	353.071869	0.998028	-0.002068	195
10158.974976	353.070312	0.999519	-0.002003	197
10161.043456	353.074921	0.998957	-0.002260	199
10163.110912	353.030884	0.998159	-0.002292	201
10165.179392	353.085510	0.998389	-0.002405	203
10167.246848	353.098267	0.999300	-0.002350	205
10169.314304	353.116425	0.999713	-0.002732	207
10171.381760	353.099274	0.999445	-0.002807	209
10173.450240	353.113251	1.000366	-0.002585	211
10175.517696	353.130035	0.999721	-0.002419	213
10177.585152	353.097443	1.000160	-0.002437	215
10179.653632	353.106995	1.000098	-0.002511	217
10181.721088	353.082275	1.000354	-0.002364	219
10183.788544	353.061462	1.000765	-0.002562	221
10185.856000	353.068359	0.999523	-0.002594	223
10187.924480	353.041260	0.999577	-0.002699	225
10189.991936	353.060364	1.000407	-0.003002	227
10192.059392	353.020935	0.999560	-0.003016	229
10194.126848	353.017517	0.998181	-0.002827	231
10196.194304	353.085480	0.998983	-0.003231	233
10198.262784	353.095856	0.998370	-0.003096	235
10200.330240	353.034607	0.998740	-0.002616	237
10202.397696	353.067871	0.998792	-0.002914	239
10204.466176	353.082214	0.998877	-0.002740	241
10206.533632	353.040588	0.999264	-0.002885	243
10208.601088	353.031891	0.999693	-0.003206	245
10210.669568	353.172241	0.998980	-0.002988	247
10212.738048	353.061798	1.001562	-0.003199	249
10214.805504	353.011078	1.000939	-0.003190	251
10216.873984	353.031250	1.002006	-0.003241	253
10218.941440	353.033112	1.002035	-0.002833	255
10221.008896	353.046753	1.002724	-0.003122	1
10223.077376	353.040771	1.002658	-0.003145	3
10225.143808	353.060333	1.002799	-0.003326	5
10227.212288	353.120270	1.002838	-0.003214	7
10229.279744	353.099152	1.003810	-0.002863	9
10231.347200	353.105408	1.004191	-0.002842	11
10233.414656	352.977081	1.001704	-0.002917	13
10235.483136	353.085663	1.001055	-0.003071	15
10237.550592	353.050781	1.002209	-0.002892	17
10239.617024	353.057129	1.002091	-0.002735	19
10241.684480	353.070953	1.002861	-0.003051	21
10243.752960	353.038696	1.002140	-0.002745	23
10245.820416	353.003693	1.001468	-0.002806	25
10247.887872	352.965485	1.000367	-0.002706	27
10249.955328	352.990814	0.999562	-0.002906	29
10252.023808	353.049744	0.998064	-0.002970	31
10254.091264	353.002167	0.998806	-0.003052	33
10256.158720	353.007263	0.999656	-0.003142	35
10258.227200	353.016205	0.998987	-0.003211	37
10260.294656	353.002563	0.999056	-0.003325	39
10262.363136	352.966888	0.996854	-0.003039	41
10264.431616	352.978241	0.995894	-0.003267	43
10266.498048	352.976349	0.997419	-0.003176	45
10268.566528	353.017120	0.998394	-0.003021	47
10270.635008	352.994476	0.999544	-0.003290	49
10272.701440	352.983765	0.998624	-0.003303	51
10274.770944	353.005676	0.998577	-0.003366	53
10276.837376	352.978210	1.000223	-0.003302	55
10278.905856	352.956116	0.999145	-0.003563	57
10280.973312	353.002045	0.999338	-0.003496	59
10283.040768	352.947601	1.000234	-0.003275	61
10285.108224	353.003784	0.999689	-0.003354	63
10287.175680	353.020721	0.999486	-0.003660	65
10289.244160	353.071106	0.999283	-0.003534	67
10291.311616	353.028046	0.999259	-0.003141	69
10293.379072	353.083527	0.999506	-0.003012	71
10295.446528	353.033661	1.000145	-0.003233	73
10297.513984	353.033508	0.998888	-0.002928	75
10299.581440	353.032837	0.999745	-0.002574	77
10301.648896	353.052643	1.000831	-0.002572	79
10303.717376	352.998474	1.000283	-0.002620	81
10305.784832	353.098480	0.999192	-0.002464	83
10307.852288	352.999725	0.999441	-0.002330	85
10309.919744	353.005219	0.998740	-0.002582	87
10311.988224	352.975861	0.997458	-0.002721	89
10314.055680	352.998383	0.996365	-0.002447	91
10316.123136	353.029175	0.996356	-0.002717	93
10318.190592	353.036957	0.997718	-0.002606	95
10320.259072	353.039337	0.998112	-0.002531	97
10322.326528	353.041351	0.999395	-0.002586	99
10324.395008	353.080170	0.999381	-0.002314	101
10326.462464	353.076508	0.999142	-0.002162	103
10328.530944	353.056885	0.999266	-0.002103	105
10330.599424	353.061554	0.998222	-0.002110	107
10332.666880	353.109070	0.999130	-0.002020	109
10334.734336	353.087769	0.998406	-0.002150	111
10336.802816	353.039307	0.997082	-0.001606	113
10338.871296	353.099670	0.996214	-0.001815	115
10340.938752	353.115753	0.997029	-0.001943	117
10343.006208	353.122437	0.997369	-0.001728	119
10345.073664	353.105316	0.998383	-0.001515	121
10347.141120	353.126709	0.997722	-0.001477	123
10349.209600	353.105316	0.998250	-0.001329	125
10351.277056	353.076080	0.999059	-0.001489	127
10353.345536	353.072357	0.999019	-0.001517	129
10355.411968	353.095428	0.998565	-0.001660	131
10357.480448	353.082031	0.998766	-0.001814	133
10359.547904	353.045654	0.999225	-0.001918	135
10361.614336	353.075684	0.998574	-0.001983	137
10363.682816	353.086609	0.999019	-0.001822	139
10365.750272	353.104218	0.998730	-0.002138	141
10367.817728	353.082672	0.999478	-0.002144	143
10369.886208	353.080139	0.999499	-0.002252	145
10371.953664	353.059204	0.999108	-0.002209	147
10374.022144	353.064270	0.999534	-0.002396	149
10376.088576	353.067078	0.999425	-0.002507	151
10378.157056	353.102020	0.999347	-0.002762	153
10380.224512	353.093140	0.999237	-0.002589	155
10382.291968	353.065216	0.999599	-0.002588	157
10384.360448	353.091614	0.999846	-0.002649	159
10386.427904	353.036316	1.000187	-0.002862	161
10388.496384	353.081451	0.999297	-0.002848	163
10390.563840	353.070099	0.999913	-0.002958	165
10392.632320	353.078369	0.999888	-0.003172	167
10394.699776	353.052521	0.999596	-0.003192	169
10396.768256	353.064789	0.999986	-0.003355	171
10398.835712	353.054810	0.998592	-0.003302	173
10400.903168	353.068848	0.998830	-0.003155	175
10402.970624	353.029083	0.999487	-0.003164	177
10405.038080	353.036926	1.000395	-0.003105	179
10407.106560	353.043335	0.999591	-0.003178	181
10409.174016	353.001740	0.998399	-0.003630	183
10411.241472	353.060486	0.998348	-0.003503	185
10413.308928	353.015900	0.998531	-0.003402	187
10415.376384	353.056427	0.999352	-0.003508	189
10417.443840	353.013031	0.999683	-0.003454	191
10419.511296	353.003693	0.996968	-0.003487	193
10421.578752	352.999451	0.995775	-0.003281	195
10423.646208	353.002533	0.996578	-0.003457	197
10425.713664	353.020935	0.996693	-0.003536	199
10427.782144	353.002045	0.997081	-0.003406	201
10429.849600	352.970184	0.996791	-0.003312	203
10431.917056	353.031738	0.997583	-0.003621	205
10433.984512	353.001404	0.998818	-0.003873	207
10436.052992	353.032898	0.999262	-0.003981	209
10438.120448	353.007019	0.998426	-0.004069	211
10440.188928	352.994934	0.999157	-0.004048	213
10442.256384	352.981140	1.000154	-0.004408	215
10444.323840	352.997681	1.001019	-0.004452	217
10446.392320	353.001953	1.001559	-0.004567	219
10448.460800	352.935791	1.001328	-0.004432	221
10450.527232	353.003296	1.000785	-0.004248	223
10452.595712	352.982605	1.002017	-0.004088	225
10454.663168	353.000519	1.001791	-0.003943	227
10456.731648	352.980988	1.001522	-0.003662	229
10458.798080	352.981750	1.002167	-0.003827	231
10460.866560	352.979919	1.001864	-0.003421	233
10462.935040	352.976227	1.000652	-0.003582	235
10465.002496	352.981750	1.001198	-0.003690	237
10467.069952	352.954712	1.001232	-0.003794	239
10469.136384	352.957916	1.001056	-0.003948	241
10471.204864	352.944794	1.000916	-0.003710	243
10473.272320	352.938354	0.999144	-0.003913	245
10475.339776	352.942657	0.998712	-0.003946	247
10477.408256	352.913879	0.999303	-0.004176	249
10479.474688	352.943115	0.999195	-0.004115	251
10481.543168	352.919586	0.998935	-0.004015	253
10483.610624	352.934784	0.999698	-0.004051	255
10485.678080	352.879913	0.999606	-0.003991	1
10487.745536	352.905090	0.998029	-0.004081	3
10489.814016	352.930939	0.998126	-0.004007	5
10491.881472	352.908722	0.998436	-0.003897	7
10493.948928	352.930206	0.998737	-0.003724	9
10496.017408	352.929657	0.998052	-0.003806	11
10498.084864	352.945984	0.998576	-0.003959	13
10500.152320	352.963867	0.998325	-0.004224	15
10502.220800	352.969940	0.998442	-0.003997	17
10504.288256	352.978180	0.998349	-0.003798	19
10506.355712	352.978394	0.998293	-0.003361	21
10508.424192	352.972321	0.998963	-0.003314	23
10510.491648	352.955902	0.999710	-0.003456	25
10512.560128	352.957245	0.999314	-0.003348	27
10514.626560	352.950226	0.998441	-0.003593	29
10516.695040	352.930847	0.999571	-0.003649	31
10518.763520	352.943634	0.999717	-0.003844	33
10520.830976	352.965942	0.999555	-0.003955	35
10522.898432	352.937012	1.001611	-0.003715	37
10524.966912	352.917694	1.002121	-0.003847	39
10527.033344	352.913727	1.001274	-0.003677	41
10529.101824	352.919312	1.001313	-0.003652	43
10531.169280	352.913788	1.000750	-0.003545	45
10533.236736	352.905273	1.000158	-0.003620	47
10535.304192	352.893433	1.000671	-0.003579	49
10537.371648	352.902985	1.000925	-0.003571	51
10539.439104	352.855682	1.000922	-0.003814	53
10541.507584	352.880615	1.001498	-0.003931	55
10543.575040	352.885620	1.001970	-0.003787	57
10545.642496	352.842407	1.001005	-0.003828	59
10547.709952	352.857178	1.001014	-0.004026	61
10549.777408	352.865967	1.000282	-0.004257	63
10551.845888	352.871735	0.999936	-0.004096	65
10553.913344	352.864014	1.001068	-0.004050	67
10555.980800	352.868073	0.999836	-0.003865	69
10558.049280	352.826660	0.999708	-0.003916	71
10560.116736	352.891998	1.000195	-0.004041	73
10562.184192	352.888275	1.001306	-0.003840	75
10564.252672	352.819916	1.001377	-0.003975	77
10566.320128	352.874329	1.000562	-0.003908	79
10568.388608	352.869263	1.000739	-0.003829	81
10570.456064	352.855957	0.999754	-0.003913	83
10572.523520	352.873779	1.000684	-0.004089	85
10574.592000	352.869904	1.001622	-0.004317	87
10576.659456	352.858795	1.001811	-0.004593	89
10578.726912	352.842865	1.001322	-0.004606	91
10580.794368	352.859924	1.001445	-0.004680	93
10582.863872	352.859680	1.001065	-0.004301	95
10584.930304	352.874908	1.001036	-0.004013	97
10586.998784	352.881042	1.000616	-0.003689	99
10589.066240	352.887817	0.999882	-0.003589	101
10591.133696	352.882935	0.999346	-0.003339	103
10593.201152	352.855316	0.998611	-0.003280	105
10595.268608	352.876312	0.998976	-0.003240	107
10597.336064	352.854584	0.999380	-0.003221	109
10599.403520	352.840240	0.998398	-0.003490	111
10601.472000	352.880402	0.996950	-0.003330	113
10603.539456	352.828796	0.997320	-0.003187	115
10605.606912	352.858704	0.996370	-0.003303	117
10607.674368	352.893799	0.997800	-0.003366	119
10609.742848	352.879486	0.998383	-0.003306	121
10611.810304	352.889435	0.998249	-0.003540	123
10613.877760	352.876526	0.997561	-0.003616	125
10615.946240	352.871155	0.999006	-0.003915	127
10618.013696	352.878052	0.998496	-0.003900	129
10620.081152	352.845459	0.999091	-0.004033	131
10622.148608	352.894562	0.999566	-0.004063	133
10624.217088	352.872131	0.999564	-0.003872	135
10626.284544	352.858490	0.999376	-0.004074	137
10628.353024	352.874512	0.998659	-0.003927	139
10630.420480	352.892151	0.999470	-0.003379	141
10632.488960	352.888184	1.000721	-0.003085	143
10634.555392	352.850403	1.000630	-0.003110	145
10636.623872	352.868469	1.000754	-0.002826	147
10638.691328	352.858887	0.999869	-0.002929	149
10640.759808	352.830200	1.000760	-0.003067	151
10642.827264	352.864929	1.000260	-0.002923	153
10644.894720	352.840942	1.001661	-0.003239	155
10646.962176	352.806396	1.001281	-0.003212	157
10649.030656	352.797058	1.000517	-0.003074	159
10651.097088	352.884155	1.000589	-0.002754	161
10653.164544	352.843872	1.001479	-0.002710	163
10655.233024	352.840210	1.001974	-0.002847	165
10657.300480	352.819183	1.001908	-0.002861	167
10659.367936	352.812012	1.000561	-0.002926	169
10661.436416	352.797546	1.001284	-0.003000	171
10663.503872	352.787994	1.000134	-0.002836	173
10665.571328	352.800812	0.999469	-0.002798	175
10667.639808	352.792206	0.999253	-0.003032	177
10669.707264	352.806000	0.999197	-0.003039	179
10671.774720	352.797119	0.997795	-0.002952	181
10673.843200	352.789185	0.998296	-0.002867	183
10675.910656	352.801147	0.997789	-0.002973	185
10677.978112	352.806396	0.997952	-0.002909	187
10680.046592	352.797546	0.998515	-0.002867	189
10682.114048	352.799774	0.998899	-0.002802	191
10684.182528	352.789093	0.998721	-0.002707	193
10686.249984	352.813477	0.999313	-0.002474	195
10688.318464	352.783081	0.998547	-0.002265	197
10690.384896	352.809998	0.998465	-0.002344	199
10692.452352	352.808624	0.999567	-0.002463	201
10694.520832	352.759277	1.000068	-0.002441	203
10696.589312	352.782623	0.998999	-0.002393	205
10698.655744	352.775940	0.999924	-0.002299	207
10700.724224	352.738953	0.998738	-0.002675	209
10702.791680	352.746246	0.998777	-0.002898	211
10704.859136	352.726135	0.999469	-0.002994	213
10706.926592	352.736572	0.999201	-0.002888	215
10708.994048	352.708313	0.998345	-0.002804	217
10711.061504	352.759125	0.999778	-0.002995	219
10713.129984	352.703491	0.998782	-0.002815	221
10715.197440	352.712463	0.998657	-0.002867	223
10717.264896	352.716675	0.997167	-0.002764	225
10719.332352	352.693115	0.998135	-0.002892	227
10721.400832	352.685852	0.997084	-0.003112	229
10723.468288	352.711212	0.997420	-0.002975	231
10725.535744	352.693756	0.997080	-0.003147	233
10727.604224	352.659393	0.997409	-0.003270	235
10729.671680	352.682220	0.997186	-0.003214	237
10731.739136	352.721222	0.997719	-0.003195	239
10733.806592	352.724915	0.997922	-0.003109	241
10735.875072	352.718842	0.997727	-0.003048	243
10737.943552	352.790253	0.998076	-0.002842	245
10740.011008	352.752197	0.999301	-0.003125	247
10742.079488	352.740021	0.999146	-0.003365	249
10744.145920	352.764099	0.999206	-0.003356	251
10746.215424	352.722412	1.000016	-0.003171	253
10748.281856	352.714325	1.000338	-0.003416	255
10750.350336	352.733978	1.000027	-0.003111	1
10752.418816	352.711334	1.000024	-0.003098	3
10754.485248	352.732025	0.999512	-0.002953	5
10756.552704	352.709808	1.000492	-0.002772	7
10758.621184	352.623596	0.999462	-0.002960	9
10760.687616	352.723969	0.999073	-0.002912	11
10762.756096	352.767548	0.999087	-0.002780	13
10764.823552	352.731537	0.998664	-0.002823	15
10766.891008	352.767670	0.999350	-0.002924	17
10768.958464	352.687805	1.000198	-0.002766	19
10771.026944	352.724854	0.999214	-0.002939	21
10773.094400	352.707245	0.999746	-0.002954	23
10775.161856	352.691498	0.999675	-0.003239	25
10777.229312	352.711273	0.999244	-0.003276	27
10779.297792	352.682434	0.999362	-0.003371	29
10781.364224	352.705566	0.998571	-0.003455	31
10783.431680	352.681122	0.998315	-0.003482	33
10785.500160	352.716309	0.998403	-0.003570	35
10787.568640	352.709442	0.999488	-0.003679	37
10789.636096	352.737885	0.999473	-0.003680	39
10791.703552	352.701813	0.999391	-0.003497	41
10793.772032	352.702728	0.998999	-0.003383	43
10795.839488	352.698181	1.000199	-0.003493	45
10797.907968	352.715942	0.999225	-0.003580	47
10799.975424	352.740326	0.999553	-0.003640	49
10802.043904	352.657440	0.999378	-0.003569	51
10804.111360	352.680450	0.998964	-0.003947	53
10806.179840	352.678558	0.998459	-0.004127	55
10808.247296	352.626160	0.998137	-0.004037	57
10810.314752	352.618286	0.998593	-0.004089	59
10812.383232	352.613770	0.998942	-0.004064	61
10814.450688	352.663910	0.999420	-0.004161	63
10816.518144	352.627289	0.999008	-0.004128	65
10818.585600	352.671570	0.998556	-0.003912	67
10820.653056	352.643738	0.998666	-0.003743	69
10822.720512	352.692749	0.998978	-0.003651	71
10824.787968	352.653656	0.999176	-0.003118	73
10826.855424	352.653107	0.999323	-0.003379	75
10828.923904	352.623199	0.999554	-0.003084	77
10830.991360	352.657257	0.999495	-0.002936	79
10833.059840	352.671295	1.000217	-0.002726	81
10835.126272	352.657532	1.000409	-0.002619	83
10837.194752	352.679626	0.999935	-0.002425	85
10839.262208	352.618622	0.999226	-0.002295	87
10841.329664	352.631927	0.997594	-0.002181	89
10843.397120	352.617187	0.998123	-0.002259	91
10845.465600	352.614319	0.998329	-0.002277	93
10847.533056	352.604248	0.997694	-0.002628	95
10849.600512	352.718597	0.997654	-0.004010	97
10851.667968	352.701477	0.998467	-0.002596	99
10853.736448	352.665894	0.999454	-0.002395	101
10855.803904	352.689545	0.999606	-0.002125	103
10857.872384	352.670258	0.999898	-0.002104	105
10859.939840	352.654144	1.000017	-0.002417	107
10862.008320	352.701263	0.999530	-0.002217	109
10864.075776	352.678986	0.999968	-0.001931	111
10866.143232	352.674042	1.000260	-0.002030	113
10868.211712	352.659393	0.999356	-0.002184	115
10870.279168	352.648224	0.998694	-0.002228	117
10872.347648	352.630951	0.998323	-0.002346	119
10874.414080	352.609772	0.998458	-0.002462	121
10876.482560	352.626251	0.996899	-0.002446	123
10878.551040	352.617035	0.996050	-0.002428	125
10880.618496	352.615875	0.997905	-0.002693	127
10882.685952	352.605957	0.998906	-0.002538	129
10884.754432	352.604370	0.998661	-0.002397	131
10886.821888	352.606995	0.997311	-0.002176	133
10888.888320	352.620728	0.998433	-0.002331	135
10890.955776	352.632751	0.997881	-0.002245	137
10893.023232	352.629669	0.997441	-0.002050	139
10895.091712	352.639709	0.996384	-0.001795	141
10897.159168	352.662720	0.996239	-0.001499	143
10899.226624	352.627289	0.996927	-0.001446	145
10901.294080	352.664032	0.998075	-0.001524	147
10903.361536	352.640076	0.998117	-0.001354	149
10905.428992	352.663574	0.998595	-0.001297	151
10907.497472	352.588043	0.998882	-0.001379	153
10909.564928	352.575134	0.998941	-0.001738	155
10911.632384	352.621979	0.998597	-0.001611	157
10913.700864	352.609711	0.998926	-0.001378	159
10915.768320	352.619293	0.999083	-0.001454	161
10917.836800	352.595154	0.999407	-0.001704	163
10919.904256	352.573578	0.999025	-0.001764	165
10921.971712	352.651825	0.998653	-0.001789	167
10924.040192	352.578522	0.998969	-0.001563	169
10926.106624	352.607849	0.998414	-0.001586	171
10928.177152	352.555878	0.998514	-0.001636	173
10930.244608	352.592133	1.000614	-0.001837	175
10932.312064	352.597900	1.000018	-0.001843	177
10934.379520	352.604279	1.000323	-0.001472	179
10936.445952	352.617981	1.001467	-0.001686	181
10938.513408	352.580872	1.000013	-0.001756	183
10940.581888	352.574127	0.999721	-0.001904	185
10942.649344	352.519836	0.999284	-0.002220	187
10944.717824	352.566986	1.000287	-0.001854	189
10946.785280	352.576141	1.000770	-0.001808	191
10948.853760	352.552063	1.001750	-0.001735	193
10950.921216	352.514252	1.001413	-0.001857	195
10952.988672	352.547516	1.001517	-0.001769	197
10955.056128	352.578308	1.001720	-0.001847	199
10957.123584	352.601868	1.001811	-0.002065	201
10959.190016	352.509918	1.000054	-0.001983	203
