time (s)	theta (A)	maj axis/z0	min axis/z0	crossing#mod 255
1656.747392	279.512421	1.051198	0.008687	63
1658.764928	279.549042	1.051669	0.008762	65
1660.782464	279.567078	1.050512	0.008640	67
1662.799872	279.569244	1.051643	0.008683	69
1664.817408	279.553375	1.051828	0.008711	71
1666.834944	279.548920	1.052307	0.008610	73
1668.852480	279.581909	1.052677	0.008533	75
1670.869888	279.554382	1.051997	0.008358	77
1672.887424	279.571594	1.052520	0.007837	79
1674.904960	279.570496	1.053207	0.008109	81
1676.922368	279.597717	1.053856	0.007802	83
1678.939776	279.581696	1.054380	0.008099	85
1680.957184	279.596069	1.054119	0.007914	87
1682.974720	279.582550	1.054140	0.008029	89
1684.992000	279.617004	1.053847	0.008045	91
1687.009408	279.585083	1.054283	0.007776	93
1689.026816	279.620056	1.053178	0.007921	95
1691.044096	279.648376	1.053591	0.007974	97
1693.061760	279.667999	1.054142	0.008080	99
1695.078912	279.648376	1.054975	0.007851	101
1697.096576	279.682312	1.054520	0.007779	103
1699.113984	279.696991	1.054162	0.008185	105
1701.131520	279.663879	1.054126	0.007785	107
1703.148800	279.671295	1.053067	0.007851	109
1705.166336	279.733337	1.053574	0.007804	111
1707.183488	279.710327	1.052404	0.007627	113
1709.201152	279.734680	1.052156	0.007498	115
1711.218432	279.701111	1.051352	0.007149	117
1713.236096	279.737793	1.050606	0.007168	119
1715.253504	279.742096	1.051341	0.007095	121
1717.270912	279.755737	1.052484	0.007322	123
1719.288192	279.794861	1.049889	0.007245	125
1721.305600	279.790680	1.049728	0.007659	127
1723.323136	279.827393	1.051177	0.007201	129
1725.340672	279.819733	1.052299	0.007301	131
1727.358080	279.844727	1.052836	0.007528	133
1729.376512	279.859131	1.056524	0.007386	135
1731.394176	279.854248	1.055692	0.007276	137
1733.411456	279.883453	1.055913	0.007425	139
1735.429120	279.892487	1.056028	0.007291	141
1737.446656	279.861176	1.057027	0.007146	143
1739.464192	279.873077	1.055849	0.007405	145
1741.481600	279.904114	1.055229	0.007602	147
1743.499136	279.897552	1.056510	0.007603	149
1745.516800	279.915161	1.058115	0.007543	151
1747.534336	279.918274	1.057632	0.007259	153
1749.550848	279.889404	1.054517	0.007126	155
1751.568640	279.912750	1.052514	0.007046	157
1753.586176	279.926422	1.053550	0.006862	159
1755.603840	279.908905	1.054219	0.006860	161
1757.621120	279.901642	1.053628	0.006365	163
1759.638656	279.918732	1.052853	0.006704	165
1761.656576	279.912109	1.053929	0.006527	167
1763.674240	279.902283	1.053903	0.006364	169
1765.691648	279.928162	1.052932	0.006364	171
1767.709184	279.960388	1.053144	0.006360	173
1769.726464	279.946106	1.053191	0.006037	175
1771.743872	279.924194	1.053650	0.005931	177
1773.761280	279.918213	1.054186	0.005834	179
1775.778816	279.939301	1.054423	0.006015	181
1777.796096	279.976532	1.054513	0.005694	183
1779.813376	279.984436	1.055085	0.005649	185
1781.831040	279.979645	1.056497	0.005495	187
1783.848448	279.999939	1.056375	0.005769	189
1785.865856	280.031372	1.055907	0.005574	191
1787.883264	280.046112	1.056428	0.005496	193
1789.900928	279.997772	1.055605	0.005122	195
1791.918208	280.005585	1.055260	0.005087	197
1793.935744	280.034088	1.053746	0.005223	199
1795.953152	280.014771	1.053065	0.005303	201
1797.970944	280.044067	1.053333	0.005212	203
1799.988480	280.049011	1.053726	0.005299	205
1802.005888	280.080627	1.053196	0.005206	207
1804.023424	280.063171	1.054145	0.005013	209
1806.040960	280.085785	1.054102	0.004808	211
1808.058240	280.100708	1.054008	0.004755	213
1810.075520	280.085297	1.054324	0.005085	215
1812.093312	280.138641	1.054410	0.005061	217
1814.110848	280.146454	1.054702	0.005283	219
1816.128384	280.123444	1.054932	0.005454	221
1818.145920	280.172852	1.055452	0.005329	223
1820.163200	280.131744	1.056206	0.005187	225
1822.180864	280.120300	1.055713	0.005129	227
1824.198400	280.151794	1.055615	0.004799	229
1826.215936	280.116394	1.055110	0.004463	231
1828.233472	280.135284	1.054936	0.004353	233
1830.251136	280.133789	1.054717	0.004256	235
1832.268544	280.137695	1.055171	0.004143	237
1834.286208	280.126190	1.056804	0.003802	239
1836.303616	280.175018	1.056497	0.004022	241
1838.321152	280.189667	1.056209	0.003799	243
1840.338560	280.178741	1.056692	0.003705	245
1842.356096	280.225677	1.054618	0.004097	247
1844.373376	280.219879	1.055639	0.004087	249
1846.390784	280.202393	1.055541	0.003937	251
1848.408064	280.194794	1.055184	0.003307	253
1850.425472	280.231750	1.055134	0.003490	255
1852.443008	280.221649	1.054930	0.003318	1
1854.460288	280.247925	1.054639	0.003570	3
1856.477696	280.231720	1.054094	0.003432	5
1858.495104	280.276184	1.054672	0.003430	7
1860.512640	280.259583	1.054243	0.003270	9
1862.529920	280.274475	1.053964	0.002923	11
1864.547328	280.270935	1.053883	0.003112	13
1866.564864	280.314209	1.053893	0.003454	15
1868.582144	280.328217	1.053410	0.003461	17
1870.599552	280.297119	1.053369	0.003285	19
1872.616832	280.303833	1.053294	0.003324	21
1874.634368	280.289337	1.053845	0.003318	23
1876.651904	280.339478	1.054229	0.003437	25
1878.669440	280.329071	1.055093	0.003104	27
1880.686976	280.341034	1.055632	0.003073	29
1882.704768	280.329987	1.054624	0.002978	31
1884.722048	280.349579	1.055596	0.003046	33
1886.739584	280.386902	1.055260	0.003167	35
1888.756992	280.405945	1.055493	0.003063	37
1890.774528	280.367279	1.056075	0.003063	39
1892.792064	280.389923	1.056960	0.002838	41
1894.809472	280.379303	1.056919	0.002725	43
1896.827008	280.390381	1.056123	0.002483	45
1898.844288	280.401611	1.056355	0.002397	47
1900.861952	280.413391	1.056467	0.002060	49
1902.879360	280.407867	1.055324	0.001856	51
1904.897152	280.403259	1.054617	0.001869	53
1906.914688	280.424347	1.053579	0.002084	55
1908.932224	280.409729	1.053290	0.002152	57
1910.949760	280.400787	1.053921	0.001752	59
1912.967168	280.439728	1.054526	0.001929	61
1914.984704	280.458557	1.053520	0.001887	63
1917.002112	280.428009	1.052898	0.002137	65
1919.019648	280.440918	1.053785	0.001806	67
1921.037184	280.412689	1.052484	0.001583	69
1923.054592	280.470032	1.053379	0.001744	71
1925.072000	280.444458	1.052775	0.001594	73
1927.089536	280.458405	1.053116	0.001232	75
1929.106944	280.478729	1.052772	0.001284	77
1931.124480	280.438049	1.053490	0.001301	79
1933.141760	280.480652	1.052796	0.001306	81
1935.159040	280.458893	1.052834	0.000881	83
1937.176704	280.483673	1.053926	0.000747	85
1939.194112	280.454834	1.053304	0.000948	87
1941.211392	280.477081	1.054309	0.000826	89
1943.228800	280.444550	1.054222	0.000590	91
1945.246336	280.446960	1.054946	0.000600	93
1947.263744	280.480591	1.054374	0.000473	95
1949.281024	280.479218	1.054000	0.000272	97
1951.298432	280.459564	1.053201	0.000307	99
1953.315840	280.502136	1.053010	0.000435	101
1955.333376	280.507996	1.054416	0.000395	103
1957.350784	280.523743	1.054887	0.000452	105
1959.368192	280.532196	1.055241	0.000358	107
1961.385728	280.548309	1.055713	0.000522	109
1963.403136	280.522156	1.055933	0.000491	111
1965.420672	280.569794	1.055311	0.000589	113
1967.438208	280.533691	1.056288	0.000447	115
1969.455744	280.556580	1.055890	0.000299	117
1971.473280	280.584229	1.055158	0.000549	119
1973.490816	280.575439	1.056634	0.000467	121
1975.508096	280.575043	1.055883	0.000462	123
1977.525632	280.564972	1.055527	0.000239	125
1979.543168	280.561737	1.055461	0.000107	127
1981.560832	280.576996	1.054961	-0.000052	129
1983.578240	280.616943	1.056259	-0.000120	131
1985.595648	280.584045	1.055844	-0.000442	133
1987.613312	280.567657	1.056116	-0.000524	135
1989.630848	280.597321	1.055208	-0.000542	137
1991.648640	280.585907	1.055204	-0.000433	139
1993.666048	280.574921	1.055663	-0.000553	141
1995.683584	280.581635	1.055662	-0.000769	143
1997.701120	280.580414	1.056051	-0.000812	145
1999.718656	280.593842	1.055934	-0.000807	147
2001.736064	280.609222	1.055586	-0.000658	149
2003.753856	280.600616	1.054827	-0.000428	151
2005.771136	280.611938	1.054960	-0.000502	153
2007.788672	280.636261	1.055032	-0.000445	155
2009.806080	280.614288	1.055848	-0.000651	157
2011.823744	280.605347	1.055567	-0.000657	159
2013.841152	280.620483	1.054860	-0.000708	161
2015.858432	280.624878	1.055808	-0.000894	163
2017.875968	280.650909	1.055752	-0.000962	165
2019.893632	280.634521	1.056037	-0.001013	167
2021.911040	280.661865	1.056519	-0.000791	169
2023.928320	280.679352	1.056557	-0.000825	171
2025.945728	280.673096	1.057844	-0.001045	173
2027.963264	280.630768	1.056989	-0.001214	175
2029.980544	280.687531	1.056340	-0.001124	177
2031.998208	280.679565	1.055849	-0.001163	179
2034.015616	280.686859	1.055216	-0.001381	181
2036.032896	280.654114	1.055530	-0.001291	183
2038.050560	280.604279	1.054464	-0.001892	185
2040.067968	280.635651	1.053264	-0.001761	187
2042.085504	280.669556	1.053151	-0.002024	189
2044.102784	280.647980	1.054459	-0.001985	191
2046.120320	280.680542	1.054701	-0.002068	193
2048.137728	280.706390	1.055420	-0.001936	195
2050.155008	280.712311	1.056331	-0.001962	197
2052.172416	280.714813	1.056446	-0.001977	199
2054.189952	280.702057	1.056965	-0.002103	201
2056.207360	280.666077	1.055675	-0.001937	203
2058.225152	280.727081	1.055063	-0.002081	205
2060.242560	280.718109	1.055114	-0.002078	207
2062.260224	280.705383	1.054654	-0.002002	209
2064.277632	280.737122	1.055037	-0.001914	211
2066.295168	280.759491	1.054966	-0.001623	213
2068.312576	280.735718	1.054186	-0.001774	215
2070.330496	280.757812	1.054071	-0.001641	217
2072.347648	280.752655	1.054611	-0.001635	219
2074.365312	280.754883	1.055327	-0.001678	221
2076.382976	280.764191	1.055322	-0.001912	223
2078.400512	280.767670	1.055841	-0.001836	225
2080.417920	280.771454	1.055517	-0.001721	227
2082.435584	280.761719	1.056317	-0.001828	229
2084.452992	280.786591	1.056197	-0.001680	231
2086.470400	280.764069	1.055562	-0.002016	233
2088.487808	280.812744	1.055212	-0.001633	235
2090.505344	280.788391	1.055566	-0.001725	237
2092.522752	280.767944	1.056043	-0.001844	239
2094.540288	280.797211	1.055173	-0.001685	241
2096.557824	280.840149	1.055412	-0.001260	243
2098.575232	280.842621	1.054883	-0.001598	245
2100.592640	280.843445	1.054853	-0.001585	247
2102.610048	280.838959	1.056202	-0.001765	249
2104.627584	280.847504	1.057248	-0.001532	251
2106.644864	280.833344	1.058016	-0.001577	253
2108.662400	280.836121	1.057331	-0.001401	255
2110.679680	280.845245	1.057140	-0.001771	1
2112.697216	280.865601	1.056755	-0.001724	3
2114.714624	280.848145	1.055385	-0.001683	5
2116.732160	280.827789	1.053716	-0.001630	7
2118.749568	280.869263	1.053650	-0.001524	9
2120.766976	280.871002	1.052536	-0.001667	11
2122.784512	280.895630	1.053276	-0.001679	13
2124.802176	280.871399	1.053935	-0.001650	15
2126.819456	280.902008	1.054809	-0.001829	17
2128.836992	280.888123	1.055409	-0.001566	19
2130.854272	280.958740	1.055679	-0.001887	21
2132.871680	280.859039	1.052504	-0.002086	23
2134.889216	280.909302	1.053049	-0.001620	25
2136.906752	280.923828	1.053113	-0.001458	27
2138.924160	280.886719	1.053372	-0.001504	29
2140.941824	280.890198	1.054192	-0.001390	31
2142.959488	280.893829	1.054314	-0.001485	33
2144.977024	280.918640	1.055122	-0.001424	35
2146.994432	280.909332	1.055138	-0.001612	37
2149.011968	280.931091	1.053983	-0.001641	39
2151.029504	280.895813	1.054663	-0.001699	41
2153.047040	280.936401	1.054350	-0.001709	43
2155.064576	280.923096	1.054816	-0.001907	45
2157.082112	280.970673	1.054727	-0.001681	47
2159.099648	280.929810	1.054594	-0.001815	49
2161.117184	280.982880	1.054753	-0.001837	51
2163.134464	280.938538	1.055727	-0.002025	53
2165.152000	280.948059	1.054825	-0.002269	55
2167.169536	280.961884	1.055126	-0.002228	57
2169.186816	280.930786	1.055626	-0.002351	59
2171.204352	280.940552	1.055987	-0.002577	61
2173.221888	280.921753	1.055811	-0.002634	63
2175.239424	280.923309	1.056464	-0.002841	65
2177.256704	280.945740	1.056322	-0.002835	67
2179.274496	280.937836	1.056322	-0.002619	69
2181.291776	280.935822	1.056028	-0.002821	71
2183.309312	280.917389	1.055480	-0.003098	73
2185.326592	280.928528	1.055871	-0.003139	75
2187.344128	280.919586	1.055898	-0.003023	77
2189.361664	280.923828	1.055502	-0.003156	79
2191.379200	280.899261	1.056195	-0.003294	81
2193.396480	280.919678	1.056440	-0.003554	83
2195.414016	280.920868	1.055720	-0.003487	85
2197.431296	280.898926	1.055439	-0.003596	87
2199.448832	280.886108	1.054611	-0.003599	89
2201.466112	280.916931	1.053664	-0.003510	91
2203.483392	280.910797	1.052294	-0.003741	93
2205.500672	280.913605	1.052459	-0.003818	95
2207.518464	280.913300	1.052822	-0.004104	97
2209.535744	280.927917	1.053537	-0.003931	99
2211.553536	280.915466	1.052963	-0.003978	101
2213.570560	280.944336	1.052369	-0.004159	103
2215.588096	280.908508	1.053712	-0.004288	105
2217.605632	280.949005	1.053687	-0.004001	107
2219.623168	280.948425	1.053440	-0.004202	109
2221.640704	280.951996	1.054429	-0.004027	111
2223.658240	280.954803	1.053816	-0.004228	113
2225.675776	280.959473	1.054186	-0.004375	115
2227.693312	281.018616	1.055389	-0.004347	117
2229.710848	280.976929	1.055544	-0.004534	119
2231.728384	280.979950	1.055685	-0.004272	121
2233.745664	280.974670	1.056022	-0.004632	123
2235.763456	280.987549	1.055100	-0.004460	125
2237.780736	280.967041	1.053585	-0.004413	127
2239.798528	281.014801	1.053814	-0.004692	129
2241.815808	281.018616	1.053594	-0.004348	131
2243.833344	281.011932	1.054506	-0.004402	133
2245.850880	280.998779	1.054574	-0.004499	135
2247.868416	280.996002	1.055922	-0.004670	137
2249.885952	281.004669	1.055440	-0.004948	139
2251.903488	281.018738	1.057983	-0.004743	141
2253.920512	280.985657	1.058780	-0.004968	143
2255.938304	281.010925	1.057908	-0.004940	145
2257.955840	280.995056	1.055549	-0.005138	147
2259.973120	280.994629	1.054967	-0.005255	149
2261.990656	281.014069	1.056201	-0.005419	151
2264.008448	280.970551	1.056843	-0.005483	153
2266.025728	280.982697	1.056066	-0.005611	155
2268.043264	281.004089	1.055877	-0.005648	157
2270.060544	281.012726	1.056533	-0.005583	159
2272.077824	280.993622	1.056866	-0.005624	161
2274.095360	281.003815	1.055107	-0.005651	163
2276.112640	280.993164	1.054075	-0.005818	165
2278.130176	280.979584	1.054314	-0.006057	167
2280.147456	280.993134	1.053910	-0.006035	169
2282.164992	280.975189	1.054823	-0.006103	171
2284.182272	280.985687	1.055249	-0.006398	173
2286.200064	280.998871	1.054272	-0.006308	175
2288.217344	280.976959	1.054432	-0.006599	177
2290.234624	280.995239	1.055235	-0.006364	179
2292.252160	281.002899	1.056118	-0.006530	181
2294.269696	280.991364	1.057006	-0.006363	183
2296.287232	281.008820	1.055658	-0.006710	185
2298.304768	280.996429	1.055955	-0.006520	187
2300.322048	281.065887	1.055357	-0.005916	189
2302.339584	280.959961	1.055576	-0.006239	191
2304.357376	281.022095	1.055374	-0.006476	193
2306.374912	281.011475	1.056284	-0.006721	195
2308.392192	281.023285	1.056503	-0.006529	197
2310.409728	281.012573	1.056382	-0.006630	199
2312.427264	281.027802	1.055702	-0.006664	201
2314.444800	281.014740	1.056757	-0.006774	203
2316.462336	280.975555	1.056373	-0.006878	205
2318.480128	281.018738	1.055578	-0.006870	207
2320.497664	281.030457	1.055822	-0.006801	209
2322.514944	281.032013	1.055324	-0.006585	211
2324.532224	281.019073	1.055989	-0.006478	213
2326.549760	281.003052	1.056902	-0.006832	215
2328.567296	281.045349	1.057120	-0.006683	217
2330.584832	281.001404	1.057508	-0.006868	219
2332.602368	281.035034	1.057602	-0.006644	221
2334.619648	281.016663	1.056849	-0.006850	223
2336.637440	281.035675	1.056439	-0.006625	225
2338.654720	281.017181	1.057160	-0.006731	227
2340.672256	281.007935	1.055586	-0.006622	229
2342.689536	281.026245	1.055182	-0.006576	231
2344.707072	281.016052	1.054471	-0.006665	233
2346.724352	281.030975	1.053895	-0.006281	235
2348.742144	281.041901	1.054484	-0.006192	237
2350.759424	281.025085	1.054690	-0.006461	239
2352.776960	281.028046	1.055060	-0.006316	241
2354.794496	280.987427	1.055266	-0.006395	243
2356.811776	281.044159	1.056117	-0.006271	245
2358.829568	280.994232	1.056224	-0.006514	247
2360.846848	281.011536	1.057583	-0.006850	249
2362.864384	281.025330	1.057266	-0.006581	251
2364.881408	281.031677	1.056637	-0.006445	253
2366.898944	281.038361	1.055699	-0.006487	255
2368.916224	281.015167	1.053984	-0.006579	1
2370.933760	281.053955	1.052898	-0.006879	3
2372.951040	281.056274	1.053001	-0.006493	5
2374.968832	281.053375	1.054249	-0.006580	7
2376.986112	281.033875	1.053275	-0.006755	9
2379.003904	281.006165	1.053317	-0.006868	11
2381.021440	281.034363	1.053291	-0.006685	13
2383.038720	281.020935	1.053729	-0.006848	15
2385.056512	281.056396	1.052670	-0.006944	17
2387.074048	281.080383	1.054155	-0.006797	19
2389.091584	281.096893	1.054112	-0.006120	21
2391.108864	281.082306	1.053960	-0.006327	23
2393.126400	281.082794	1.052618	-0.006212	25
2395.143936	281.100189	1.052515	-0.006068	27
2397.161472	281.128113	1.052667	-0.005999	29
2399.179008	281.123199	1.052321	-0.006101	31
2401.196544	281.108154	1.052816	-0.005851	33
2403.214336	281.100311	1.052833	-0.006185	35
2405.231872	281.139587	1.053472	-0.006317	37
2407.248896	281.116150	1.054414	-0.006139	39
2409.266688	281.107239	1.055819	-0.006320	41
2411.284480	281.100922	1.055549	-0.006045	43
2413.301760	281.119995	1.055344	-0.006071	45
2415.319040	281.111298	1.055074	-0.006007	47
2417.336832	281.127289	1.055801	-0.005930	49
2419.354112	281.121552	1.055285	-0.005769	51
2421.371648	281.111633	1.057014	-0.005854	53
2423.389184	281.069855	1.057236	-0.005972	55
2425.406464	281.131866	1.056531	-0.005653	57
2427.424000	281.135986	1.056293	-0.005543	59
2429.441536	281.109589	1.055958	-0.005723	61
2431.458560	281.125549	1.056015	-0.005786	63
2433.476096	281.131378	1.055614	-0.005746	65
2435.493376	281.101624	1.055449	-0.005908	67
2437.510912	281.115570	1.054400	-0.006185	69
2439.528192	281.110626	1.055174	-0.005915	71
2441.545728	281.117371	1.054753	-0.005925	73
2443.563264	281.118408	1.053992	-0.005757	75
2445.580544	281.124939	1.053739	-0.005843	77
2447.597824	281.124146	1.053819	-0.005834	79
2449.615360	281.108032	1.052781	-0.005974	81
2451.632896	281.144135	1.052976	-0.005966	83
2453.650176	281.129456	1.056212	-0.006298	85
2455.667968	281.143646	1.056426	-0.006286	87
2457.685248	281.134186	1.056455	-0.006227	89
2459.703040	281.136261	1.056392	-0.006302	91
2461.720320	281.165131	1.055187	-0.006152	93
2463.737856	281.156860	1.056017	-0.006191	95
2465.755392	281.133698	1.055017	-0.006113	97
2467.773184	281.121704	1.055021	-0.006489	99
2469.790464	281.163483	1.055723	-0.006397	101
2471.808256	281.160767	1.054832	-0.006406	103
2473.825536	281.137634	1.054317	-0.006535	105
2475.843072	281.188599	1.055027	-0.006641	107
2477.860608	281.176605	1.054904	-0.006528	109
2479.878144	281.160522	1.055248	-0.006551	111
2481.895424	281.187134	1.055347	-0.006635	113
2483.913216	281.191650	1.055316	-0.006602	115
2485.930752	281.181549	1.054919	-0.006669	117
2487.948288	281.173065	1.055310	-0.006564	119
2489.965824	281.160583	1.055642	-0.006636	121
2491.983360	281.185333	1.054861	-0.006660	123
2494.001152	281.168457	1.055915	-0.006709	125
2496.018432	281.208588	1.055085	-0.006466	127
2498.035968	281.207703	1.054975	-0.006447	129
2500.053504	281.182190	1.055772	-0.006634	131
2502.071040	281.195190	1.055760	-0.006464	133
2504.088576	281.196625	1.057235	-0.006844	135
2506.105856	281.214050	1.056176	-0.006621	137
2508.123392	281.177826	1.055911	-0.006826	139
2510.140672	281.159576	1.055032	-0.006829	141
2512.158464	281.184509	1.054504	-0.006603	143
2514.175488	281.199432	1.054986	-0.006543	145
2516.193024	281.220245	1.055624	-0.006373	147
2518.210304	281.184204	1.054477	-0.006595	149
2520.227840	281.201630	1.054610	-0.006684	151
2522.245120	281.215973	1.054912	-0.006522	153
2524.262656	281.220490	1.055093	-0.006411	155
2526.280192	281.178284	1.056596	-0.006716	157
2528.297472	281.193481	1.055904	-0.006635	159
2530.314496	281.225067	1.053923	-0.006616	161
2532.332032	281.218231	1.054833	-0.006768	163
2534.349312	281.213135	1.053579	-0.006778	165
2536.367104	281.259827	1.053541	-0.006613	167
2538.385152	281.254089	1.055421	-0.006635	169
2540.402432	281.250275	1.055455	-0.006758	171
2542.420224	281.218231	1.055325	-0.006522	173
2544.437760	281.243988	1.054892	-0.006694	175
2546.455040	281.238678	1.054924	-0.006792	177
2548.472576	281.244263	1.053815	-0.006529	179
2550.489856	281.278625	1.052929	-0.006229	181
2552.507648	281.273193	1.054671	-0.006141	183
2554.525440	281.263367	1.055146	-0.006337	185
2556.542720	281.261078	1.054172	-0.006183	187
2558.560256	281.293701	1.055871	-0.006213	189
2560.577536	281.255920	1.055038	-0.006508	191
2562.595072	281.278259	1.054170	-0.006382	193
2564.612864	281.298645	1.054896	-0.006179	195
2566.630400	281.301392	1.054470	-0.006211	197
2568.647680	281.314178	1.055140	-0.005967	199
2570.665216	281.328064	1.055358	-0.006155	201
2572.682752	281.321808	1.055720	-0.006107	203
2574.700032	281.308807	1.055296	-0.006172	205
2576.717824	281.313446	1.055569	-0.006045	207
2578.734848	281.309479	1.056985	-0.006316	209
2580.752896	281.311920	1.056988	-0.006138	211
2582.769920	281.336609	1.058328	-0.006275	213
2584.787456	281.278076	1.058513	-0.006395	215
2586.804992	281.332367	1.058329	-0.006331	217
2588.822272	281.301392	1.057593	-0.006542	219
2590.839808	281.323975	1.055826	-0.006307	221
2592.857600	281.320892	1.056492	-0.006406	223
2594.874880	281.343994	1.055746	-0.005936	225
2596.892160	281.337494	1.055794	-0.006181	227
2598.909440	281.359741	1.057009	-0.005781	229
2600.926976	281.309387	1.057622	-0.006081	231
2602.944256	281.347687	1.058373	-0.006036	233
2604.961792	281.339569	1.057840	-0.005900	235
2606.979072	281.347961	1.057599	-0.005860	237
2608.996608	281.345673	1.056744	-0.006037	239
2611.014144	281.353546	1.055850	-0.005924	241
2613.031680	281.316223	1.056510	-0.006003	243
2615.049216	281.321381	1.056656	-0.006024	245
2617.066752	281.361298	1.056067	-0.006053	247
2619.084032	281.347992	1.056332	-0.006143	249
2621.101568	281.361603	1.056825	-0.006037	251
2623.119104	281.354218	1.057049	-0.006239	253
2625.136384	281.369598	1.056769	-0.006270	255
2627.153920	281.386475	1.055785	-0.006129	1
2629.171712	281.373047	1.057352	-0.006005	3
2631.189248	281.353760	1.056674	-0.005940	5
2633.206784	281.374573	1.057183	-0.006108	7
2635.224320	281.353699	1.056671	-0.006100	9
2637.241856	281.384674	1.056956	-0.005989	11
2639.259392	281.382202	1.057151	-0.006106	13
2641.276928	281.369232	1.057263	-0.006038	15
2643.294464	281.386047	1.057321	-0.006324	17
2645.312000	281.368958	1.056701	-0.006329	19
2647.329536	281.376526	1.056977	-0.006220	21
2649.346816	281.362946	1.056559	-0.006526	23
2651.364608	281.387543	1.056647	-0.006386	25
2653.382144	281.376160	1.056980	-0.006407	27
2655.399680	281.385376	1.056909	-0.006335	29
2657.417216	281.369202	1.056688	-0.006522	31
2659.435008	281.370850	1.056395	-0.006560	33
2661.452288	281.361053	1.055913	-0.006390	35
2663.469824	281.415833	1.056635	-0.006585	37
2665.487104	281.382355	1.055395	-0.006580	39
2667.504640	281.404144	1.055406	-0.006310	41
2669.522176	281.397156	1.055035	-0.006153	43
2671.539712	281.372375	1.055714	-0.006414	45
2673.557248	281.399384	1.054969	-0.006671	47
2675.574528	281.398956	1.056026	-0.006789	49
2677.591808	281.416382	1.055450	-0.006738	51
2679.609344	281.367950	1.055491	-0.006557	53
2681.626624	281.383423	1.054168	-0.006667	55
2683.644160	281.398041	1.054559	-0.006632	57
2685.661696	281.413666	1.055132	-0.006795	59
2687.678976	281.392303	1.056415	-0.006897	61
2689.696768	281.370819	1.057156	-0.006798	63
2691.714048	281.388184	1.057425	-0.006893	65
2693.731584	281.399200	1.056876	-0.006906	67
2695.748864	281.413147	1.056813	-0.007139	69
2697.766400	281.356476	1.055678	-0.007026	71
2699.783680	281.358582	1.055903	-0.007141	73
2701.801216	281.360138	1.055798	-0.007328	75
2703.818496	281.366516	1.056205	-0.007535	77
2705.836032	281.400726	1.055476	-0.007528	79
2707.853312	281.380188	1.055577	-0.007580	81
2709.871104	281.365295	1.056470	-0.007438	83
2711.888640	281.381226	1.055891	-0.007408	85
2713.905920	281.351929	1.056909	-0.007429	87
2715.923712	281.364868	1.056267	-0.007514	89
2717.941248	281.381012	1.055608	-0.007434	91
2719.958784	281.353485	1.056114	-0.007597	93
2721.976064	281.349884	1.056633	-0.007679	95
2723.993600	281.343842	1.057200	-0.007560	97
2726.011392	281.388794	1.055784	-0.007592	99
2728.028928	281.369751	1.056316	-0.007815	101
2730.046208	281.413208	1.056667	-0.007362	103
2732.063744	281.378784	1.055609	-0.007177	105
2734.081024	281.392029	1.056709	-0.007404	107
2736.098560	281.401245	1.056154	-0.007419	109
2738.116352	281.384583	1.056577	-0.007382	111
2740.133632	281.431427	1.058303	-0.007321	113
2742.151424	281.421600	1.058235	-0.007539	115
2744.168704	281.378296	1.058353	-0.007530	117
2746.186240	281.413544	1.057869	-0.007528	119
2748.203776	281.379242	1.059115	-0.007703	121
2750.221056	281.435913	1.057766	-0.007566	123
2752.238592	281.371216	1.058208	-0.007692	125
2754.255872	281.399597	1.058299	-0.007525	127
2756.273408	281.370667	1.056984	-0.007681	129
2758.290688	281.388367	1.055516	-0.007642	131
2760.308480	281.411987	1.055506	-0.007527	133
2762.325760	281.394653	1.055605	-0.007310	135
2764.343296	281.357422	1.055925	-0.007597	137
2766.360576	281.359924	1.056593	-0.007884	139
2768.378112	281.340454	1.056402	-0.007871	141
2770.395392	281.340607	1.056835	-0.008347	143
2772.413184	281.353149	1.056982	-0.008088	145
2774.430464	281.346588	1.056107	-0.008150	147
2776.448000	281.349182	1.055436	-0.007889	149
2778.465280	281.371582	1.055085	-0.008022	151
2780.482560	281.374237	1.055262	-0.007751	153
2782.500096	281.362152	1.055911	-0.007865	155
2784.517632	281.368103	1.056500	-0.007876	157
2786.535168	281.376434	1.055318	-0.007821	159
2788.552960	281.383789	1.056046	-0.007733	161
2790.570240	281.362091	1.055779	-0.007668	163
2792.587776	281.390137	1.054207	-0.007952	165
2794.605312	281.395905	1.055739	-0.007931	167
2796.622592	281.395111	1.055079	-0.007811	169
2798.640128	281.428955	1.055255	-0.007695	171
2800.657408	281.427673	1.054465	-0.007442	173
2802.674944	281.442352	1.056127	-0.007486	175
2804.692224	281.421478	1.056439	-0.007294	177
2806.710016	281.405823	1.054878	-0.007337	179
2808.727552	281.414429	1.054852	-0.007350	181
2810.744832	281.414886	1.055253	-0.007684	183
2812.762624	281.427368	1.053932	-0.007647	185
2814.780160	281.427521	1.053401	-0.007641	187
2816.797952	281.430634	1.053833	-0.007642	189
2818.815232	281.395355	1.054177	-0.007681	191
2820.832768	281.443054	1.054354	-0.007647	193
2822.850304	281.439484	1.054165	-0.007528	195
2824.867840	281.422516	1.055238	-0.007659	197
2826.885120	281.419495	1.054743	-0.007825	199
2828.902400	281.394440	1.055247	-0.007928	201
2830.920192	281.380127	1.056943	-0.008320	203
2832.937472	281.415710	1.057641	-0.008162	205
2834.955008	281.409485	1.058750	-0.008108	207
2836.972032	281.423309	1.057849	-0.007991	209
2838.989824	281.388641	1.057347	-0.008057	211
2841.007104	281.389221	1.056522	-0.008079	213
2843.024640	281.384918	1.056487	-0.008685	215
2845.042176	281.417633	1.055679	-0.008397	217
2847.059712	281.415894	1.055771	-0.008418	219
2849.076992	281.418976	1.053991	-0.007987	221
2851.094272	281.418671	1.054447	-0.008232	223
2853.111808	281.405823	1.054602	-0.008194	225
2855.129344	281.396454	1.054773	-0.008077	227
2857.146624	281.405457	1.055312	-0.008027	229
2859.164160	281.401642	1.055301	-0.008072	231
2861.181696	281.413605	1.054970	-0.008152	233
2863.198976	281.404022	1.054702	-0.008234	235
2865.216512	281.386383	1.055477	-0.008024	237
2867.233792	281.395599	1.054778	-0.008228	239
2869.251584	281.419373	1.054576	-0.007848	241
2871.269120	281.424255	1.053613	-0.007866	243
2873.286400	281.417419	1.053874	-0.007686	245
2875.303936	281.389832	1.053896	-0.007881	247
2877.321472	281.401733	1.054225	-0.008010	249
2879.338752	281.413391	1.053739	-0.008226	251
2881.356544	281.423584	1.054578	-0.008293	253
2883.373824	281.419525	1.054192	-0.008041	255
2885.391360	281.394531	1.054379	-0.008263	1
2887.408896	281.397888	1.054620	-0.008161	3
2889.426432	281.437042	1.053965	-0.008191	5
2891.443712	281.392242	1.054884	-0.008274	7
2893.461248	281.402527	1.054292	-0.008018	9
2895.478528	281.396820	1.055410	-0.008162	11
2897.496320	281.394501	1.054404	-0.008357	13
2899.513600	281.401825	1.054623	-0.008312	15
2901.531392	281.391357	1.056570	-0.008285	17
2903.548672	281.398071	1.056139	-0.008241	19
2905.566208	281.385284	1.056825	-0.008367	21
2907.583744	281.421692	1.057477	-0.008225	23
2909.601536	281.404907	1.057942	-0.008153	25
2911.618816	281.403809	1.059097	-0.008253	27
2913.636096	281.393188	1.059377	-0.008240	29
2915.653888	281.386322	1.057627	-0.008185	31
2917.671168	281.422913	1.057268	-0.007918	33
2919.688704	281.367096	1.056453	-0.008004	35
2921.705984	281.395630	1.055960	-0.007941	37
2923.723520	281.376984	1.055853	-0.007733	39
2925.740800	281.382965	1.055275	-0.007777	41
2927.758336	281.397369	1.054778	-0.007972	43
2929.775872	281.398254	1.055136	-0.007725	45
2931.793152	281.342316	1.055537	-0.007694	47
2933.810944	281.394043	1.055201	-0.007640	49
2935.828224	281.352112	1.054842	-0.007945	51
2937.845760	281.367065	1.054109	-0.008013	53
2939.863296	281.390259	1.053347	-0.008122	55
2941.880832	281.402496	1.053165	-0.007909	57
2943.898112	281.387024	1.052704	-0.007892	59
2945.915392	281.371338	1.052871	-0.008266	61
2947.932928	281.385742	1.053437	-0.008462	63
2949.950464	281.404297	1.052596	-0.008159	65
2951.968000	281.385773	1.052626	-0.008055	67
2953.985280	281.391785	1.054060	-0.007937	69
2956.002816	281.380402	1.054967	-0.007895	71
2958.020608	281.412079	1.055982	-0.007808	73
2960.037888	281.388336	1.056088	-0.007656	75
2962.055680	281.400879	1.054650	-0.007762	77
2964.072960	281.398010	1.053461	-0.007714	79
2966.090496	281.406250	1.053938	-0.007720	81
2968.108032	281.428223	1.053771	-0.007498	83
2970.125568	281.429718	1.054359	-0.007538	85
2972.142848	281.401764	1.054484	-0.007189	87
2974.160384	281.429108	1.054866	-0.007366	89
2976.177920	281.393555	1.055934	-0.007356	91
2978.195456	281.428650	1.056201	-0.007367	93
2980.212992	281.399017	1.055154	-0.007550	95
2982.230528	281.397888	1.056822	-0.007556	97
2984.247808	281.369080	1.056257	-0.007705	99
2986.265344	281.386475	1.055881	-0.007841	101
2988.282880	281.381378	1.056332	-0.007643	103
2990.300416	281.431366	1.055138	-0.007587	105
2992.317696	281.432770	1.055996	-0.007327	107
2994.334976	281.425598	1.055220	-0.007460	109
2996.352256	281.413788	1.055125	-0.007301	111
2998.369792	281.429657	1.054679	-0.007266	113
3000.387328	281.428558	1.055503	-0.006978	115
3002.404608	281.439148	1.055773	-0.007033	117
3004.422144	281.464081	1.055404	-0.007261	119
3006.439680	281.444458	1.054620	-0.006839	121
3008.456960	281.428772	1.055228	-0.007050	123
3010.474496	281.398376	1.055670	-0.007139	125
3012.491520	281.395050	1.055167	-0.007278	127
3014.509312	281.421021	1.054906	-0.007310	129
3016.526592	281.426117	1.056460	-0.007177	131
3018.544384	281.384766	1.054850	-0.007413	133
3020.561408	281.400238	1.054556	-0.007470	135
3022.579200	281.440552	1.054074	-0.007432	137
3024.596480	281.428406	1.055401	-0.007508	139
3026.614272	281.403015	1.054670	-0.007542	141
3028.631808	281.398956	1.055334	-0.007505	143
3030.649344	281.442078	1.053944	-0.006969	145
3032.666624	281.421631	1.054337	-0.006869	147
3034.684160	281.414093	1.053910	-0.007194	149
3036.701440	281.385315	1.053310	-0.007380	151
3038.718976	281.433319	1.054579	-0.007474	153
3040.736512	281.410950	1.055384	-0.007395	155
3042.754048	281.383301	1.055698	-0.007554	157
3044.771328	281.412415	1.054979	-0.007944	159
3046.789376	281.409485	1.055203	-0.007769	161
3048.806400	281.417267	1.055488	-0.007843	163
3050.824192	281.449066	1.055034	-0.007853	165
3052.841216	281.389374	1.055677	-0.008127	167
3054.859008	281.422119	1.055093	-0.008115	169
3056.876288	281.391510	1.054241	-0.008235	171
3058.894080	281.398743	1.053835	-0.008197	173
3060.911360	281.388947	1.053168	-0.008259	175
3062.928896	281.400055	1.053880	-0.008463	177
3064.946432	281.364838	1.054192	-0.008304	179
3066.963712	281.426910	1.054110	-0.008260	181
3068.981248	281.409210	1.053356	-0.007883	183
3070.998784	281.409576	1.053411	-0.007994	185
3073.016064	281.410492	1.053538	-0.007594	187
3075.033600	281.438599	1.054667	-0.007646	189
3077.050880	281.406342	1.053825	-0.007532	191
3079.068416	281.430847	1.054662	-0.007647	193
3081.086208	281.429596	1.055479	-0.007430	195
3083.103488	281.438202	1.053462	-0.007193	197
3085.120768	281.447906	1.053766	-0.007233	199
3087.138304	281.436981	1.053711	-0.007315	201
3089.155584	281.427246	1.054549	-0.007346	203
3091.173376	281.457977	1.056422	-0.007393	205
3093.190400	281.447510	1.056005	-0.007482	207
3095.208192	281.408966	1.056792	-0.007514	209
3097.225472	281.421417	1.056741	-0.007159	211
3099.242752	281.467621	1.057166	-0.007292	213
3101.260288	281.446411	1.057602	-0.007525	215
3103.277568	281.441864	1.057396	-0.007509	217
3105.295104	281.434753	1.056726	-0.007487	219
3107.312384	281.457275	1.056104	-0.007588	221
3109.329920	281.471985	1.056885	-0.007694	223
3111.347456	281.431854	1.057158	-0.007572	225
3113.364992	281.440521	1.057247	-0.007660	227
3115.382272	281.452637	1.055411	-0.007685	229
3117.399808	281.421509	1.055212	-0.007894	231
3119.417344	281.450836	1.053927	-0.007756	233
3121.434624	281.437958	1.054217	-0.008014	235
3123.452160	281.415649	1.054413	-0.008079	237
3125.469952	281.467529	1.054280	-0.007928	239
3127.487488	281.431396	1.054352	-0.007836	241
3129.505024	281.460571	1.053686	-0.007602	243
3131.522560	281.468231	1.054997	-0.007433	245
3133.539840	281.470520	1.054795	-0.007401	247
3135.557120	281.488007	1.055737	-0.007495	249
3137.574912	281.492249	1.054303	-0.007451	251
3139.592448	281.470337	1.054556	-0.007261	253
3141.610240	281.522614	1.054961	-0.007138	255
3143.627520	281.511139	1.054547	-0.007112	1
3145.645056	281.526428	1.055815	-0.006982	3
3147.662592	281.513855	1.056337	-0.007021	5
3149.680384	281.520844	1.056901	-0.007003	7
3151.697664	281.549591	1.057123	-0.006894	9
3153.715200	281.530365	1.058325	-0.006752	11
3155.732480	281.518188	1.057872	-0.006705	13
3157.750016	281.527802	1.057852	-0.006844	15
3159.767552	281.556335	1.058180	-0.006692	17
3161.785088	281.588318	1.057378	-0.006826	19
3163.802368	281.569031	1.056571	-0.006713	21
3165.819904	281.570038	1.056467	-0.006662	23
3167.837440	281.571655	1.056730	-0.006983	25
3169.854720	281.591431	1.057057	-0.007012	27
3171.872000	281.569977	1.057943	-0.007192	29
3173.889536	281.542419	1.058168	-0.007406	31
3175.907072	281.545563	1.057101	-0.007526	33
3177.924608	281.555237	1.057177	-0.007562	35
3179.941888	281.522156	1.056748	-0.007524	37
3181.959424	281.536987	1.054304	-0.007481	39
3183.976960	281.561676	1.056019	-0.007699	41
3185.994240	281.523468	1.055053	-0.007779	43
3188.012032	281.532074	1.056230	-0.007714	45
3190.029312	281.558502	1.056563	-0.007757	47
3192.046848	281.526550	1.056060	-0.007659	49
3194.064384	281.564178	1.057261	-0.007629	51
3196.081920	281.565247	1.057974	-0.007615	53
3198.098944	281.555328	1.057605	-0.007631	55
3200.116480	281.594391	1.057999	-0.007587	57
3202.133760	281.565369	1.059157	-0.007502	59
3204.151552	281.526062	1.058955	-0.008077	61
3206.169088	281.533691	1.057758	-0.007847	63
3208.186368	281.538635	1.056326	-0.007919	65
3210.203904	281.518616	1.055328	-0.007985	67
3212.221184	281.557800	1.055330	-0.007519	69
3214.238976	281.569916	1.054665	-0.007464	71
3216.256256	281.578735	1.054230	-0.007690	73
3218.274304	281.580688	1.054252	-0.007787	75
3220.291584	281.541107	1.054165	-0.007730	77
3222.308864	281.576904	1.055492	-0.007710	79
3224.326656	281.597015	1.055775	-0.007514	81
3226.344192	281.570129	1.056184	-0.007792	83
3228.361472	281.571838	1.056759	-0.007632	85
3230.379008	281.528473	1.054843	-0.007701	87
3232.396544	281.536560	1.054603	-0.007696	89
3234.413824	281.550873	1.054940	-0.007703	91
3236.431872	281.544739	1.053914	-0.007847	93
3238.449152	281.554352	1.053800	-0.007552	95
3240.466432	281.565735	1.054059	-0.007467	97
3242.483968	281.570740	1.054443	-0.007557	99
3244.501504	281.574707	1.054032	-0.007397	101
3246.518784	281.550323	1.055340	-0.007504	103
3248.536064	281.579559	1.055701	-0.007337	105
3250.553600	281.608185	1.056040	-0.007443	107
3252.571136	281.564362	1.055483	-0.007431	109
3254.588416	281.535156	1.055611	-0.007490	111
3256.605696	281.531219	1.055256	-0.007619	113
3258.623232	281.563965	1.054589	-0.007546	115
3260.640768	281.594299	1.054866	-0.007333	117
3262.658304	281.572296	1.055489	-0.007718	119
3264.675584	281.566132	1.055300	-0.007694	121
3266.692864	281.576599	1.055943	-0.007641	123
3268.710400	281.589691	1.056128	-0.007483	125
3270.727936	281.572113	1.058372	-0.007481	127
3272.745216	281.541656	1.059770	-0.007517	129
3274.762752	281.562958	1.059687	-0.007674	131
3276.780032	281.566772	1.057343	-0.007403	133
3278.797568	281.541382	1.057249	-0.007598	135
3280.815104	281.578369	1.057528	-0.007647	137
3282.832640	281.549194	1.055757	-0.007419	139
3284.850432	281.574799	1.056499	-0.007634	141
3286.867712	281.559326	1.055553	-0.007538	143
3288.885248	281.552277	1.055851	-0.007670	145
3290.902784	281.558228	1.056320	-0.007718	147
3292.920320	281.543610	1.056283	-0.007677	149
3294.937856	281.566528	1.056981	-0.007702	151
3296.955392	281.556610	1.057093	-0.007510	153
3298.972672	281.551025	1.056698	-0.007984	155
3300.990208	281.521027	1.057155	-0.008057	157
3303.007744	281.527771	1.055920	-0.007863	159
3305.025792	281.503967	1.056195	-0.008231	161
3307.043072	281.576630	1.055794	-0.007975	163
3309.060608	281.553955	1.056894	-0.007799	165
3311.077888	281.551514	1.057243	-0.007871	167
3313.095424	281.554596	1.059216	-0.007926	169
3315.113216	281.576416	1.059642	-0.007806	171
3317.130752	281.554413	1.059789	-0.007898	173
3319.148032	281.537170	1.059488	-0.007938	175
3321.165568	281.555450	1.057565	-0.007928	177
3323.183104	281.544525	1.057512	-0.007721	179
3325.200384	281.519836	1.057336	-0.007929	181
3327.217920	281.559937	1.058240	-0.007863	183
3329.235456	281.553009	1.058268	-0.007772	185
3331.252736	281.543762	1.060086	-0.007913	187
3333.270016	281.516418	1.059662	-0.007807	189
3335.287552	281.509216	1.060613	-0.007941	191
3337.305088	281.500610	1.058850	-0.008134	193
3339.322624	281.562744	1.058446	-0.008160	195
3341.339904	281.536804	1.055952	-0.007838	197
3343.357440	281.519440	1.054091	-0.007922	199
3345.374976	281.521576	1.054225	-0.007927	201
3347.392512	281.541962	1.055507	-0.007843	203
3349.409536	281.524963	1.056040	-0.007657	205
3351.427072	281.569397	1.056862	-0.007540	207
3353.444608	281.582947	1.056224	-0.007362	209
3355.461888	281.572540	1.054912	-0.007257	211
3357.479168	281.557190	1.056411	-0.007451	213
3359.496704	281.536804	1.056749	-0.007454	215
3361.514496	281.549988	1.055730	-0.007773	217
3363.531776	281.544861	1.055799	-0.007436	219
3365.549568	281.541687	1.055577	-0.007663	221
3367.567104	281.546509	1.054570	-0.007623	223
3369.584640	281.564545	1.054781	-0.007630	225
3371.602176	281.568359	1.055813	-0.007588	227
3373.619712	281.587067	1.055058	-0.007317	229
3375.636992	281.588165	1.054581	-0.007219	231
3377.654784	281.569458	1.054979	-0.007636	233
3379.672320	281.557953	1.055792	-0.007625	235
3381.689600	281.594482	1.055444	-0.007216	237
3383.706880	281.598877	1.056245	-0.007182	239
3385.724672	281.615021	1.056592	-0.007471	241
3387.741952	281.605652	1.056609	-0.007371	243
3389.759744	281.608124	1.058159	-0.007301	245
3391.777280	281.589600	1.057769	-0.007577	247
3393.794816	281.572174	1.056876	-0.007593	249
3395.812096	281.590393	1.058046	-0.007390	251
3397.829632	281.569641	1.056889	-0.007264	253
3399.846656	281.588135	1.057077	-0.007283	255
3401.864192	281.600525	1.056505	-0.007055	1
3403.881984	281.596313	1.058039	-0.007415	3
3405.899264	281.555969	1.057989	-0.007630	5
3407.916800	281.553711	1.057977	-0.007790	7
3409.934336	281.571655	1.057202	-0.007709	9
3411.951872	281.571930	1.056633	-0.007782	11
3413.969152	281.593048	1.058021	-0.007681	13
3415.986176	281.624084	1.057471	-0.007642	15
3418.003712	281.620026	1.057255	-0.007363	17
3420.021248	281.611969	1.057458	-0.007139	19
3422.038528	281.630737	1.057789	-0.007073	21
3424.056064	281.626099	1.055513	-0.007026	23
3426.073600	281.599884	1.056000	-0.007272	25
3428.091136	281.610046	1.056211	-0.007316	27
3430.108416	281.659698	1.056323	-0.007162	29
3432.125696	281.634247	1.056628	-0.007120	31
3434.143232	281.635132	1.057269	-0.007510	33
3436.160512	281.606323	1.056318	-0.007490	35
3438.178048	281.660431	1.055436	-0.007595	37
3440.195584	281.622589	1.055824	-0.007611	39
3442.213376	281.615540	1.056136	-0.007584	41
3444.230912	281.615387	1.056137	-0.007540	43
3446.248192	281.638519	1.055555	-0.007843	45
3448.265728	281.608185	1.054895	-0.007670	47
3450.283264	281.611511	1.055859	-0.007720	49
3452.300800	281.612427	1.057123	-0.007734	51
3454.318336	281.619446	1.057947	-0.007935	53
3456.335872	281.624054	1.057309	-0.007819	55
3458.353408	281.609833	1.056444	-0.007463	57
3460.370944	281.643951	1.056095	-0.007451	59
3462.388736	281.640167	1.055835	-0.007116	61
3464.406016	281.673035	1.056109	-0.007311	63
3466.423552	281.666077	1.057144	-0.007321	65
3468.441088	281.694946	1.057583	-0.006899	67
3470.458368	281.696289	1.057647	-0.006934	69
3472.476160	281.677246	1.058186	-0.007043	71
3474.493696	281.684479	1.059342	-0.006846	73
3476.511232	281.707367	1.059068	-0.007140	75
3478.528512	281.658844	1.058340	-0.007229	77
3480.546048	281.689911	1.058159	-0.007293	79
3482.563584	281.686035	1.057608	-0.007444	81
3484.581120	281.697113	1.057112	-0.007159	83
3486.598400	281.700470	1.056929	-0.007343	85
3488.615936	281.706390	1.057483	-0.007057	87
3490.633216	281.686859	1.057567	-0.007297	89
3492.650752	281.685425	1.057961	-0.007341	91
3494.668032	281.688568	1.057132	-0.007365	93
3496.685312	281.732666	1.055835	-0.007022	95
3498.702848	281.705475	1.054490	-0.007244	97
3500.720128	281.700134	1.054174	-0.007127	99
3502.737664	281.730133	1.055151	-0.006978	101
3504.755200	281.706726	1.055281	-0.007063	103
3506.772480	281.734406	1.055600	-0.007117	105
3508.790272	281.721405	1.055892	-0.007230	107
3510.807552	281.689423	1.056215	-0.007559	109
3512.825088	281.723358	1.055868	-0.007786	111
3514.842368	281.718079	1.055638	-0.007574	113
3516.859904	281.714935	1.055017	-0.007454	115
3518.877440	281.744385	1.056023	-0.007303	117
3520.894976	281.714600	1.055593	-0.007307	119
3522.912512	281.713348	1.055354	-0.007404	121
3524.929792	281.724396	1.056046	-0.007301	123
3526.947328	281.694031	1.055178	-0.007233	125
3528.964352	281.735291	1.054466	-0.006870	127
3530.982144	281.721863	1.054284	-0.006992	129
3532.999680	281.711884	1.054035	-0.006986	131
3535.017216	281.720917	1.055865	-0.007050	133
3537.034240	281.734528	1.055712	-0.006726	135
3539.051776	281.706909	1.054814	-0.006692	137
3541.069056	281.721191	1.054925	-0.006801	139
3543.086592	281.752014	1.056383	-0.006877	141
3545.104128	281.762634	1.055844	-0.006606	143
3547.121408	281.723724	1.054639	-0.006874	145
3549.139712	281.739075	1.055592	-0.006931	147
3551.157248	281.753265	1.059126	-0.007210	149
3553.174784	281.754761	1.059116	-0.007038	151
3555.192576	281.746338	1.058595	-0.007119	153
3557.209856	281.714661	1.057507	-0.007144	155
3559.227648	281.744659	1.057411	-0.007301	157
3561.245184	281.702728	1.058030	-0.007271	159
3563.262464	281.715637	1.058651	-0.007554	161
3565.279744	281.710022	1.059538	-0.007706	163
3567.297024	281.754028	1.058584	-0.007302	165
3569.314560	281.724762	1.057709	-0.007161	167
3571.331840	281.719513	1.058164	-0.007502	169
3573.349120	281.715759	1.058395	-0.007553	171
3575.366656	281.704865	1.058038	-0.007603	173
3577.384192	281.704956	1.056371	-0.007403	175
3579.401728	281.714050	1.056365	-0.007590	177
3581.419264	281.733582	1.056326	-0.007428	179
3583.436544	281.735718	1.056525	-0.007610	181
3585.454080	281.725342	1.055322	-0.007555	183
3587.471360	281.745728	1.056133	-0.007450	185
3589.488896	281.740448	1.055807	-0.007664	187
3591.506432	281.757080	1.055711	-0.007458	189
3593.523712	281.698120	1.055499	-0.007640	191
3595.541248	281.769867	1.056668	-0.007717	193
3597.558784	281.757904	1.056409	-0.007634	195
3599.576320	281.749420	1.056704	-0.007719	197
3601.593600	281.766144	1.055883	-0.007683	199
3603.610880	281.739594	1.054139	-0.007928	201
3605.628672	281.723663	1.054116	-0.007833	203
3607.645952	281.752380	1.054407	-0.007607	205
3609.663488	281.778229	1.055136	-0.007989	207
3611.681024	281.746307	1.055019	-0.007856	209
3613.698304	281.734772	1.054891	-0.007600	211
3615.716096	281.743225	1.055209	-0.007781	213
3617.733632	281.732666	1.054692	-0.007694	215
3619.751168	281.737518	1.054765	-0.007463	217
3621.768704	281.732635	1.054153	-0.007623	219
3623.786240	281.756378	1.054955	-0.007701	221
3625.803776	281.764465	1.055118	-0.007998	223
3627.821056	281.735168	1.055757	-0.008073	225
3629.838592	281.779327	1.057398	-0.008018	227
3631.855872	281.752167	1.058169	-0.008050	229
3633.873408	281.729980	1.058652	-0.008193	231
3635.891200	281.772980	1.058596	-0.008360	233
3637.908480	281.754181	1.058037	-0.008257	235
3639.926016	281.747101	1.058315	-0.008094	237
3641.943552	281.774811	1.059264	-0.008075	239
3643.960832	281.753693	1.060383	-0.008073	241
3645.978368	281.763489	1.060178	-0.008266	243
3647.995904	281.760132	1.059398	-0.008335	245
3650.013440	281.752411	1.059100	-0.008218	247
3652.030976	281.744019	1.058057	-0.008351	249
3654.048256	281.727570	1.056972	-0.008483	251
3656.066048	281.735718	1.056593	-0.008371	253
3658.083328	281.733246	1.055801	-0.008474	255
3660.100608	281.713379	1.056032	-0.008534	1
3662.118144	281.698303	1.056146	-0.008630	3
3664.135424	281.734528	1.056295	-0.008507	5
3666.152704	281.720947	1.055537	-0.008760	7
3668.170240	281.711456	1.055397	-0.008674	9
3670.187520	281.729858	1.055209	-0.008680	11
3672.205056	281.752533	1.055002	-0.008844	13
3674.222592	281.716156	1.054565	-0.008770	15
3676.240128	281.704865	1.054025	-0.008779	17
3678.257664	281.739288	1.054607	-0.008706	19
3680.275200	281.707275	1.054631	-0.009032	21
3682.292736	281.724426	1.054169	-0.008883	23
3684.310272	281.708679	1.053498	-0.009373	25
3686.327552	281.728943	1.054087	-0.009419	27
3688.345344	281.705658	1.053568	-0.009574	29
3690.362624	281.699097	1.052146	-0.009379	31
3692.380160	281.719452	1.051622	-0.009485	33
3694.397952	281.730896	1.053098	-0.009528	35
3696.415232	281.702942	1.052097	-0.009492	37
3698.432768	281.700958	1.054213	-0.009271	39
3700.450304	281.695221	1.055557	-0.009685	41
3702.467840	281.665253	1.055742	-0.009740	43
3704.485120	281.671753	1.054375	-0.009809	45
3706.502656	281.687469	1.054925	-0.010008	47
3708.520192	281.718994	1.055528	-0.009979	49
3710.537728	281.678802	1.056040	-0.010073	51
3712.555264	281.642609	1.054100	-0.010299	53
3714.572544	281.693268	1.053425	-0.010228	55
3716.590336	281.640289	1.054059	-0.010325	57
3718.607616	281.668396	1.054055	-0.010220	59
3720.625152	281.642029	1.055135	-0.010475	61
3722.642432	281.659241	1.054986	-0.010362	63
3724.659968	281.662476	1.056221	-0.010544	65
3726.677248	281.632568	1.053784	-0.010255	67
3728.694784	281.640869	1.053995	-0.010546	69
3730.712064	281.648712	1.054550	-0.010531	71
3732.729600	281.632629	1.054934	-0.010478	73
3734.746880	281.646240	1.054370	-0.010423	75
3736.764416	281.626373	1.054151	-0.010475	77
3738.781952	281.631348	1.053664	-0.010617	79
3740.799488	281.653137	1.053724	-0.010486	81
3742.817280	281.676849	1.054298	-0.010383	83
3744.834304	281.645752	1.054436	-0.010340	85
3746.851840	281.661865	1.055192	-0.010284	87
3748.869120	281.695831	1.055120	-0.010047	89
3750.886656	281.692993	1.056092	-0.010261	91
3752.903936	281.674438	1.058125	-0.010449	93
3754.921472	281.667542	1.057155	-0.010587	95
3756.938752	281.677094	1.057807	-0.010431	97
3758.956544	281.657440	1.056505	-0.010415	99
3760.973824	281.681091	1.056927	-0.010031	101
3762.991360	281.696991	1.056003	-0.009818	103
3765.008640	281.686096	1.058019	-0.009989	105
3767.026176	281.675690	1.058278	-0.010337	107
3769.043456	281.678650	1.056743	-0.010158	109
3771.060992	281.711823	1.056937	-0.010104	111
3773.078784	281.678162	1.056704	-0.010144	113
3775.096064	281.720001	1.056439	-0.010105	115
3777.113600	281.687408	1.056506	-0.010215	117
3779.130880	281.691193	1.056664	-0.010467	119
3781.148160	281.700043	1.056216	-0.010544	121
3783.165952	281.682404	1.055236	-0.010477	123
3785.183232	281.688385	1.054159	-0.010463	125
3787.201024	281.682892	1.054094	-0.010463	127
3789.218560	281.660461	1.053226	-0.010565	129
3791.236096	281.668976	1.054813	-0.010605	131
3793.253632	281.686188	1.055173	-0.010452	133
3795.271168	281.693817	1.055993	-0.010061	135
3797.288704	281.650818	1.056549	-0.010186	137
3799.305984	281.692444	1.057662	-0.010186	139
3801.323520	281.710571	1.057530	-0.009875	141
3803.340800	281.717285	1.057636	-0.009717	143
3805.358080	281.698242	1.058580	-0.009731	145
3807.375616	281.713074	1.058197	-0.010046	147
3809.392896	281.680450	1.056477	-0.009915	149
3811.410432	281.745087	1.056266	-0.009786	151
3813.427968	281.733521	1.056537	-0.009480	153
3815.445248	281.727509	1.055296	-0.009412	155
3817.462784	281.726990	1.054712	-0.009199	157
3819.480064	281.743011	1.053744	-0.008753	159
3821.497600	281.743561	1.053512	-0.008847	161
3823.515392	281.731293	1.053703	-0.008888	163
3825.532672	281.747894	1.052747	-0.008894	165
3827.549952	281.771454	1.052382	-0.008574	167
3829.567488	281.764252	1.052226	-0.008384	169
3831.585024	281.775055	1.052411	-0.008402	171
3833.602816	281.736084	1.053192	-0.008357	173
3835.620096	281.758423	1.053819	-0.008304	175
3837.637632	281.786194	1.054370	-0.008308	177
3839.654656	281.768890	1.054968	-0.008515	179
3841.672192	281.773895	1.054933	-0.008703	181
3843.689728	281.775085	1.053914	-0.008676	183
3845.707264	281.764862	1.053233	-0.008438	185
3847.724544	281.788483	1.052260	-0.008026	187
3849.742336	281.754913	1.052259	-0.007978	189
3851.759616	281.725677	1.051647	-0.008236	191
3853.777152	281.743805	1.052114	-0.007927	193
3855.794688	281.712585	1.052913	-0.008099	195
3857.811968	281.769012	1.052595	-0.008081	197
3859.829760	281.774384	1.053277	-0.008013	199
3861.847552	281.740173	1.054002	-0.007906	201
3863.864832	281.775909	1.053631	-0.008085	203
3865.882368	281.775421	1.054088	-0.008045	205
3867.899648	281.716095	1.055225	-0.008243	207
3869.916928	281.786591	1.054913	-0.008321	209
3871.934720	281.759369	1.054400	-0.008438	211
3873.952256	281.725983	1.053504	-0.008179	213
3875.969536	281.757751	1.053267	-0.008079	215
3877.987072	281.764648	1.053329	-0.008181	217
3880.004608	281.733490	1.053581	-0.008362	219
3882.022144	281.752075	1.054230	-0.008419	221
3884.039680	281.803345	1.054594	-0.008060	223
3886.057216	281.768372	1.054429	-0.007963	225
3888.074496	281.770111	1.055045	-0.007779	227
3890.092032	281.786896	1.054186	-0.007884	229
3892.109568	281.805542	1.055681	-0.007717	231
3894.126848	281.779083	1.054592	-0.007779	233
3896.144384	281.759949	1.055511	-0.007933	235
3898.161920	281.782288	1.054750	-0.007910	237
3900.179456	281.760345	1.054098	-0.007797	239
3902.196736	281.778198	1.053351	-0.007728	241
3904.214016	281.759827	1.053991	-0.007915	243
3906.231552	281.754242	1.054166	-0.008245	245
3908.249088	281.729828	1.054594	-0.007949	247
3910.266624	281.742859	1.055637	-0.008091	249
3912.283904	281.760437	1.055967	-0.008141	251
3914.301440	281.735291	1.056704	-0.008431	253
3916.318720	281.724121	1.055571	-0.008353	255
3918.336256	281.724670	1.055128	-0.008256	1
3920.353792	281.734833	1.055228	-0.008361	3
3922.371328	281.717041	1.055163	-0.008228	5
3924.388608	281.727814	1.054617	-0.008473	7
3926.406144	281.726837	1.055414	-0.008631	9
3928.423680	281.732910	1.056439	-0.008827	11
3930.441216	281.717987	1.055357	-0.008577	13
3932.458496	281.726868	1.055735	-0.008560	15
3934.476032	281.764984	1.055394	-0.008581	17
3936.493824	281.735229	1.055375	-0.008502	19
3938.511360	281.713013	1.055477	-0.008540	21
3940.528896	281.753235	1.054885	-0.008418	23
3942.546432	281.746674	1.056810	-0.008505	25
3944.563968	281.729248	1.055519	-0.008535	27
3946.581504	281.747498	1.054329	-0.008374	29
3948.598784	281.798950	1.054342	-0.008197	31
3950.616320	281.797516	1.053870	-0.007918	33
3952.633856	281.776886	1.054359	-0.007920	35
3954.651392	281.759277	1.055714	-0.008195	37
3956.669184	281.752258	1.055649	-0.008275	39
3958.686720	281.751526	1.055426	-0.008267	41
3960.704000	281.752655	1.055940	-0.008408	43
3962.721536	281.740112	1.055778	-0.008583	45
3964.739072	281.751129	1.055938	-0.008537	47
3966.756608	281.785126	1.055958	-0.008316	49
3968.773888	281.784637	1.055059	-0.008064	51
3970.791424	281.777039	1.053657	-0.008122	53
3972.809216	281.751526	1.053186	-0.008083	55
3974.826496	281.748657	1.053327	-0.008458	57
3976.843776	281.758881	1.054134	-0.008391	59
3978.861312	281.788391	1.054888	-0.008301	61
3980.878848	281.773987	1.054606	-0.008453	63
3982.896128	281.746002	1.054952	-0.008471	65
3984.913408	281.804901	1.054078	-0.008448	67
3986.930944	281.776672	1.054024	-0.008536	69
3988.948224	281.791443	1.054309	-0.008540	71
3990.965760	281.789246	1.053776	-0.008383	73
3992.983296	281.773682	1.055346	-0.008455	75
3995.000320	281.806152	1.055003	-0.008367	77
3997.017600	281.789337	1.055917	-0.008414	79
3999.035392	281.774750	1.055037	-0.008454	81
4001.052928	281.779694	1.055621	-0.008670	83
4003.069952	281.755890	1.055362	-0.008745	85
4005.087744	281.769897	1.054460	-0.008598	87
4007.105024	281.791382	1.054115	-0.008625	89
4009.122560	281.762360	1.054494	-0.008856	91
4011.140352	281.747833	1.053633	-0.008912	93
4013.157888	281.778748	1.053318	-0.008484	95
4015.175168	281.770203	1.054454	-0.008686	97
4017.192960	281.781158	1.054800	-0.008533	99
4019.210240	281.804626	1.055248	-0.008470	101
4021.227520	281.792450	1.053833	-0.008536	103
4023.244800	281.782806	1.053507	-0.008749	105
4025.262336	281.797852	1.053880	-0.008753	107
4027.280128	281.767334	1.052051	-0.009062	109
4029.297408	281.811920	1.051859	-0.008598	111
4031.315200	281.761322	1.052265	-0.008625	113
4033.332992	281.770264	1.054632	-0.008783	115
4035.350272	281.790405	1.056245	-0.008624	117
4037.368064	281.767273	1.056472	-0.008812	119
4039.385344	281.788696	1.057317	-0.008989	121
4041.402880	281.767212	1.057765	-0.009064	123
4043.420160	281.805023	1.057305	-0.008948	125
4045.437440	281.791962	1.057441	-0.009001	127
4047.455232	281.766571	1.056902	-0.009203	129
4049.472768	281.791473	1.055567	-0.008993	131
4051.490304	281.782043	1.054309	-0.008699	133
4053.507328	281.775726	1.055372	-0.008627	135
4055.524864	281.783997	1.054622	-0.008591	137
4057.542400	281.809784	1.055491	-0.008694	139
4059.559936	281.786713	1.055042	-0.008622	141
4061.577216	281.798523	1.055253	-0.008567	143
4063.594752	281.778748	1.055856	-0.008713	145
4065.612032	281.727875	1.055802	-0.008938	147
4067.629568	281.784302	1.055810	-0.008933	149
4069.647104	281.752045	1.055985	-0.009054	151
4071.664640	281.744873	1.055992	-0.009088	153
4073.681920	281.788452	1.055982	-0.009099	155
4075.699712	281.766205	1.054965	-0.008884	157
4077.716992	281.754120	1.055016	-0.008816	159
4079.734528	281.763153	1.056139	-0.008839	161
4081.752064	281.756317	1.054890	-0.008754	163
4083.769344	281.788361	1.055428	-0.008671	165
4085.786368	281.743317	1.055853	-0.008646	167
4087.804160	281.760742	1.055707	-0.008857	169
4089.821696	281.756927	1.054744	-0.008743	171
4091.838976	281.761627	1.056118	-0.008629	173
4093.856512	281.750122	1.056008	-0.008823	175
4095.874048	281.769409	1.055864	-0.008515	177
4097.891584	281.807922	1.056880	-0.008232	179
4099.908864	281.803253	1.056630	-0.007981	181
4101.926400	281.750092	1.057066	-0.008176	183
4103.943680	281.778320	1.057186	-0.008374	185
4105.961216	281.779694	1.057122	-0.008465	187
4107.979008	281.768219	1.056849	-0.008536	189
4109.996032	281.792175	1.057648	-0.008542	191
4112.013568	281.777802	1.057275	-0.008546	193
4114.031360	281.752960	1.056353	-0.008468	195
4116.048640	281.776733	1.054995	-0.008348	197
4118.066432	281.752808	1.054056	-0.008297	199
4120.083712	281.778229	1.055062	-0.008362	201
4122.101248	281.748932	1.054733	-0.008486	203
4124.118784	281.795837	1.054443	-0.008334	205
4126.136320	281.800842	1.055412	-0.008490	207
4128.153856	281.774109	1.055564	-0.008426	209
4130.171136	281.783142	1.055442	-0.008640	211
4132.188672	281.791290	1.055527	-0.008504	213
4134.206208	281.784241	1.054787	-0.008658	215
4136.223744	281.785126	1.054039	-0.008657	217
4138.241024	281.793732	1.054191	-0.008602	219
4140.258560	281.778076	1.053106	-0.008776	221
4142.276096	281.765869	1.053464	-0.008727	223
4144.293632	281.755951	1.053391	-0.009077	225
4146.311168	281.758575	1.052784	-0.008982	227
4148.328704	281.726746	1.052899	-0.009152	229
4150.346240	281.759216	1.052793	-0.009079	231
4152.364032	281.748260	1.054037	-0.009068	233
4154.381312	281.704041	1.054837	-0.009148	235
4156.398592	281.747864	1.054087	-0.008820	237
4158.415872	281.777039	1.053422	-0.008720	239
4160.433408	281.764221	1.052264	-0.008772	241
4162.450944	281.760437	1.052914	-0.008894	243
4164.468480	281.737823	1.052708	-0.009004	245
4166.486016	281.767029	1.053256	-0.008719	247
4168.503552	281.760223	1.054590	-0.009115	249
4170.520832	281.728363	1.053692	-0.009011	251
4172.538112	281.748901	1.054361	-0.008868	253
4174.555904	281.773376	1.055233	-0.008871	255
4176.573184	281.772888	1.056375	-0.009202	1
4178.590464	281.740326	1.054906	-0.009057	3
4180.608000	281.741211	1.054791	-0.009076	5
4182.625536	281.721863	1.055086	-0.009053	7
4184.642816	281.736847	1.055934	-0.008965	9
4186.660352	281.769623	1.055159	-0.008888	11
4188.677888	281.757812	1.055438	-0.008765	13
4190.695168	281.743256	1.055647	-0.008913	15
4192.712704	281.763885	1.055770	-0.008677	17
4194.730240	281.746429	1.055345	-0.009075	19
4196.747520	281.772949	1.055101	-0.008684	21
4198.764800	281.764374	1.055498	-0.008428	23
4200.782592	281.750549	1.054411	-0.008615	25
4202.799872	281.766357	1.054353	-0.008605	27
4204.817408	281.776794	1.055090	-0.008381	29
4206.834944	281.770111	1.054549	-0.008220	31
4208.852480	281.757111	1.054703	-0.007969	33
4210.869760	281.752014	1.054497	-0.008297	35
4212.887296	281.778473	1.054649	-0.008136	37
4214.904832	281.809387	1.053803	-0.007984	39
4216.922368	281.758392	1.053835	-0.008010	41
4218.939904	281.777771	1.053943	-0.008072	43
4220.957440	281.763794	1.053497	-0.007798	45
4222.974720	281.810944	1.053661	-0.007692	47
4224.992256	281.780121	1.053481	-0.007650	49
4227.010048	281.785889	1.052688	-0.007525	51
4229.027328	281.787659	1.053470	-0.007533	53
4231.044864	281.803284	1.052787	-0.007584	55
4233.062144	281.802460	1.053856	-0.007373	57
4235.079680	281.792603	1.054239	-0.007583	59
4237.097216	281.793213	1.053980	-0.007365	61
4239.114496	281.796844	1.054945	-0.007670	63
4241.132288	281.778534	1.056529	-0.007827	65
4243.149568	281.786102	1.056352	-0.007843	67
4245.167104	281.754608	1.056263	-0.007642	69
4247.184384	281.794220	1.055452	-0.007928	71
4249.201920	281.802338	1.054954	-0.007634	73
4251.219456	281.804352	1.054179	-0.007552	75
4253.236992	281.797180	1.053295	-0.007750	77
4255.254272	281.815369	1.054888	-0.007743	79
4257.272064	281.788574	1.054932	-0.007541	81
4259.289344	281.794495	1.054978	-0.007753	83
4261.306880	281.780884	1.055684	-0.007952	85
4263.324416	281.801392	1.055775	-0.007988	87
4265.341696	281.774750	1.054614	-0.008141	89
4267.358976	281.777283	1.055901	-0.008148	91
4269.376256	281.795258	1.055691	-0.008033	93
4271.393792	281.807861	1.057205	-0.008110	95
4273.411328	281.798462	1.056885	-0.008169	97
4275.428608	281.783295	1.056650	-0.008443	99
4277.446144	281.809998	1.057076	-0.008358	101
4279.463424	281.841705	1.055444	-0.007899	103
4281.480960	281.724396	1.055342	-0.008039	105
4283.498496	281.784821	1.054078	-0.008420	107
4285.515776	281.766754	1.055211	-0.008625	109
4287.533312	281.780823	1.054321	-0.008504	111
4289.550848	281.772766	1.054068	-0.008793	113
4291.568384	281.770172	1.053475	-0.008654	115
4293.585920	281.784088	1.053263	-0.008648	117
4295.603200	281.768799	1.053761	-0.008788	119
4297.620480	281.786987	1.053748	-0.008587	121
4299.637760	281.793091	1.055045	-0.008492	123
4301.655552	281.782898	1.054023	-0.008548	125
4303.673344	281.797485	1.053370	-0.008467	127
4305.690624	281.777710	1.054350	-0.008509	129
4307.708416	281.793640	1.056454	-0.008835	131
4309.725696	281.776337	1.056456	-0.008717	133
4311.742976	281.776367	1.056174	-0.008842	135
4313.760768	281.792603	1.056321	-0.008740	137
4315.778048	281.761993	1.055597	-0.008943	139
4317.795328	281.745819	1.054750	-0.008867	141
4319.813120	281.762512	1.054617	-0.009071	143
4321.830400	281.745178	1.055736	-0.009165	145
4323.848192	281.778992	1.055561	-0.009155	147
4325.865984	281.762024	1.054984	-0.009011	149
4327.883264	281.786591	1.054209	-0.008854	151
4329.900544	281.754181	1.054904	-0.009147	153
4331.918336	281.769257	1.053550	-0.009055	155
4333.935616	281.797455	1.053520	-0.008960	157
4335.952896	281.776672	1.053562	-0.008979	159
4337.970176	281.775879	1.053769	-0.008867	161
4339.987968	281.766144	1.054222	-0.008832	163
4342.005760	281.740173	1.054345	-0.008760	165
4344.022528	281.749573	1.055159	-0.009059	167
4346.039808	281.782623	1.055345	-0.008612	169
4348.057600	281.754883	1.055204	-0.008716	171
4350.074880	281.732849	1.055122	-0.009188	173
4352.092672	281.717438	1.054755	-0.009120	175
4354.109952	281.734650	1.054569	-0.008892	177
4356.127232	281.744415	1.055277	-0.008913	179
4358.145024	281.761963	1.054960	-0.008694	181
4360.162304	281.768127	1.055239	-0.008531	183
4362.179584	281.766174	1.055855	-0.008984	185
4364.197376	281.779785	1.057191	-0.008940	187
4366.214656	281.757538	1.057663	-0.009010	189
4368.231936	281.750519	1.056044	-0.008911	191
4370.249728	281.732422	1.055620	-0.009349	193
4372.267008	281.724365	1.055433	-0.009141	195
4374.284288	281.761536	1.055014	-0.008884	197
4376.302080	281.739624	1.055906	-0.008773	199
4378.318848	281.754333	1.057209	-0.008955	201
4380.336640	281.756470	1.055966	-0.009093	203
4382.353920	281.746155	1.055485	-0.009020	205
4384.371712	281.737579	1.055621	-0.008860	207
4386.388992	281.770599	1.056213	-0.008589	209
4388.406272	281.733124	1.055277	-0.008530	211
4390.423552	281.714355	1.054611	-0.008794	213
4392.441344	281.713257	1.051527	-0.008830	215
4394.458624	281.689575	1.050947	-0.008827	217
4396.476928	281.743652	1.052793	-0.008750	219
4398.494208	281.742737	1.054899	-0.008634	221
4400.511488	281.726135	1.055281	-0.008825	223
4402.528768	281.773987	1.056426	-0.008363	225
4404.546560	281.759277	1.056337	-0.008508	227
4406.564352	281.691559	1.055157	-0.008725	229
4408.581632	281.716522	1.053778	-0.008414	231
4410.599424	281.742035	1.054531	-0.008534	233
4412.617216	281.711517	1.052405	-0.008679	235
4414.634496	281.738525	1.053558	-0.009008	237
4416.652288	281.742798	1.053952	-0.008700	239
4418.669568	281.706726	1.053117	-0.008732	241
4420.686848	281.747223	1.053176	-0.008691	243
4422.704640	281.685852	1.054172	-0.008695	245
4424.721920	281.721466	1.054023	-0.008787	247
4426.739712	281.679687	1.054078	-0.008979	249
4428.756992	281.712921	1.054566	-0.008995	251
4430.774272	281.723175	1.054846	-0.008913	253
4432.791552	281.731659	1.054916	-0.008925	255
4434.809344	281.711609	1.055905	-0.008910	1
4436.826624	281.691711	1.057374	-0.009074	3
4438.844416	281.701477	1.057582	-0.009163	5
4440.861696	281.707153	1.057828	-0.009211	7
4442.878976	281.723724	1.057626	-0.009231	9
4444.896256	281.685974	1.057020	-0.009202	11
4446.913536	281.697479	1.057481	-0.009375	13
4448.931328	281.722870	1.056862	-0.008997	15
4450.948608	281.707245	1.057088	-0.009057	17
4452.965888	281.681702	1.057045	-0.008810	19
4454.983680	281.688110	1.056286	-0.009249	21
4457.000448	281.696198	1.054632	-0.008981	23
4459.017728	281.686981	1.054644	-0.008953	25
4461.035520	281.719757	1.055120	-0.008586	27
4463.052800	281.691254	1.054022	-0.008639	29
4465.070592	281.737701	1.053524	-0.008502	31
4467.087872	281.679016	1.053721	-0.008719	33
4469.105152	281.694183	1.053402	-0.008767	35
4471.122944	281.707886	1.053976	-0.008881	37
4473.140224	281.680511	1.053145	-0.009106	39
4475.157504	281.705811	1.052573	-0.009011	41
4477.175808	281.738068	1.052817	-0.008604	43
4479.193088	281.685608	1.052662	-0.008671	45
4481.210368	281.705566	1.054884	-0.008836	47
4483.227648	281.703125	1.053308	-0.008806	49
4485.245440	281.727600	1.053221	-0.008386	51
4487.263232	281.670654	1.052569	-0.008221	53
4489.280000	281.709320	1.052694	-0.008388	55
4491.297792	281.716644	1.053013	-0.008422	57
4493.315584	281.693176	1.052888	-0.008623	59
4495.333376	281.691650	1.053351	-0.008624	61
4497.350656	281.696350	1.053342	-0.008727	63
4499.367936	281.673859	1.054112	-0.008812	65
4501.385728	281.685028	1.054769	-0.008909	67
4503.403520	281.664673	1.053304	-0.008797	69
4505.420800	281.697327	1.052328	-0.008998	71
4507.438592	281.690613	1.053390	-0.008896	73
4509.455872	281.694794	1.053895	-0.008765	75
4511.473152	281.713898	1.054529	-0.008810	77
4513.490432	281.673584	1.052810	-0.008835	79
4515.508224	281.685577	1.052568	-0.008724	81
4517.525504	281.650635	1.054308	-0.008878	83
4519.542784	281.693176	1.053943	-0.008998	85
4521.560064	281.680481	1.053688	-0.008857	87
4523.577344	281.663269	1.053203	-0.009027	89
4525.595648	281.674713	1.053388	-0.009267	91
4527.612416	281.661926	1.054052	-0.009388	93
4529.629696	281.642609	1.054194	-0.009396	95
4531.647488	281.649109	1.054295	-0.009611	97
4533.664768	281.625458	1.053762	-0.009635	99
4535.682048	281.615509	1.054317	-0.009831	101
4537.699328	281.614136	1.053556	-0.009726	103
4539.717120	281.645172	1.052370	-0.009639	105
4541.733888	281.607635	1.053967	-0.009734	107
4543.751680	281.612366	1.052792	-0.009612	109
4545.768960	281.599396	1.051533	-0.009858	111
4547.786240	281.613495	1.051569	-0.009658	113
4549.804032	281.649780	1.050091	-0.009473	115
4551.820800	281.621002	1.051250	-0.009653	117
4553.839104	281.605377	1.052473	-0.009941	119
4555.856384	281.606903	1.051307	-0.009982	121
4557.874176	281.589569	1.051350	-0.010024	123
4559.891456	281.574127	1.051232	-0.009839	125
4561.909248	281.599030	1.052250	-0.009762	127
4563.926528	281.648468	1.051729	-0.009705	129
4565.943808	281.606537	1.051122	-0.009734	131
4567.961600	281.607086	1.051912	-0.009836	133
4569.979392	281.650543	1.052264	-0.009907	135
4571.996672	281.659180	1.052671	-0.009539	137
4574.013952	281.635742	1.054533	-0.009455	139
4576.031744	281.658661	1.053491	-0.009420	141
4578.049536	281.666840	1.053464	-0.009284	143
4580.066816	281.668274	1.052576	-0.009662	145
4582.084608	281.661652	1.053525	-0.009702	147
4584.101888	281.649231	1.055405	-0.009620	149
4586.119168	281.647888	1.055940	-0.009635	151
4588.136960	281.666595	1.056369	-0.009546	153
4590.154240	281.649353	1.055814	-0.009410	155
4592.171520	281.649933	1.057238	-0.009488	157
4594.189312	281.638031	1.056245	-0.009500	159
4596.206592	281.640411	1.055670	-0.009728	161
4598.224384	281.634888	1.056739	-0.009765	163
4600.241664	281.589996	1.054860	-0.009681	165
4602.259456	281.601990	1.054930	-0.009990	167
4604.276736	281.622223	1.054725	-0.009883	169
4606.294016	281.576172	1.054305	-0.010229	171
4608.311296	281.598358	1.053261	-0.010053	173
4610.329088	281.593933	1.053588	-0.010234	175
4612.346368	281.601898	1.053178	-0.010102	177
4614.363648	281.620850	1.052238	-0.009818	179
4616.381440	281.552277	1.051297	-0.009720	181
4618.399232	281.572845	1.051414	-0.009832	183
4620.416000	281.568268	1.052023	-0.009896	185
4622.433792	281.551849	1.052500	-0.010085	187
4624.450560	281.554077	1.052758	-0.010287	189
4626.468352	281.528534	1.051736	-0.010046	191
4628.486144	281.547882	1.053862	-0.009987	193
4630.503424	281.525116	1.052239	-0.010183	195
4632.521216	281.541229	1.053006	-0.010154	197
4634.538496	281.554199	1.053121	-0.010043	199
4636.555776	281.511353	1.052820	-0.010010	201
4638.573568	281.552582	1.052758	-0.010061	203
4640.590848	281.539886	1.053007	-0.010109	205
4642.608128	281.544006	1.053473	-0.010083	207
4644.626432	281.534332	1.053448	-0.010169	209
4646.643712	281.557983	1.055513	-0.010130	211
4648.660992	281.552643	1.054488	-0.009921	213
4650.678272	281.536163	1.054631	-0.009723	215
4652.696064	281.570526	1.054848	-0.009910	217
4654.713344	281.519104	1.056571	-0.010037	219
4656.731136	281.527222	1.055382	-0.010090	221
4658.748928	281.521637	1.055521	-0.010119	223
4660.766208	281.532715	1.054986	-0.010243	225
4662.783488	281.547546	1.056398	-0.010111	227
4664.801280	281.512726	1.057175	-0.010152	229
4666.818560	281.533844	1.055706	-0.010048	231
4668.836352	281.517761	1.055995	-0.009792	233
4670.853632	281.559296	1.055171	-0.009838	235
4672.871424	281.535645	1.054861	-0.009979	237
4674.888704	281.542267	1.054919	-0.009645	239
4676.906496	281.559570	1.056123	-0.009697	241
4678.923776	281.560699	1.056929	-0.009673	243
4680.941056	281.571045	1.057130	-0.009893	245
4682.958848	281.541962	1.056545	-0.009872	247
4684.975616	281.556671	1.056995	-0.009715	249
4686.993408	281.499786	1.055891	-0.009612	251
4689.010688	281.570404	1.055837	-0.009652	253
4691.028480	281.542053	1.054782	-0.009729	255
4693.045760	281.537689	1.055525	-0.009642	1
4695.063040	281.517365	1.055168	-0.009867	3
4697.080320	281.525116	1.055480	-0.009923	5
4699.098112	281.528870	1.056190	-0.009668	7
4701.115392	281.560272	1.055950	-0.009549	9
4703.133184	281.547729	1.056590	-0.009613	11
4705.150464	281.532043	1.056826	-0.009594	13
4707.167744	281.516479	1.055962	-0.009745	15
4709.185024	281.531586	1.055984	-0.009748	17
4711.202816	281.517944	1.057148	-0.009760	19
4713.220096	281.534088	1.056082	-0.009707	21
4715.237888	281.532074	1.054214	-0.009661	23
4717.255168	281.548340	1.053838	-0.009591	25
4719.272448	281.523315	1.052140	-0.009466	27
4721.290240	281.554108	1.052776	-0.009219	29
4723.307520	281.563232	1.054058	-0.009351	31
4725.325312	281.546875	1.053211	-0.009281	33
4727.342592	281.526855	1.052258	-0.009071	35
4729.360384	281.575775	1.052644	-0.008831	37
4731.378176	281.605835	1.052487	-0.008843	39
4733.394944	281.583008	1.051677	-0.008759	41
4735.412736	281.564331	1.051806	-0.008722	43
4737.430016	281.593597	1.053258	-0.008783	45
4739.447808	281.615784	1.054010	-0.008764	47
4741.465088	281.596161	1.053631	-0.008868	49
4743.482880	281.604401	1.053181	-0.008747	51
4745.500672	281.627197	1.053402	-0.008400	53
4747.518464	281.624969	1.052409	-0.008368	55
4749.535232	281.606079	1.052659	-0.008510	57
4751.553024	281.586578	1.054929	-0.008588	59
4753.570816	281.576141	1.054521	-0.008675	61
4755.588096	281.637573	1.054609	-0.008557	63
4757.605376	281.607941	1.052635	-0.008427	65
4759.622656	281.630585	1.053164	-0.008616	67
4761.639936	281.625061	1.053635	-0.008503	69
4763.657728	281.588013	1.054884	-0.008556	71
4765.675008	281.601044	1.054328	-0.008829	73
4767.692288	281.630646	1.053677	-0.008793	75
4769.710080	281.620667	1.054044	-0.008849	77
4771.727360	281.601196	1.052834	-0.008852	79
4773.744640	281.609100	1.052392	-0.008991	81
4775.761920	281.619202	1.051715	-0.008846	83
4777.779712	281.611694	1.050926	-0.008857	85
4779.796992	281.559814	1.050808	-0.008757	87
4781.814272	281.590515	1.049975	-0.008778	89
4783.831552	281.605469	1.050261	-0.008536	91
4785.848832	281.609161	1.051175	-0.008285	93
4787.866624	281.617493	1.053453	-0.008438	95
4789.883904	281.612793	1.054315	-0.008693	97
4791.901184	281.646790	1.054486	-0.008491	99
4793.918464	281.632690	1.053878	-0.008040	101
4795.936256	281.636139	1.051840	-0.008208	103
4797.953536	281.641235	1.052007	-0.007900	105
4799.970816	281.601837	1.053779	-0.007782	107
4801.988608	281.638824	1.053926	-0.008032	109
4804.005888	281.633575	1.052198	-0.008058	111
4806.023168	281.645752	1.051598	-0.007802	113
4808.040448	281.644806	1.051836	-0.007783	115
4810.058240	281.652771	1.052309	-0.007553	117
4812.075520	281.654572	1.052099	-0.007656	119
4814.092800	281.625793	1.051637	-0.007562	121
4816.110592	281.680206	1.051881	-0.007414	123
4818.128896	281.646576	1.051442	-0.007660	125
4820.146176	281.656128	1.051817	-0.007733	127
4822.163968	281.648834	1.052855	-0.007705	129
4824.181760	281.648926	1.052479	-0.007757	131
4826.198528	281.670410	1.053092	-0.008034	133
4828.216320	281.633514	1.053050	-0.007993	135
4830.234112	281.638977	1.053244	-0.007965	137
4832.251392	281.641388	1.053257	-0.007924	139
4834.268672	281.647247	1.053221	-0.008027	141
4836.286464	281.684570	1.055516	-0.008051	143
4838.303744	281.654236	1.057411	-0.007963	145
4840.321536	281.646149	1.057880	-0.008309	147
4842.338816	281.605133	1.056035	-0.008302	149
4844.356096	281.606262	1.054803	-0.008348	151
4846.373376	281.615417	1.055147	-0.008393	153
4848.391168	281.619476	1.055265	-0.008361	155
4850.408448	281.603241	1.055272	-0.008430	157
4852.425728	281.603516	1.054201	-0.008460	159
4854.443520	281.624939	1.053765	-0.008364	161
4856.460800	281.615021	1.053829	-0.008284	163
4858.478592	281.605835	1.054364	-0.008215	165
4860.495872	281.585052	1.054518	-0.008232	167
4862.513152	281.580994	1.054664	-0.008530	169
4864.530432	281.600800	1.053856	-0.008359	171
4866.548224	281.625916	1.053308	-0.008190	173
4868.565504	281.592316	1.053097	-0.008232	175
4870.582784	281.622559	1.053508	-0.008233	177
4872.600064	281.609131	1.053264	-0.008504	179
4874.617856	281.598633	1.053686	-0.008702	181
4876.635136	281.590607	1.054573	-0.008534	183
4878.652416	281.590942	1.052605	-0.008609	185
4880.670208	281.581238	1.052959	-0.008572	187
4882.687488	281.576111	1.053064	-0.008823	189
4884.705280	281.582062	1.053653	-0.008655	191
4886.723072	281.574890	1.054018	-0.008731	193
4888.740352	281.597443	1.054297	-0.008646	195
4890.758144	281.579163	1.054224	-0.008717	197
4892.774912	281.549225	1.055488	-0.009022	199
4894.793216	281.597656	1.055629	-0.008820	201
4896.810496	281.542572	1.056281	-0.008945	203
4898.827776	281.558380	1.057369	-0.008816	205
4900.845568	281.592468	1.056208	-0.008823	207
4902.862848	281.583893	1.055102	-0.008907	209
4904.880128	281.581512	1.054510	-0.008912	211
4906.897920	281.589447	1.055344	-0.008900	213
4908.915712	281.582825	1.055483	-0.008821	215
4910.932992	281.551392	1.055442	-0.008838	217
4912.950784	281.549377	1.055429	-0.009069	219
4914.968064	281.553497	1.054866	-0.009130	221
4916.985856	281.537231	1.054563	-0.009104	223
4919.003136	281.595398	1.055033	-0.009102	225
4921.020416	281.570984	1.056230	-0.008977	227
4923.038208	281.557892	1.055657	-0.009026	229
4925.055488	281.548431	1.055127	-0.009315	231
4927.072768	281.575470	1.054208	-0.009077	233
4929.090048	281.540466	1.054625	-0.009214	235
4931.107840	281.548645	1.053998	-0.009006	237
4933.125120	281.575165	1.053277	-0.008826	239
4935.142400	281.571594	1.052927	-0.008805	241
4937.159680	281.534210	1.052945	-0.008911	243
4939.177472	281.514893	1.053109	-0.008789	245
4941.194752	281.561707	1.053805	-0.008835	247
4943.212544	281.544525	1.053966	-0.008913	249
4945.229824	281.566711	1.053378	-0.008764	251
4947.247104	281.565460	1.053563	-0.008631	253
4949.264384	281.587097	1.054299	-0.008604	255
4951.281664	281.542786	1.055419	-0.008647	1
4953.299456	281.557495	1.055339	-0.008628	3
4955.316736	281.541656	1.055816	-0.008662	5
4957.334528	281.572754	1.056698	-0.008729	7
4959.352320	281.547241	1.057624	-0.008925	9
4961.369600	281.565613	1.056740	-0.008938	11
4963.386880	281.587982	1.056103	-0.008770	13
4965.404672	281.570129	1.057939	-0.008981	15
4967.421952	281.571228	1.060057	-0.009300	17
4969.439232	281.553802	1.059602	-0.009356	19
4971.456512	281.525269	1.058483	-0.009342	21
4973.474304	281.568054	1.058425	-0.009210	23
4975.492096	281.546967	1.057133	-0.009102	25
4977.509376	281.591766	1.056925	-0.008985	27
4979.526656	281.569672	1.058333	-0.009258	29
4981.544448	281.578369	1.057438	-0.009379	31
4983.561728	281.549652	1.057205	-0.009237	33
4985.579520	281.564850	1.056719	-0.009168	35
4987.596800	281.553162	1.056589	-0.009194	37
4989.614080	281.565338	1.057095	-0.009415	39
4991.631872	281.565125	1.055369	-0.009487	41
4993.649664	281.588287	1.056419	-0.009333	43
4995.666432	281.573883	1.056246	-0.009319	45
4997.684224	281.568604	1.055133	-0.009282	47
4999.701504	281.572693	1.055014	-0.009009	49
5001.718784	281.566498	1.056090	-0.009118	51
5003.736064	281.601715	1.056114	-0.009026	53
5005.753856	281.599487	1.055854	-0.009017	55
5007.771648	281.634705	1.055212	-0.008719	57
5009.788928	281.584351	1.054516	-0.008641	59
5011.806208	281.621277	1.054125	-0.008763	61
5013.824000	281.599670	1.054458	-0.008746	63
5015.841280	281.591797	1.053418	-0.008741	65
5017.858560	281.598938	1.053745	-0.008625	67
5019.875840	281.640991	1.054575	-0.008736	69
5021.893632	281.637604	1.054639	-0.008452	71
5023.910912	281.619141	1.053727	-0.008756	73
5025.928704	281.642242	1.055084	-0.008638	75
5027.945984	281.620544	1.055413	-0.008922	77
5029.963264	281.661743	1.055251	-0.008624	79
5031.981056	281.640869	1.055143	-0.008521	81
5033.998336	281.637360	1.054983	-0.008631	83
5036.015616	281.637543	1.054412	-0.008548	85
5038.033408	281.657074	1.054240	-0.008551	87
5040.050688	281.681183	1.055336	-0.008476	89
5042.067968	281.674438	1.054885	-0.008428	91
5044.084736	281.640686	1.053146	-0.008401	93
5046.102016	281.655243	1.051125	-0.008418	95
5048.119296	281.661621	1.052312	-0.008614	97
5050.137088	281.650665	1.051708	-0.008483	99
5052.154368	281.596558	1.052375	-0.008486	101
5054.171648	281.666473	1.051712	-0.008270	103
5056.189440	281.653656	1.052030	-0.007981	105
5058.207232	281.681458	1.053568	-0.008072	107
5060.224512	281.677124	1.055121	-0.008197	109
5062.242304	281.656250	1.054276	-0.008428	111
5064.260096	281.655212	1.055067	-0.008369	113
5066.277376	281.630981	1.054401	-0.008502	115
5068.294656	281.686646	1.054262	-0.008395	117
5070.312448	281.653656	1.055644	-0.008525	119
5072.329728	281.659546	1.055750	-0.008478	121
5074.347008	281.698608	1.054313	-0.008447	123
5076.364288	281.650360	1.053510	-0.008427	125
5078.382080	281.673370	1.054080	-0.008496	127
5080.398848	281.656342	1.051609	-0.008284	129
5082.416128	281.675446	1.052005	-0.008308	131
5084.433920	281.647949	1.052932	-0.008271	133
5086.451712	281.672455	1.052474	-0.008062	135
5088.468992	281.666504	1.052648	-0.007837	137
5090.486272	281.657135	1.051315	-0.008062	139
5092.503552	281.712463	1.050818	-0.007900	141
5094.521856	281.678894	1.052934	-0.008071	143
5096.539648	281.677643	1.054034	-0.008267	145
5098.556928	281.697571	1.054517	-0.007949	147
5100.574720	281.702698	1.052299	-0.007900	149
5102.592000	281.691223	1.053282	-0.007991	151
5104.609792	281.716064	1.054094	-0.008134	153
5106.627072	281.686707	1.053788	-0.008122	155
5108.644352	281.695251	1.053077	-0.008181	157
5110.661632	281.681122	1.055443	-0.008174	159
5112.679936	281.664551	1.055362	-0.008567	161
5114.697216	281.699219	1.054720	-0.008439	163
5116.713984	281.646240	1.053558	-0.008560	165
5118.731776	281.697510	1.055335	-0.008526	167
5120.749568	281.696045	1.056950	-0.008374	169
5122.766848	281.673584	1.057079	-0.008475	171
5124.784128	281.689392	1.056371	-0.008413	173
5126.801408	281.644165	1.056843	-0.008417	175
5128.818688	281.678345	1.055290	-0.008469	177
5130.836480	281.674896	1.055520	-0.008209	179
5132.853760	281.696808	1.054421	-0.008298	181
5134.871552	281.664246	1.054029	-0.008366	183
5136.888832	281.711517	1.055724	-0.008333	185
5138.906624	281.698364	1.054909	-0.008335	187
5140.923904	281.692596	1.054007	-0.008277	189
5142.941184	281.661316	1.053216	-0.008192	191
5144.958976	281.698608	1.054077	-0.008006	193
5146.976256	281.719055	1.054114	-0.008142	195
5148.993536	281.699463	1.054998	-0.007993	197
5151.011328	281.704193	1.053634	-0.008114	199
5153.028608	281.668427	1.054871	-0.008049	201
5155.045888	281.683868	1.053396	-0.008144	203
5157.063168	281.697998	1.053914	-0.008038	205
5159.080448	281.705109	1.054077	-0.007955	207
5161.098240	281.696014	1.053886	-0.007888	209
5163.115520	281.723083	1.053784	-0.007995	211
5165.133312	281.699249	1.052907	-0.007968	213
5167.151104	281.686523	1.054778	-0.008033	215
5169.168384	281.680481	1.054016	-0.008045	217
5171.185664	281.737244	1.054600	-0.007686	219
5173.203456	281.671936	1.053530	-0.007840	221
5175.221248	281.708984	1.053285	-0.008026	223
5177.238016	281.684906	1.051602	-0.008071	225
5179.255808	281.704803	1.053297	-0.008124	227
5181.273088	281.677917	1.056680	-0.008156	229
5183.290880	281.684296	1.054795	-0.008217	231
5185.308160	281.746033	1.055368	-0.008033	233
5187.325952	281.713409	1.054169	-0.008095	235
5189.343744	281.690979	1.053120	-0.007907	237
5191.360512	281.726654	1.054634	-0.007753	239
5193.377792	281.698364	1.055908	-0.008140	241
5195.395584	281.756805	1.058620	-0.007839	243
5197.413376	281.705688	1.055728	-0.008086	245
5199.430656	281.699890	1.055896	-0.008132	247
5201.447936	281.697876	1.055890	-0.008227	249
5203.465728	281.705444	1.055724	-0.008197	251
5205.483008	281.680664	1.054490	-0.008313	253
5207.500288	281.670898	1.055269	-0.008449	255
5209.518080	281.662109	1.054094	-0.008501	1
5211.535872	281.735504	1.055174	-0.008270	3
5213.552640	281.707642	1.054924	-0.008093	5
5215.570432	281.639557	1.054534	-0.008014	7
5217.587712	281.654205	1.053303	-0.008311	9
5219.604992	281.678864	1.053425	-0.008229	11
5221.622784	281.676758	1.053349	-0.007952	13
5223.640064	281.673676	1.053579	-0.007972	15
5225.657344	281.671356	1.052931	-0.008122	17
5227.675136	281.653412	1.053134	-0.008174	19
5229.692416	281.642395	1.052670	-0.008107	21
5231.709184	281.685150	1.051895	-0.008072	23
5233.726464	281.664948	1.051305	-0.008072	25
5235.744256	281.676758	1.051614	-0.008160	27
5237.762048	281.638306	1.051015	-0.008224	29
5239.779328	281.688843	1.050611	-0.007845	31
5241.797120	281.678772	1.049779	-0.007749	33
5243.813888	281.660553	1.048800	-0.007823	35
5245.831680	281.679993	1.050255	-0.007796	37
5247.848960	281.682587	1.050397	-0.007883	39
5249.866240	281.674530	1.051762	-0.007933	41
5251.884544	281.679382	1.052380	-0.008074	43
5253.902336	281.684845	1.052967	-0.008066	45
5255.919104	281.649750	1.052149	-0.008205	47
5257.936384	281.680084	1.052940	-0.008224	49
5259.954176	281.661530	1.052372	-0.008435	51
5261.971456	281.685638	1.052252	-0.008532	53
5263.989248	281.689240	1.054639	-0.008156	55
5266.006528	281.674866	1.055202	-0.008254	57
5268.023808	281.665955	1.052752	-0.008343	59
5270.041088	281.652069	1.054453	-0.008422	61
5272.058880	281.641205	1.051714	-0.008675	63
5274.076672	281.658661	1.051571	-0.008643	65
5276.093952	281.676758	1.050738	-0.008517	67
5278.111744	281.678345	1.050813	-0.008465	69
5280.129024	281.624420	1.050129	-0.008705	71
5282.146816	281.702423	1.051576	-0.008229	73
5284.164096	281.656494	1.050350	-0.008531	75
5286.181888	281.652527	1.051730	-0.008869	77
5288.198656	281.692688	1.051806	-0.008590	79
5290.216448	281.645996	1.049969	-0.009041	81
5292.233728	281.646790	1.051134	-0.008776	83
5294.251520	281.687622	1.052508	-0.008868	85
5296.268800	281.662231	1.053752	-0.008804	87
5298.286080	281.696594	1.052017	-0.008615	89
5300.303360	281.645721	1.051575	-0.008694	91
5302.320128	281.645905	1.050724	-0.008609	93
5304.338432	281.680664	1.051852	-0.008805	95
5306.356224	281.682739	1.054124	-0.008667	97
5308.374016	281.703979	1.056609	-0.008512	99
5310.391296	281.638550	1.058490	-0.008761	101
5312.409088	281.682465	1.054976	-0.008972	103
5314.426368	281.681976	1.054439	-0.008666	105
5316.443136	281.710693	1.054899	-0.008521	107
5318.461440	281.661285	1.055730	-0.008449	109
5320.478720	281.710236	1.055210	-0.008516	111
5322.496000	281.665497	1.055160	-0.008878	113
5324.513792	281.662720	1.054692	-0.008688	115
5326.530560	281.681610	1.054204	-0.008639	117
5328.548352	281.672211	1.054668	-0.008820	119
5330.566144	281.696899	1.054649	-0.008673	121
5332.583424	281.670807	1.054264	-0.009203	123
5334.600704	281.689423	1.054874	-0.008990	125
5336.618496	281.722046	1.054423	-0.008964	127
5338.635776	281.692413	1.054003	-0.009041	129
5340.653568	281.712769	1.054600	-0.008968	131
5342.670848	281.686340	1.056034	-0.009018	133
5344.688128	281.729614	1.056027	-0.009126	135
5346.705920	281.705139	1.055925	-0.009105	137
5348.723200	281.751953	1.057393	-0.008975	139
5350.740992	281.706696	1.057242	-0.009004	141
5352.758272	281.721252	1.055864	-0.008757	143
5354.776064	281.735168	1.055512	-0.008601	145
5356.793856	281.672791	1.055224	-0.008526	147
5358.811136	281.705902	1.056237	-0.008394	149
5360.828416	281.722717	1.057429	-0.008535	151
5362.846208	281.717865	1.058035	-0.008787	153
5364.863488	281.704437	1.056248	-0.008634	155
5366.880768	281.737885	1.056395	-0.008529	157
5368.898560	281.722595	1.057700	-0.008496	159
5370.915840	281.705750	1.055505	-0.008082	161
5372.933120	281.722229	1.054404	-0.008203	163
5374.950400	281.702240	1.053511	-0.007950	165
5376.968192	281.672943	1.053633	-0.008142	167
5378.985472	281.686401	1.053243	-0.008341	169
5381.003264	281.698395	1.051604	-0.007734	171
5383.020544	281.686066	1.050984	-0.007823	173
5385.037824	281.666992	1.051242	-0.008001	175
5387.055616	281.691620	1.051046	-0.008038	177
5389.072384	281.665070	1.052205	-0.008132	179
5391.090176	281.679535	1.052468	-0.008409	181
5393.107456	281.672455	1.052076	-0.008428	183
5395.124736	281.671814	1.052199	-0.008446	185
5397.142528	281.685852	1.052149	-0.008816	187
5399.159808	281.684875	1.053411	-0.008261	189
5401.177600	281.700378	1.052311	-0.008565	191
5403.195392	281.660065	1.052135	-0.008476	193
5405.212160	281.695831	1.052665	-0.008395	195
5407.229440	281.718658	1.052270	-0.008511	197
5409.247232	281.728577	1.053537	-0.007986	199
5411.264512	281.701263	1.053123	-0.007752	201
5413.282304	281.690094	1.053747	-0.007943	203
5415.300096	281.672607	1.053258	-0.007712	205
5417.316864	281.675873	1.052364	-0.007887	207
5419.334656	281.700897	1.052152	-0.007995	209
5421.352448	281.750214	1.053222	-0.007905	211
5423.369728	281.701202	1.053353	-0.008059	213
5425.387008	281.709229	1.053164	-0.008008	215
5427.404800	281.701263	1.052361	-0.008184	217
5429.422592	281.719574	1.053610	-0.008128	219
5431.439872	281.695557	1.053984	-0.008153	221
5433.457664	281.741608	1.054245	-0.008107	223
5435.474944	281.745392	1.053418	-0.008141	225
5437.492736	281.718262	1.054153	-0.008084	227
5439.510528	281.744019	1.054843	-0.008079	229
5441.527808	281.723450	1.054101	-0.007855	231
5443.544576	281.737152	1.053113	-0.008088	233
5445.562368	281.733429	1.052649	-0.007943	235
5447.579648	281.726868	1.051865	-0.007999	237
5449.596928	281.740509	1.052871	-0.007801	239
5451.614208	281.718445	1.053931	-0.008167	241
5453.632000	281.754242	1.053250	-0.007833	243
5455.649280	281.740173	1.054022	-0.007996	245
5457.666560	281.748749	1.053199	-0.007945	247
5459.684352	281.743805	1.054091	-0.008007	249
5461.701632	281.764343	1.055690	-0.007863	251
5463.719424	281.735291	1.054664	-0.008075	253
5465.736704	281.752960	1.054324	-0.007934	255
5467.753984	281.728180	1.054984	-0.008096	1
5469.771776	281.760284	1.054592	-0.007878	3
5471.789056	281.734985	1.053950	-0.007788	5
5473.806848	281.724152	1.052350	-0.008051	7
5475.823616	281.720306	1.052537	-0.007997	9
5477.841408	281.777069	1.053899	-0.007770	11
5479.858688	281.722046	1.053916	-0.008028	13
5481.876480	281.710632	1.054360	-0.008344	15
5483.893760	281.715698	1.052698	-0.008503	17
5485.911040	281.751434	1.053950	-0.008578	19
5487.928832	281.749237	1.054504	-0.008640	21
5489.946624	281.761108	1.054109	-0.008410	23
5491.963392	281.764374	1.053429	-0.008163	25
5493.981184	281.747070	1.054636	-0.008012	27
5495.998976	281.764709	1.053949	-0.008101	29
5498.016256	281.787292	1.052735	-0.008092	31
5500.033536	281.790863	1.052645	-0.008003	33
5502.051328	281.774658	1.052677	-0.008120	35
5504.068096	281.792145	1.052278	-0.008028	37
5506.085888	281.735992	1.052634	-0.008334	39
5508.103680	281.796875	1.053297	-0.008371	41
5510.120960	281.759430	1.053355	-0.008434	43
5512.138752	281.745148	1.053163	-0.008577	45
5514.156032	281.731384	1.051909	-0.008836	47
5516.173312	281.747620	1.053485	-0.008252	49
5518.190592	281.766632	1.054030	-0.008502	51
5520.208896	281.758911	1.053928	-0.008559	53
5522.226688	281.755463	1.054125	-0.008462	55
5524.243968	281.756592	1.053863	-0.008346	57
5526.261248	281.779083	1.053712	-0.008367	59
5528.279040	281.769653	1.053929	-0.008246	61
5530.296320	281.787018	1.054009	-0.008112	63
5532.314112	281.770905	1.054144	-0.008141	65
5534.331392	281.752899	1.053743	-0.008216	67
5536.348672	281.771088	1.054650	-0.008058	69
5538.365952	281.783386	1.054748	-0.008142	71
5540.383232	281.743530	1.054200	-0.008086	73
5542.400512	281.771942	1.055443	-0.008427	75
5544.418304	281.737762	1.054000	-0.008613	77
5546.435584	281.735565	1.053180	-0.008494	79
5548.452352	281.771301	1.050255	-0.008212	81
5550.470144	281.764832	1.051179	-0.008077	83
5552.487936	281.776581	1.053364	-0.008153	85
5554.505216	281.750580	1.053430	-0.008458	87
5556.523008	281.778442	1.052179	-0.008068	89
5558.540800	281.765594	1.052514	-0.007767	91
5560.557568	281.804047	1.053427	-0.007897	93
5562.575360	281.768646	1.053453	-0.007640	95
5564.592128	281.759796	1.052248	-0.007695	97
5566.609408	281.788422	1.049796	-0.007807	99
5568.627712	281.766968	1.052584	-0.008052	101
5570.644992	281.793579	1.051287	-0.007820	103
5572.662272	281.786133	1.052507	-0.007862	105
5574.680064	281.786865	1.051272	-0.008021	107
5576.697344	281.722870	1.051669	-0.008407	109
5578.715136	281.757172	1.051013	-0.008377	111
5580.732928	281.784515	1.053745	-0.007944	113
5582.749696	281.771149	1.054282	-0.008161	115
5584.767488	281.767609	1.054165	-0.008432	117
5586.785280	281.759125	1.053798	-0.008464	119
5588.803072	281.717346	1.054273	-0.008461	121
5590.820352	281.729431	1.054767	-0.008495	123
5592.837632	281.759735	1.054658	-0.008681	125
5594.854912	281.723572	1.055167	-0.008666	127
5596.872704	281.751190	1.055490	-0.008366	129
5598.889984	281.743195	1.055254	-0.008386	131
5600.907264	281.747131	1.055385	-0.008358	133
5602.925568	281.717133	1.054358	-0.008448	135
5604.942336	281.722198	1.053203	-0.008608	137
5606.960640	281.713959	1.053243	-0.008583	139
5608.977920	281.704712	1.053324	-0.008702	141
5610.995712	281.702362	1.054017	-0.008946	143
5613.012480	281.682098	1.055155	-0.008868	145
5615.029760	281.751862	1.056355	-0.008649	147
5617.047040	281.701050	1.055869	-0.008741	149
5619.064832	281.681732	1.055272	-0.008708	151
5621.082112	281.705170	1.055922	-0.008755	153
5623.099904	281.698914	1.055063	-0.008763	155
5625.117184	281.694458	1.054730	-0.008682	157
5627.134464	281.697754	1.054175	-0.008573	159
5629.152256	281.708374	1.054460	-0.008575	161
5631.169024	281.702881	1.054654	-0.008279	163
5633.187328	281.739410	1.052082	-0.008168	165
5635.204096	281.707855	1.052141	-0.007913	167
5637.221888	281.731018	1.053029	-0.008067	169
5639.239680	281.733459	1.053770	-0.008078	171
5641.256960	281.711975	1.053756	-0.008214	173
5643.274240	281.730408	1.054827	-0.007868	175
5645.291520	281.743896	1.056180	-0.007989	177
5647.309312	281.761780	1.055749	-0.007674	179
5649.326592	281.732300	1.053471	-0.008009	181
5651.344384	281.733978	1.054040	-0.007830	183
5653.361664	281.707275	1.052922	-0.007781	185
5655.378944	281.717804	1.052721	-0.007979	187
5657.396736	281.736053	1.052142	-0.008183	189
5659.414528	281.733459	1.051735	-0.008477	191
5661.431808	281.726624	1.052212	-0.008583	193
5663.449088	281.746796	1.052272	-0.008473	195
5665.466880	281.749054	1.052417	-0.008412	197
5667.484160	281.749664	1.052407	-0.008587	199
5669.501440	281.741302	1.053251	-0.008743	201
5671.519232	281.720001	1.053084	-0.008971	203
5673.537024	281.713776	1.053394	-0.009075	205
5675.554304	281.718872	1.051759	-0.009105	207
5677.572608	281.731293	1.052104	-0.009376	209
5679.589376	281.722748	1.052631	-0.009341	211
5681.607168	281.712433	1.052012	-0.009365	213
5683.624960	281.749146	1.053046	-0.009646	215
5685.642240	281.668335	1.052764	-0.009746	217
5687.660032	281.684326	1.052605	-0.009939	219
5689.676800	281.704681	1.052822	-0.010090	221
5691.694592	281.662506	1.052003	-0.010022	223
5693.712384	281.718719	1.052297	-0.010324	225
5695.729152	281.668335	1.051972	-0.010298	227
5697.746944	281.676758	1.051289	-0.010447	229
5699.764224	281.650238	1.051151	-0.010678	231
5701.782016	281.674957	1.051684	-0.010534	233
5703.798784	281.657562	1.051670	-0.010738	235
5705.816576	281.664886	1.051429	-0.010569	237
5707.833856	281.660217	1.052214	-0.010229	239
5709.850624	281.659332	1.053154	-0.010371	241
5711.867904	281.639862	1.051215	-0.010567	243
5713.885696	281.665863	1.050881	-0.010295	245
5715.902976	281.645111	1.051569	-0.010494	247
5717.920768	281.620422	1.050933	-0.010485	249
5719.937536	281.674164	1.052035	-0.009918	251
5721.955328	281.636017	1.051837	-0.010268	253
5723.972608	281.672455	1.051371	-0.010183	255
5725.990400	281.640930	1.050096	-0.010206	1
5728.007680	281.673096	1.049231	-0.010261	3
5730.024960	281.645325	1.050738	-0.010367	5
5732.042752	281.664093	1.050246	-0.010179	7
5734.060544	281.640961	1.051795	-0.010415	9
5736.077312	281.646057	1.051040	-0.010454	11
5738.095616	281.644684	1.051771	-0.010517	13
5740.112896	281.659912	1.051897	-0.010293	15
5742.130688	281.645355	1.052088	-0.010209	17
5744.147456	281.676605	1.051843	-0.010018	19
5746.165248	281.653229	1.052098	-0.009815	21
5748.182528	281.673187	1.051051	-0.010130	23
5750.200320	281.615601	1.051129	-0.009841	25
5752.217600	281.669067	1.051923	-0.009714	27
5754.235392	281.713165	1.052954	-0.009401	29
5756.252672	281.667267	1.053950	-0.009530	31
5758.270464	281.678772	1.054983	-0.009350	33
5760.287744	281.650696	1.054273	-0.009620	35
5762.305536	281.662140	1.054179	-0.009512	37
5764.322816	281.695496	1.053505	-0.009520	39
5766.340608	281.611328	1.053677	-0.009419	41
5768.357888	281.681885	1.054181	-0.009408	43
5770.375168	281.697021	1.054271	-0.009492	45
5772.392448	281.677521	1.055488	-0.009554	47
5774.410240	281.659607	1.053949	-0.009563	49
5776.427520	281.665924	1.053586	-0.009536	51
5778.444800	281.676208	1.053841	-0.009918	53
5780.462592	281.698456	1.054705	-0.009607	55
5782.479872	281.704224	1.055668	-0.009485	57
5784.497152	281.681488	1.054456	-0.009144	59
5786.514944	281.659424	1.053946	-0.009063	61
5788.532224	281.658142	1.053527	-0.009065	63
5790.550016	281.636841	1.051585	-0.009058	65
5792.567296	281.666779	1.050301	-0.009245	67
5794.584576	281.671173	1.051989	-0.009165	69
5796.602368	281.644928	1.052611	-0.009118	71
5798.619136	281.612518	1.052837	-0.009536	73
5800.636928	281.634857	1.052633	-0.009520	75
5802.654208	281.622925	1.054450	-0.009686	77
5804.672000	281.636444	1.053401	-0.009537	79
5806.688256	281.649078	1.050753	-0.009152	81
5808.706560	281.647491	1.053889	-0.009288	83
5810.723840	281.632812	1.054165	-0.009195	85
5812.741632	281.651672	1.055244	-0.009288	87
5814.759936	281.660980	1.057582	-0.009389	89
5816.776704	281.655914	1.055679	-0.009096	91
5818.793984	281.635010	1.055300	-0.008960	93
5820.811264	281.691528	1.053459	-0.008725	95
5822.829056	281.671173	1.053542	-0.008534	97
5824.846336	281.663147	1.053011	-0.008878	99
5826.864128	281.687317	1.054462	-0.008864	101
5828.881408	281.700897	1.056721	-0.008966	103
5830.899200	281.653503	1.056187	-0.008822	105
5832.916480	281.644653	1.056511	-0.008916	107
5834.934272	281.665680	1.057050	-0.009058	109
5836.952064	281.676636	1.055907	-0.008856	111
5838.969344	281.675110	1.054746	-0.008946	113
5840.986624	281.645111	1.054417	-0.008996	115
5843.004416	281.653961	1.054285	-0.009032	117
5845.021696	281.651123	1.054332	-0.009173	119
5847.039488	281.666046	1.053341	-0.009150	121
5849.056768	281.672302	1.053308	-0.009092	123
5851.074048	281.639801	1.052533	-0.009306	125
5853.091328	281.679718	1.053275	-0.008891	127
5855.109120	281.675385	1.054876	-0.008808	129
5857.126400	281.632050	1.052431	-0.008960	131
5859.144192	281.687134	1.054298	-0.008932	133
5861.161472	281.644989	1.054304	-0.009089	135
5863.178752	281.683502	1.053916	-0.009070	137
5865.196032	281.647430	1.054643	-0.009160	139
5867.213312	281.672272	1.054874	-0.009007	141
5869.231104	281.643982	1.053594	-0.009147	143
5871.248384	281.620087	1.053101	-0.009080	145
5873.265664	281.665436	1.052583	-0.008922	147
5875.283456	281.660950	1.053177	-0.009017	149
5877.300736	281.665344	1.055149	-0.009180	151
5879.318528	281.621002	1.055519	-0.009473	153
5881.335808	281.610321	1.055746	-0.009337	155
5883.353600	281.614563	1.054640	-0.009282	157
5885.370880	281.601990	1.053584	-0.009554	159
5887.388672	281.608978	1.053896	-0.009557	161
5889.405952	281.612946	1.053320	-0.009345	163
5891.423232	281.607391	1.053633	-0.009454	165
5893.441024	281.606201	1.052886	-0.009383	167
5895.457792	281.629059	1.052746	-0.009350	169
5897.475584	281.613983	1.053093	-0.009357	171
5899.492864	281.632172	1.052095	-0.009688	173
5901.510656	281.648407	1.051266	-0.009465	175
5903.527936	281.664825	1.051233	-0.009017	177
5905.545728	281.682373	1.053023	-0.008702	179
5907.563008	281.648163	1.051790	-0.008795	181
5909.580288	281.619446	1.050228	-0.008655	183
5911.597568	281.677063	1.048989	-0.008712	185
5913.615360	281.689758	1.049946	-0.008546	187
5915.632640	281.691345	1.048917	-0.008206	189
5917.650432	281.675201	1.049099	-0.007950	191
5919.667712	281.669556	1.049545	-0.008088	193
5921.684992	281.689026	1.049769	-0.008089	195
5923.703296	281.658447	1.048753	-0.008258	197
5925.720576	281.654327	1.049639	-0.008546	199
5927.737856	281.657928	1.049577	-0.008342	201
5929.755648	281.662231	1.052481	-0.008448	203
5931.772928	281.648621	1.055260	-0.008634	205
5933.790208	281.660828	1.054394	-0.008558	207
5935.808000	281.627319	1.053005	-0.008407	209
5937.824768	281.630402	1.053055	-0.008367	211
5939.842048	281.652924	1.049262	-0.008373	213
5941.859328	281.644897	1.049320	-0.008099	215
5943.876608	281.662781	1.048891	-0.008226	217
5945.893888	281.652771	1.048885	-0.008245	219
5947.911168	281.639862	1.049800	-0.008572	221
5949.928448	281.622223	1.049803	-0.008377	223
5951.945728	281.605438	1.049368	-0.008254	225
5953.963520	281.643585	1.049575	-0.008474	227
5955.981312	281.628876	1.048195	-0.008456	229
5957.998080	281.615479	1.048640	-0.008384	231
5960.015872	281.608612	1.049094	-0.008522	233
5962.033152	281.609680	1.049054	-0.008497	235
5964.050944	281.618317	1.050141	-0.008597	237
5966.067712	281.650909	1.051731	-0.008586	239
