time (s)	theta (A)	maj axis/z0	min axis/z0	crossing#mod 255
1994.270976	83.396385	0.972833	0.012102	235
1996.350592	83.404282	0.972615	0.012268	237
1998.430208	83.432655	0.973581	0.012134	239
2000.509824	83.434998	0.972935	0.012097	241
2002.589568	83.461395	0.973346	0.012231	243
2004.669312	83.447311	0.973888	0.012210	245
2006.748928	83.478203	0.974100	0.012095	247
2008.828800	83.448700	0.973959	0.012384	249
2010.908544	83.466064	0.974073	0.012190	251
2012.988544	83.474342	0.974125	0.012135	253
2015.068032	83.445724	0.974268	0.012250	255
2017.147648	83.441612	0.974123	0.012324	1
2019.227136	83.447075	0.973856	0.012262	3
2021.306496	83.418144	0.973810	0.012219	5
2023.386496	83.404495	0.973823	0.012180	7
2025.466240	83.391434	0.973151	0.012168	9
2027.545600	83.383194	0.972695	0.012235	11
2029.625216	83.357452	0.972077	0.012231	13
2031.704960	83.340981	0.972118	0.012111	15
2033.784704	83.326782	0.972183	0.012045	17
2035.864192	83.299698	0.972202	0.012053	19
2037.944192	83.263824	0.971834	0.012137	21
2040.023808	83.244171	0.971218	0.012212	23
2042.103296	83.232956	0.970879	0.012151	25
2044.182784	83.223770	0.971233	0.012205	27
2046.263168	83.286118	0.972523	0.012129	29
2048.342784	83.196045	0.973207	0.012450	31
2050.422656	83.210358	0.972803	0.012294	33
2052.502016	83.211884	0.973251	0.012323	35
2054.581632	83.202240	0.973469	0.012413	37
2056.661248	83.223236	0.973562	0.012378	39
2058.741120	83.208466	0.974370	0.012372	41
2060.820608	83.235405	0.974689	0.012488	43
2062.900352	83.208748	0.974871	0.012372	45
2064.979968	83.229073	0.974578	0.012454	47
2067.059584	83.270653	0.974122	0.012308	49
2069.139456	83.282135	0.973775	0.012366	51
2071.219200	83.303513	0.973346	0.012372	53
2073.298816	83.331039	0.973250	0.012373	55
2075.378688	83.311592	0.972895	0.012503	57
2077.458176	83.309113	0.972296	0.012577	59
2079.537664	83.333443	0.971022	0.012517	61
2081.617664	83.348770	0.971214	0.012477	63
2083.697408	83.322197	0.972171	0.012426	65
2085.777280	83.316154	0.971830	0.012544	67
2087.857024	83.306839	0.971982	0.012580	69
2089.936768	83.290207	0.972334	0.012571	71
2092.016384	83.271729	0.972657	0.012557	73
2094.095744	83.284775	0.972743	0.012655	75
2096.175744	83.263863	0.973180	0.012423	77
2098.255488	83.239128	0.973784	0.012435	79
2100.334976	83.216942	0.973291	0.012486	81
2102.414720	83.184692	0.972124	0.012477	83
2104.494336	83.175774	0.972154	0.012520	85
2106.574208	83.161827	0.970829	0.012540	87
2108.653696	83.154945	0.971889	0.012407	89
2110.733440	83.137772	0.972855	0.012456	91
2112.813184	83.122169	0.972746	0.012418	93
2114.892928	83.085800	0.972878	0.012455	95
2116.972672	83.078850	0.972934	0.012358	97
2119.052288	83.087448	0.972217	0.012282	99
2121.131776	83.102280	0.971693	0.012306	101
2123.211264	83.082405	0.970879	0.012355	103
2125.291008	83.090828	0.970352	0.012148	105
2127.370752	83.091614	0.970557	0.012241	107
2129.450368	83.081161	0.970909	0.012173	109
2131.529856	83.089691	0.971309	0.012202	111
2133.609728	83.080666	0.970705	0.012048	113
2135.689344	83.132050	0.971205	0.011963	115
2137.768960	83.110779	0.971850	0.012083	117
2139.848704	83.140274	0.971797	0.012190	119
2141.928576	83.154556	0.971340	0.012170	121
2144.008192	83.170845	0.972027	0.012096	123
2146.087808	83.164970	0.972037	0.012250	125
2148.167680	83.185883	0.972364	0.012369	127
2150.247168	83.196770	0.972023	0.012216	129
2152.327168	83.177979	0.971813	0.012339	131
2154.406656	83.198959	0.972682	0.012277	133
2156.486400	83.183426	0.972294	0.012287	135
2158.565888	83.182182	0.972354	0.012294	137
2160.645376	83.169220	0.971860	0.012349	139
2162.725376	83.152245	0.972103	0.012195	141
2164.804864	83.139771	0.972363	0.012241	143
2166.884608	83.136093	0.971974	0.012404	145
2168.964352	83.136238	0.971998	0.012321	147
2171.043840	83.125488	0.971561	0.012299	149
2173.123584	83.085411	0.971510	0.012238	151
2175.203072	83.057800	0.971519	0.012221	153
2177.282560	83.057571	0.971940	0.012131	155
2179.362560	83.039169	0.971781	0.012386	157
2181.442304	83.018776	0.972225	0.012400	159
2183.522048	82.998703	0.972010	0.012503	161
2185.601792	82.986557	0.972265	0.012475	163
2187.681280	82.973961	0.972434	0.012623	165
2189.761024	82.961800	0.972669	0.012513	167
2191.840768	82.967552	0.972055	0.012604	169
2193.920000	82.962273	0.972282	0.012553	171
2196.000000	82.945961	0.972041	0.012435	173
2198.079744	82.969437	0.972658	0.012503	175
2200.159232	82.953018	0.972928	0.012538	177
2202.238976	82.949257	0.973628	0.012658	179
2204.318976	82.945572	0.973912	0.012648	181
2206.398464	82.967949	0.973432	0.012517	183
2208.477952	82.997345	0.973435	0.012474	185
2210.557696	82.999184	0.973605	0.012529	187
2212.637696	83.026794	0.973873	0.012424	189
2214.717184	83.005318	0.973705	0.012500	191
2216.797184	83.022614	0.972976	0.012489	193
2218.876416	83.053177	0.973160	0.012381	195
2220.955904	83.045486	0.972612	0.012346	197
2223.035648	83.036797	0.972907	0.012345	199
2225.115392	83.048973	0.972559	0.012788	201
2227.195392	83.037865	0.972603	0.012318	203
2229.274880	83.042641	0.972958	0.012413	205
2231.354368	83.012634	0.973073	0.012410	207
2233.434112	83.048759	0.972314	0.012345	209
2235.514112	83.016670	0.972249	0.012317	211
2237.593600	82.993202	0.973047	0.012515	213
2239.673088	82.990257	0.972830	0.012322	215
2241.752832	82.967690	0.972580	0.012396	217
2243.832576	82.953476	0.972169	0.012580	219
2245.912064	82.910194	0.971912	0.012544	221
2247.991808	82.907394	0.971631	0.012594	223
2250.071552	82.885376	0.970546	0.012593	225
2252.151296	82.864182	0.970715	0.012592	227
2254.231040	82.872948	0.971108	0.012646	229
2256.310784	82.857765	0.970379	0.012593	231
2258.390272	82.833405	0.971256	0.012608	233
2260.469760	82.805428	0.971532	0.012731	235
2262.549504	82.827461	0.970872	0.012661	237
2264.629248	82.834869	0.970521	0.012727	239
2266.708992	82.813515	0.970241	0.012640	241
2268.788736	82.825989	0.970342	0.012575	243
2270.868224	82.832550	0.969847	0.012605	245
2272.947968	82.857307	0.970256	0.012800	247
2275.027712	82.827316	0.970528	0.012711	249
2277.107200	82.834991	0.972305	0.012886	251
2279.186944	82.852203	0.972205	0.012869	253
2281.266176	82.837898	0.971196	0.012918	255
2283.346176	82.885757	0.971327	0.012757	1
2285.425664	82.880539	0.971871	0.012812	3
2287.505920	82.878563	0.972498	0.012816	5
2289.585664	82.901649	0.972576	0.012729	7
2291.664640	82.898842	0.972754	0.012914	9
2293.744640	82.895119	0.972361	0.012867	11
2295.824128	82.925278	0.972836	0.012835	13
2297.904128	82.902184	0.972623	0.012732	15
2299.983616	82.898132	0.972773	0.012732	17
2302.063104	82.907951	0.973292	0.012879	19
2304.143104	82.871330	0.973986	0.012801	21
2306.223104	82.888794	0.974710	0.012699	23
2308.302336	82.855217	0.974583	0.012853	25
2310.382080	82.842163	0.974618	0.012920	27
2312.461568	82.835632	0.973673	0.012808	29
2314.541568	82.837364	0.973493	0.012825	31
2316.621056	82.806404	0.974002	0.012731	33
2318.700800	82.805283	0.973568	0.012762	35
2320.780544	82.781418	0.974328	0.012938	37
2322.860288	82.756706	0.974207	0.012742	39
2324.940032	82.758987	0.974403	0.012831	41
2327.019520	82.734154	0.974783	0.012822	43
2329.099264	82.725204	0.974461	0.012798	45
2331.178752	82.686836	0.973966	0.012843	47
2333.258240	82.702271	0.973295	0.012873	49
2335.338496	82.697723	0.974041	0.013025	51
2337.417984	82.688774	0.974811	0.012795	53
2339.497728	82.710991	0.973896	0.012887	55
2341.577216	82.697258	0.973802	0.012961	57
2343.656960	82.687531	0.973382	0.012798	59
2345.736704	82.708527	0.973845	0.012908	61
2347.816448	82.754288	0.974018	0.012756	63
2349.895680	82.717125	0.974388	0.012720	65
2351.975680	82.717331	0.974309	0.012777	67
2354.055168	82.739479	0.974321	0.012620	69
2356.134912	82.749702	0.974164	0.012754	71
2358.214656	82.770325	0.974458	0.012704	73
2360.294400	82.775841	0.975315	0.012708	75
2362.373888	82.771156	0.975622	0.012610	77
2364.453632	82.765137	0.974571	0.012722	79
2366.533120	82.789825	0.974030	0.012645	81
2368.613120	82.772942	0.973687	0.012696	83
2370.692864	82.763367	0.972855	0.012757	85
2372.772352	82.757782	0.972831	0.012770	87
2374.852352	82.770081	0.972829	0.012588	89
2376.931840	82.753654	0.972874	0.012811	91
2379.011328	82.752785	0.972785	0.012729	93
2381.091072	82.724098	0.973274	0.012932	95
2383.170560	82.718086	0.974505	0.012873	97
2385.250304	82.721695	0.975113	0.012896	99
2387.330048	82.705940	0.974822	0.013234	101
2389.409280	82.665932	0.973757	0.013042	103
2391.489024	82.661041	0.973457	0.012871	105
2393.569024	82.665115	0.972924	0.012910	107
2395.648512	82.643188	0.972776	0.013130	109
2397.728512	82.642166	0.973824	0.012824	111
2399.807744	82.619560	0.974586	0.013085	113
2401.887744	82.581184	0.974274	0.013222	115
2403.967488	82.580162	0.973322	0.013061	117
2406.046976	82.617363	0.972585	0.012761	119
2408.126720	82.569450	0.972214	0.012977	121
2410.206208	82.582977	0.973312	0.012957	123
2412.285952	82.608177	0.973053	0.012902	125
2414.365696	82.583481	0.973308	0.012870	127
2416.445440	82.604767	0.973697	0.012765	129
2418.524928	82.612877	0.973412	0.012882	131
2420.604416	82.597565	0.973228	0.012752	133
2422.684160	82.630844	0.973310	0.012854	135
2424.763904	82.599037	0.973657	0.012803	137
2426.843904	82.605957	0.973174	0.012713	139
2428.923392	82.633926	0.973485	0.012515	141
2431.003136	82.643257	0.973670	0.012707	143
2433.082880	82.657883	0.973682	0.012650	145
2435.162624	82.637337	0.974050	0.012657	147
2437.242112	82.652512	0.972410	0.012706	149
2439.321600	82.639618	0.972118	0.012656	151
2441.401600	82.634453	0.972904	0.012621	153
2443.481088	82.644188	0.972478	0.012671	155
2445.560832	82.629349	0.972502	0.012561	157
2447.640576	82.611588	0.971949	0.012648	159
2449.720064	82.628716	0.971121	0.012536	161
2451.799808	82.605698	0.971808	0.012592	163
2453.879552	82.598907	0.972436	0.012663	165
2455.959552	82.576454	0.973463	0.012642	167
2458.038784	82.572441	0.973025	0.012628	169
2460.118528	82.551506	0.972309	0.012585	171
2462.198272	82.559746	0.971779	0.012358	173
2464.277760	82.530655	0.971728	0.012668	175
2466.357504	82.523079	0.972487	0.012698	177
2468.437248	82.516762	0.973040	0.012774	179
2470.516992	82.509949	0.973282	0.012722	181
2472.596736	82.503082	0.973069	0.012635	183
2474.676224	82.479439	0.973361	0.012782	185
2476.755712	82.478531	0.973332	0.012660	187
2478.835712	82.483093	0.973832	0.012597	189
2480.914944	82.490601	0.973886	0.012733	191
2482.994688	82.478455	0.974010	0.012721	193
2485.074432	82.480919	0.974534	0.012623	195
2487.154176	82.491112	0.975819	0.012759	197
2489.233920	82.478424	0.976348	0.012848	199
2491.313664	82.483757	0.975892	0.012625	201
2493.393152	82.509377	0.975218	0.012673	203
2495.472896	82.515472	0.974845	0.012478	205
2497.552384	82.498825	0.973928	0.012576	207
2499.632128	82.514824	0.973512	0.012647	209
2501.711872	82.534225	0.973744	0.012633	211
2503.791616	82.518677	0.973152	0.012554	213
2505.871104	82.520996	0.974051	0.012687	215
2507.950592	82.512505	0.974475	0.012593	217
2510.030592	82.514465	0.973845	0.012564	219
2512.110592	82.504623	0.973556	0.012747	221
2514.190080	82.508408	0.973456	0.012630	223
2516.269824	82.494026	0.973153	0.012567	225
2518.349568	82.505959	0.973169	0.012586	227
2520.429056	82.499054	0.972983	0.012531	229
2522.508544	82.473335	0.972613	0.012580	231
2524.588288	82.472870	0.972449	0.012643	233
2526.667776	82.450974	0.972256	0.012478	235
2528.747520	82.438271	0.972764	0.012556	237
2530.827264	82.437996	0.974160	0.012497	239
2532.907008	82.426392	0.973392	0.012528	241
2534.987008	82.403290	0.973066	0.012529	243
2537.066496	82.415466	0.972957	0.012695	245
2539.145984	82.373055	0.972396	0.012695	247
2541.225728	82.377975	0.972277	0.012522	249
2543.305472	82.378967	0.972237	0.012496	251
2545.385472	82.367477	0.972188	0.012450	253
2547.464704	82.356773	0.972500	0.012534	255
2549.544448	82.348618	0.972520	0.012499	1
2551.624448	82.364220	0.972898	0.012468	3
2553.703680	82.359863	0.972735	0.012608	5
2555.783680	82.376328	0.972694	0.012535	7
2557.863168	82.369415	0.972519	0.012675	9
2559.942912	82.373100	0.972061	0.012640	11
2562.022912	82.376686	0.971262	0.012772	13
2564.102144	82.412430	0.972141	0.012896	15
2566.181376	82.383408	0.972265	0.012787	17
2568.261376	82.362297	0.972756	0.012773	19
2570.340864	82.359703	0.972123	0.012563	21
2572.420608	82.388588	0.972778	0.012722	23
2574.500352	82.411308	0.973592	0.012595	25
2576.580096	82.410217	0.973127	0.012814	27
2578.659840	82.370903	0.973411	0.012606	29
2580.739584	82.389740	0.973501	0.012642	31
2582.819072	82.390785	0.973331	0.012697	33
2584.898816	82.376686	0.973472	0.012718	35
2586.978560	82.383080	0.973288	0.012712	37
2589.058304	82.347618	0.974044	0.012533	39
2591.137536	82.348724	0.974769	0.012812	41
2593.217024	82.326042	0.974691	0.012710	43
2595.297280	82.341362	0.974156	0.012742	45
2597.376768	82.312073	0.974523	0.012677	47
2599.456512	82.295883	0.974904	0.012576	49
2601.536256	82.314568	0.974675	0.012687	51
2603.615488	82.293823	0.974122	0.012688	53
2605.695488	82.298096	0.974087	0.012735	55
2607.774976	82.275635	0.974075	0.012622	57
2609.854720	82.267403	0.973256	0.012750	59
2611.934720	82.247841	0.972525	0.012705	61
2614.014208	82.254715	0.972379	0.012629	63
2616.093440	82.259384	0.971524	0.012746	65
2618.173696	82.245987	0.971490	0.012779	67
2620.252928	82.234970	0.972161	0.012745	69
2622.332928	82.244194	0.972077	0.012735	71
2624.412672	82.215073	0.972548	0.012848	73
2626.491904	82.236458	0.972166	0.012669	75
2628.571904	82.226341	0.972250	0.012880	77
2630.651392	82.249580	0.972975	0.012732	79
2632.731136	82.253876	0.973617	0.012861	81
2634.811136	82.238853	0.974008	0.012943	83
2636.890624	82.257317	0.973794	0.012790	85
2638.970112	82.244194	0.973203	0.012790	87
2641.050112	82.260269	0.973313	0.012842	89
2643.129344	82.218170	0.972383	0.012837	91
2645.208832	82.276711	0.970571	0.012728	93
2647.288576	82.251045	0.970827	0.012550	95
2649.367808	82.264465	0.971067	0.012763	97
2651.447552	82.253044	0.971338	0.012928	99
2653.527296	82.268517	0.971420	0.012937	101
2655.607040	82.290886	0.972001	0.013130	103
2657.686272	82.225296	0.972470	0.013295	105
2659.766528	82.219330	0.972758	0.012909	107
2661.846016	82.224449	0.972842	0.013096	109
2663.925760	82.248940	0.972814	0.012891	111
2666.005760	82.225456	0.972900	0.012957	113
2668.085760	82.178276	0.974320	0.013082	115
2670.165248	82.196053	0.974001	0.013081	117
2672.244480	82.196098	0.973536	0.013186	119
2674.324736	82.190659	0.972857	0.013056	121
2676.404224	82.166641	0.973017	0.013161	123
2678.483712	82.158035	0.973304	0.013038	125
2680.563456	82.162727	0.973565	0.013023	127
2682.642944	82.142822	0.974317	0.012920	129
2684.722688	82.139427	0.974738	0.013046	131
2686.802432	82.153931	0.974653	0.013120	133
2688.882176	82.134239	0.974807	0.013072	135
2690.961664	82.139122	0.975064	0.013038	137
2693.041152	82.134644	0.974014	0.013068	139
2695.121152	82.144402	0.974505	0.012957	141
2697.200896	82.135193	0.974730	0.012871	143
2699.280640	82.120491	0.974443	0.012819	145
2701.360384	82.126579	0.974140	0.012750	147
2703.439616	82.114258	0.973830	0.012831	149
2705.519616	82.111313	0.972680	0.012841	151
2707.599104	82.125404	0.972509	0.012798	153
2709.678848	82.132782	0.972327	0.012730	155
2711.758848	82.117653	0.972382	0.012654	157
2713.838080	82.120995	0.972273	0.012937	159
2715.917824	82.120445	0.972230	0.012813	161
2717.997568	82.118927	0.972037	0.012758	163
2720.077056	82.136391	0.971876	0.012762	165
2722.156800	82.129745	0.972767	0.012736	167
2724.236288	82.119812	0.973533	0.012813	169
2726.316288	82.094826	0.973515	0.012820	171
2728.396032	82.135086	0.973264	0.012902	173
2730.475520	82.098251	0.973019	0.012775	175
2732.555008	82.109779	0.972813	0.012823	177
2734.635008	82.106514	0.973340	0.012674	179
2736.714496	82.085068	0.973215	0.012682	181
2738.794240	82.076195	0.972867	0.012713	183
2740.873728	82.085098	0.972953	0.012775	185
2742.953728	82.056671	0.973017	0.012693	187
2745.033472	82.076820	0.972806	0.012747	189
2747.112960	82.046989	0.972695	0.012804	191
2749.192448	82.028687	0.971823	0.012712	193
2751.272192	82.049034	0.972492	0.012690	195
2753.351936	82.035408	0.972882	0.012672	197
2755.431936	82.041946	0.973659	0.012676	199
2757.511680	82.037476	0.972923	0.012492	201
2759.591168	82.024742	0.973055	0.012714	203
2761.670656	82.023155	0.973220	0.012782	205
2763.750144	82.018196	0.973881	0.012864	207
2765.829888	82.028664	0.974582	0.012775	209
2767.909888	82.025688	0.973860	0.012906	211
2769.989120	82.022293	0.973685	0.012826	213
2772.068864	82.010635	0.972935	0.012945	215
2774.148864	82.016144	0.973335	0.012925	217
2776.228352	82.012794	0.973540	0.012985	219
2778.308096	82.027069	0.973802	0.012958	221
2780.388096	82.024529	0.973576	0.012896	223
2782.467584	82.029686	0.972105	0.012894	225
2784.547072	82.008316	0.971916	0.012936	227
2786.626816	82.022690	0.971286	0.012949	229
2788.706304	82.013512	0.972188	0.012912	231
2790.786048	82.018822	0.971844	0.012980	233
2792.865792	82.012505	0.971521	0.013011	235
2794.945280	81.988899	0.972845	0.013035	237
2797.025024	81.996681	0.972362	0.012946	239
2799.105536	82.012321	0.970913	0.012895	241
2801.184512	81.986755	0.972855	0.012791	243
2803.264256	81.977898	0.973104	0.012822	245
2805.343488	81.979675	0.973278	0.012854	247
2807.423488	81.966301	0.973504	0.012895	249
2809.503488	81.956017	0.973644	0.012986	251
2811.583232	81.961403	0.973140	0.013078	253
2813.662720	81.963516	0.972475	0.013048	255
2815.742208	81.965492	0.971993	0.012920	1
2817.821952	81.953072	0.971141	0.012971	3
2819.901440	81.947845	0.971612	0.012850	5
2821.981184	81.956833	0.971792	0.012884	7
2824.061184	81.933441	0.971773	0.012906	9
2826.140672	81.932365	0.971607	0.012941	11
2828.220160	81.946777	0.971355	0.012793	13
2830.300160	81.939262	0.972152	0.012759	15
2832.379648	81.901588	0.973569	0.012938	17
2834.459392	81.912788	0.973416	0.012798	19
2836.539136	81.916603	0.973477	0.012634	21
2838.618624	81.904266	0.973840	0.012777	23
2840.698368	81.922653	0.973611	0.012659	25
2842.778112	81.921227	0.973825	0.012679	27
2844.857600	81.917595	0.973756	0.012767	29
2846.937600	81.895454	0.973725	0.012819	31
2849.017088	81.903603	0.973971	0.012757	33
2851.096832	81.909264	0.973549	0.012795	35
2853.176576	81.901886	0.973155	0.012924	37
2855.256064	81.907822	0.972981	0.012897	39
2857.335808	81.904991	0.973142	0.012970	41
2859.415296	81.883873	0.973297	0.012978	43
2861.495296	81.901497	0.972953	0.012753	45
2863.574784	81.897369	0.973455	0.012806	47
2865.654784	81.864891	0.973023	0.012811	49
2867.734272	81.862419	0.972623	0.012620	51
2869.813760	81.877449	0.972958	0.012736	53
2871.893504	81.877167	0.972973	0.012871	55
2873.973504	81.869087	0.972879	0.012854	57
2876.052736	81.839561	0.972948	0.012779	59
2878.132736	81.857628	0.973022	0.012843	61
2880.212224	81.858521	0.973283	0.012807	63
2882.291968	81.831940	0.972940	0.012741	65
2884.371456	81.831619	0.971970	0.012927	67
2886.451200	81.814819	0.971802	0.012713	69
2888.531200	81.828308	0.971377	0.012810	71
2890.610688	81.822517	0.971882	0.012663	73
2892.690432	81.809319	0.971601	0.012643	75
2894.769664	81.800255	0.972028	0.012726	77
2896.849664	81.795273	0.972957	0.012725	79
2898.929408	81.774902	0.972768	0.012724	81
2901.009152	81.777695	0.972412	0.012603	83
2903.088640	81.761169	0.971518	0.012736	85
2905.168384	81.772934	0.971351	0.012652	87
2907.248384	81.762688	0.972508	0.012698	89
2909.328128	81.763954	0.972458	0.012618	91
2911.408128	81.761856	0.972826	0.012863	93
2913.487872	81.740318	0.972499	0.012676	95
2915.567104	81.774719	0.973288	0.012549	97
2917.646848	81.755119	0.972659	0.012697	99
2919.726592	81.763268	0.972644	0.012630	101
2921.806848	81.755661	0.972792	0.013118	103
2923.886080	81.779335	0.973072	0.012629	105
2925.965312	81.755341	0.971883	0.012700	107
2928.044800	81.762306	0.971137	0.012482	109
2930.124288	81.744652	0.971459	0.012626	111
2932.204032	81.755409	0.971552	0.012787	113
2934.283776	81.756226	0.971684	0.012742	115
2936.363008	81.754707	0.971811	0.012811	117
2938.443008	81.725754	0.971984	0.012811	119
2940.522752	81.746178	0.971193	0.012696	121
2942.602496	81.726410	0.971423	0.012710	123
2944.682496	81.739159	0.971544	0.012733	125
2946.761728	81.719566	0.971885	0.012686	127
2948.841472	81.719376	0.971958	0.012763	129
2950.921216	81.711250	0.972150	0.012735	131
2953.000704	81.710129	0.972600	0.012803	133
2955.080448	81.668564	0.972237	0.013006	135
2957.160192	81.702194	0.971945	0.012857	137
2959.239680	81.684990	0.971267	0.013055	139
2961.319424	81.671951	0.971275	0.013041	141
2963.398912	81.678551	0.971190	0.013187	143
2965.478912	81.673607	0.971552	0.013106	145
2967.558656	81.661308	0.971605	0.013125	147
2969.638144	81.651367	0.971239	0.013203	149
2971.717888	81.637924	0.971648	0.013093	151
2973.797376	81.652161	0.971782	0.013008	153
2975.877120	81.655708	0.972392	0.012952	155
2977.956864	81.630920	0.972311	0.013058	157
2980.036608	81.649742	0.972633	0.012955	159
2982.116096	81.646111	0.972281	0.012961	161
2984.195584	81.623672	0.972327	0.013008	163
2986.275328	81.637581	0.972325	0.012755	165
2988.354816	81.632248	0.972094	0.012916	167
2990.434560	81.639183	0.971955	0.012843	169
2992.514560	81.623795	0.972886	0.012823	171
2994.594048	81.633774	0.972816	0.012737	173
2996.673792	81.638016	0.972612	0.012858	175
2998.753280	81.625450	0.972041	0.012981	177
3000.833024	81.618675	0.971874	0.012912	179
3002.912768	81.611580	0.971499	0.013090	181
3004.992512	81.609840	0.972147	0.012849	183
3007.072000	81.611404	0.972352	0.012911	185
3009.152000	81.604477	0.973118	0.012847	187
3011.231744	81.599632	0.974086	0.012941	189
3013.310976	81.585808	0.973927	0.012859	191
3015.390720	81.578819	0.973947	0.012917	193
3017.470208	81.594803	0.973483	0.012832	195
3019.549952	81.594589	0.973317	0.012778	197
3021.629952	81.577507	0.974352	0.012682	199
3023.709440	81.596931	0.974423	0.012748	201
3025.789184	81.556320	0.974605	0.012657	203
3027.868928	81.553986	0.975280	0.012630	205
3029.948672	81.552277	0.975379	0.012664	207
3032.028416	81.541336	0.975789	0.012520	209
3034.107904	81.576935	0.975445	0.012447	211
3036.187904	81.530945	0.975156	0.012518	213
3038.267648	81.542572	0.975507	0.012557	215
3040.347392	81.533752	0.974809	0.012616	217
3042.426880	81.523056	0.974946	0.012528	219
3044.506368	81.530602	0.973602	0.012392	221
3046.586112	81.520531	0.972421	0.012499	223
3048.665344	81.515755	0.972174	0.012626	225
3050.745088	81.506912	0.971461	0.012460	227
3052.825088	81.514595	0.971282	0.012477	229
3054.904832	81.533295	0.971850	0.012538	231
3056.984320	81.501099	0.972526	0.012502	233
3059.063808	81.503517	0.972629	0.012583	235
3061.143552	81.502861	0.972112	0.012469	237
3063.223040	81.491692	0.971814	0.012464	239
3065.303040	81.494759	0.971974	0.012554	241
3067.382784	81.490097	0.972493	0.012611	243
3069.462272	81.485336	0.972454	0.012614	245
3071.542016	81.486801	0.972374	0.012555	247
3073.621760	81.477425	0.972757	0.012579	249
3075.701760	81.456169	0.973161	0.012567	251
3077.781248	81.485031	0.973003	0.012541	253
3079.860736	81.478424	0.973159	0.012453	255
3081.940224	81.438423	0.973413	0.012386	1
3084.020480	81.438637	0.974088	0.012657	3
3086.099968	81.459366	0.974230	0.012554	5
3088.179968	81.433311	0.974320	0.012587	7
3090.259456	81.440750	0.974748	0.012625	9
3092.338944	81.451416	0.974667	0.012482	11
3094.418688	81.442665	0.974283	0.012679	13
3096.498176	81.410881	0.973393	0.012656	15
3098.578432	81.431854	0.973054	0.012549	17
3100.657920	81.425758	0.972914	0.012583	19
3102.737408	81.420624	0.972281	0.012645	21
3104.816896	81.412605	0.972763	0.012661	23
3106.896896	81.408028	0.972707	0.012652	25
3108.976640	81.412239	0.972053	0.012681	27
3111.056384	81.399307	0.971656	0.012650	29
3113.136128	81.394493	0.971515	0.012564	31
3115.215360	81.391800	0.971677	0.012555	33
3117.295360	81.396790	0.971297	0.012576	35
3119.374848	81.377357	0.971078	0.012658	37
3121.454848	81.381050	0.971048	0.012561	39
3123.534080	81.361153	0.971503	0.012489	41
3125.613824	81.357819	0.971476	0.012474	43
3127.693568	81.343185	0.971788	0.012663	45
3129.773312	81.359962	0.971654	0.012596	47
3131.853056	81.352669	0.971856	0.012462	49
3133.932800	81.340057	0.971414	0.012531	51
3136.012800	81.339470	0.971325	0.012348	53
3138.091776	81.326324	0.970886	0.012457	55
3140.171776	81.339653	0.970384	0.012316	57
3142.251264	81.356781	0.970787	0.012266	59
3144.331008	81.322624	0.970342	0.012347	61
3146.411008	81.343163	0.970136	0.012295	63
3148.490496	81.329086	0.971174	0.012330	65
3150.569984	81.317360	0.971160	0.012310	67
3152.649984	81.316429	0.971513	0.012287	69
3154.729728	81.326691	0.971973	0.012351	71
3156.809216	81.316612	0.972029	0.012343	73
3158.888960	81.312859	0.972655	0.012353	75
3160.968192	81.313644	0.973072	0.012495	77
3163.048448	81.301743	0.973433	0.012436	79
3165.127936	81.311073	0.973373	0.012444	81
3167.207680	81.324677	0.973186	0.012481	83
3169.287424	81.310104	0.972577	0.012436	85
3171.366912	81.304596	0.972268	0.012392	87
3173.446400	81.292618	0.972500	0.012375	89
3175.526400	81.289902	0.972419	0.012449	91
3177.606144	81.263824	0.972157	0.012470	93
3179.685632	81.272797	0.972513	0.012504	95
3181.765120	81.276749	0.971600	0.012394	97
3183.844864	81.256638	0.970808	0.012627	99
3185.924608	81.265518	0.970351	0.012455	101
3188.004608	81.241379	0.970558	0.012529	103
3190.084352	81.265266	0.969725	0.012446	105
3192.164096	81.235771	0.970282	0.012527	107
3194.243584	81.244194	0.970470	0.012529	109
3196.323328	81.228905	0.971157	0.012569	111
3198.402816	81.209534	0.971602	0.012529	113
3200.482560	81.220734	0.971613	0.012526	115
3202.562304	81.216728	0.971739	0.012639	117
3204.641792	81.214378	0.971642	0.012601	119
3206.721536	81.217926	0.970866	0.012586	121
3208.801536	81.223450	0.970966	0.012657	123
3210.881024	81.214546	0.971177	0.012685	125
3212.961024	81.186707	0.971792	0.012664	127
3215.040256	81.188774	0.971385	0.012572	129
3217.120000	81.214775	0.971668	0.012563	131
3219.199744	81.196327	0.971946	0.012754	133
3221.279744	81.206169	0.972250	0.012731	135
3223.359232	81.183846	0.971609	0.012639	137
3225.438720	81.194702	0.971829	0.012749	139
3227.518208	81.205002	0.971461	0.012769	141
3229.598208	81.178879	0.971279	0.012786	143
3231.677696	81.169151	0.972492	0.012801	145
3233.757440	81.187988	0.972957	0.012825	147
3235.837440	81.175667	0.972300	0.012711	149
3237.916672	81.161423	0.972314	0.012916	151
3239.996416	81.153053	0.972204	0.012818	153
3242.076416	81.151962	0.971054	0.012600	155
3244.155904	81.156227	0.970280	0.012755	157
3246.235648	81.166702	0.969864	0.012750	159
3248.315392	81.148773	0.969823	0.012774	161
3250.394880	81.153481	0.969497	0.012760	163
3252.474880	81.139511	0.969804	0.012871	165
3254.554368	81.133652	0.969558	0.012885	167
3256.634112	81.137207	0.970179	0.012667	169
3258.713856	81.125366	0.970125	0.012718	171
3260.793344	81.118980	0.970477	0.012867	173
3262.873088	81.104225	0.970268	0.012909	175
3264.952832	81.100166	0.970302	0.013035	177
3267.032576	81.098602	0.970909	0.012967	179
3269.112064	81.097015	0.971308	0.012947	181
3271.191552	81.094238	0.971428	0.012926	183
3273.271296	81.068893	0.971244	0.012903	185
3275.351040	81.098999	0.971622	0.012858	187
3277.430784	81.085686	0.972701	0.012866	189
3279.510528	81.078560	0.972645	0.012843	191
3281.590272	81.078079	0.972368	0.012866	193
3283.669760	81.103714	0.972807	0.012765	195
3285.749248	81.077759	0.973661	0.012861	197
3287.829248	81.071609	0.973154	0.012871	199
3289.908736	81.086861	0.973608	0.012828	201
3291.988480	81.077011	0.973457	0.012798	203
3294.067968	81.083374	0.973309	0.012797	205
3296.147968	81.065414	0.972893	0.012790	207
3298.227456	81.091583	0.973169	0.012822	209
3300.307200	81.072388	0.973345	0.012839	211
3302.386944	81.056122	0.972700	0.012852	213
3304.466432	81.069328	0.972000	0.012869	215
3306.546176	81.056099	0.971585	0.012844	217
3308.625920	81.049721	0.971770	0.012824	219
3310.705408	81.058899	0.971791	0.012948	221
3312.785408	81.041893	0.971373	0.012801	223
3314.864640	81.068848	0.970797	0.012746	225
3316.944640	81.036911	0.971135	0.012873	227
3319.024640	81.037376	0.971794	0.012883	229
3321.104128	81.018791	0.971193	0.012894	231
3323.183872	81.020142	0.971372	0.012822	233
3325.263360	81.014328	0.970796	0.012840	235
3327.343104	80.993973	0.969935	0.012918	237
3329.422848	80.986092	0.969038	0.012893	239
3331.502592	81.006592	0.969957	0.012915	241
3333.582080	80.982941	0.970339	0.013027	243
3335.661824	80.973770	0.970222	0.012928	245
3337.741312	80.950035	0.970606	0.012954	247
3339.821056	80.969681	0.970674	0.012863	249
3341.901056	80.959892	0.970975	0.013026	251
3343.980544	80.949173	0.970388	0.013007	253
3346.060288	80.938477	0.970815	0.013070	255
3348.139776	80.939636	0.971319	0.012961	1
3350.219264	80.932999	0.971257	0.012967	3
3352.299264	80.941658	0.971774	0.013046	5
3354.379008	80.936172	0.971394	0.012913	7
3356.458752	80.947342	0.971152	0.012904	9
3358.538240	80.960785	0.971451	0.012814	11
3360.618240	80.954681	0.971497	0.012880	13
3362.697728	80.949677	0.970409	0.012805	15
3364.777472	80.956291	0.970631	0.012828	17
3366.856960	80.956093	0.970144	0.012933	19
3368.936704	80.933189	0.970948	0.012854	21
3371.015936	80.952629	0.970826	0.012851	23
3373.096192	80.923706	0.970927	0.012927	25
3375.175680	80.938713	0.971133	0.012851	27
3377.255424	80.926857	0.970950	0.012921	29
3379.335168	80.933983	0.970285	0.012914	31
3381.414400	80.929245	0.970736	0.012922	33
3383.494144	80.922798	0.969935	0.012899	35
3385.574144	80.896706	0.969511	0.012932	37
3387.653632	80.885307	0.969120	0.012822	39
3389.733376	80.908730	0.970047	0.012965	41
3391.813120	80.889465	0.970210	0.012641	43
3393.892608	80.881233	0.970302	0.012780	45
3395.972608	80.862732	0.970227	0.012723	47
3398.052096	80.874481	0.970739	0.012706	49
3400.131584	80.838921	0.971741	0.012716	51
3402.211328	80.834732	0.971619	0.012750	53
3404.291328	80.833450	0.970768	0.012798	55
3406.370816	80.832367	0.970259	0.012708	57
3408.450560	80.826225	0.970941	0.012521	59
3410.530304	80.815842	0.971139	0.012622	61
3412.609792	80.848404	0.971290	0.012663	63
3414.689792	80.827072	0.971748	0.012763	65
3416.769280	80.821625	0.971343	0.012821	67
3418.848768	80.808342	0.972195	0.012749	69
3420.928512	80.826286	0.973105	0.012620	71
3423.008256	80.827690	0.973095	0.012708	73
3425.087744	80.815277	0.972713	0.012666	75
3427.167744	80.829674	0.972251	0.012581	77
3429.247488	80.813240	0.971996	0.012594	79
3431.326976	80.835312	0.971936	0.012534	81
3433.406976	80.807144	0.971852	0.012586	83
3435.486464	80.813522	0.972494	0.012591	85
3437.566208	80.831787	0.972704	0.012528	87
3439.645952	80.819290	0.972809	0.012631	89
3441.725440	80.801239	0.971997	0.012484	91
3443.805440	80.825691	0.971818	0.012554	93
3445.884928	80.830681	0.971518	0.012535	95
3447.964160	80.811104	0.972024	0.012513	97
3450.044416	80.797333	0.972022	0.012603	99
3452.123648	80.803650	0.971046	0.012526	101
3454.203904	80.781433	0.971626	0.012645	103
3456.283136	80.810181	0.971124	0.012618	105
3458.362624	80.768013	0.971441	0.012699	107
3460.442624	80.768372	0.971125	0.012757	109
3462.522112	80.760025	0.971135	0.012752	111
3464.602112	80.748268	0.971403	0.012816	113
3466.681600	80.749725	0.971694	0.012666	115
3468.761088	80.726959	0.971950	0.012810	117
3470.840832	80.711754	0.971815	0.012780	119
3472.920576	80.713623	0.971735	0.012712	121
3475.000320	80.703094	0.971854	0.012755	123
3477.080064	80.697113	0.971513	0.012765	125
3479.159552	80.705933	0.971670	0.012893	127
3481.239296	80.686577	0.971454	0.012854	129
3483.319040	80.684494	0.971431	0.012963	131
3485.398528	80.653137	0.972226	0.012999	133
3487.478528	80.678024	0.971939	0.012949	135
3489.558016	80.672417	0.972017	0.012970	137
3491.637760	80.689476	0.972522	0.012950	139
3493.717504	80.670746	0.972103	0.012934	141
3495.796992	80.661491	0.971893	0.012949	143
3497.876736	80.682549	0.972139	0.012958	145
3499.956224	80.668198	0.972501	0.012874	147
3502.035968	80.683685	0.972646	0.012925	149
3504.115712	80.682320	0.972384	0.012912	151
3506.195456	80.697350	0.971450	0.012864	153
3508.275200	80.705795	0.971150	0.012946	155
3510.354688	80.672890	0.971497	0.013016	157
3512.434432	80.692665	0.971418	0.013128	159
3514.513920	80.662476	0.971035	0.013148	161
3516.593664	80.662323	0.971250	0.013187	163
3518.673408	80.668488	0.970431	0.013220	165
3520.753408	80.663055	0.969975	0.013213	167
3522.833152	80.653793	0.969482	0.013257	169
3524.912384	80.647499	0.968965	0.013093	171
3526.991872	80.662415	0.969876	0.013188	173
3529.071616	80.650253	0.970576	0.013176	175
3531.151616	80.647804	0.971294	0.013264	177
3533.231104	80.628166	0.972307	0.013276	179
3535.310592	80.626572	0.971896	0.013277	181
3537.390592	80.614975	0.971426	0.013174	183
3539.470336	80.598160	0.971664	0.013213	185
3541.549824	80.595650	0.972878	0.013160	187
3543.629312	80.599472	0.972663	0.013179	189
3545.709312	80.567696	0.971907	0.013107	191
3547.788800	80.573952	0.971841	0.013062	193
3549.868288	80.578934	0.972280	0.013177	195
3551.948288	80.563477	0.972077	0.013142	197
3554.027776	80.558022	0.972332	0.013111	199
3556.107520	80.556366	0.972841	0.013110	201
3558.187008	80.554741	0.972611	0.012920	203
3560.267008	80.560738	0.972191	0.013131	205
3562.346752	80.574371	0.973232	0.013049	207
3564.426240	80.563866	0.973145	0.012955	209
3566.506240	80.547173	0.972565	0.012961	211
3568.585472	80.565727	0.972926	0.012930	213
3570.665472	80.560799	0.972611	0.013002	215
3572.744960	80.561981	0.972168	0.013005	217
3574.824704	80.577850	0.971959	0.012926	219
3576.904448	80.563637	0.971828	0.012907	221
3578.983936	80.557358	0.971643	0.012847	223
3581.063424	80.576591	0.970978	0.012886	225
3583.143168	80.552094	0.970649	0.012931	227
3585.222912	80.539490	0.970458	0.012933	229
3587.302912	80.553322	0.970068	0.012947	231
3589.382656	80.545105	0.970119	0.013039	233
3591.461632	80.542191	0.970116	0.012958	235
3593.541632	80.535683	0.969909	0.012976	237
3595.621120	80.522217	0.970930	0.013029	239
3597.701120	80.508385	0.971125	0.013093	241
3599.780608	80.491493	0.971255	0.013000	243
3601.860096	80.493706	0.971290	0.013022	245
3603.940096	80.471512	0.972090	0.013045	247
3606.019840	80.464790	0.971953	0.013093	249
3608.099328	80.466766	0.971755	0.013126	251
3610.179072	80.463364	0.971562	0.013128	253
3612.258816	80.455589	0.972827	0.013091	255
3614.338304	80.422791	0.973427	0.013037	1
3616.418048	80.411797	0.973728	0.013023	3
3618.497536	80.447006	0.973732	0.013130	5
3620.577280	80.416969	0.973309	0.013277	7
3622.657024	80.417503	0.972829	0.013127	9
3624.736768	80.424835	0.972813	0.013187	11
3626.816512	80.428467	0.972792	0.013181	13
3628.896000	80.396538	0.972954	0.013164	15
3630.975744	80.425102	0.973070	0.013191	17
3633.055488	80.409058	0.973399	0.013096	19
3635.134976	80.426239	0.973667	0.013177	21
3637.214720	80.423126	0.973346	0.013088	23
3639.294464	80.427879	0.973084	0.012973	25
3641.373952	80.420998	0.973019	0.013024	27
3643.453696	80.423103	0.972594	0.012846	29
3645.533440	80.417572	0.971938	0.012925	31
3647.613440	80.435585	0.970862	0.012878	33
3649.692928	80.425919	0.969519	0.012802	35
3651.772672	80.413261	0.969258	0.012883	37
3653.852416	80.410820	0.969594	0.012861	39
3655.932160	80.393501	0.969684	0.012848	41
3658.011648	80.392677	0.969615	0.012920	43
3660.091392	80.391716	0.969064	0.012852	45
3662.170880	80.356705	0.969582	0.012862	47
3664.250624	80.362381	0.969824	0.012923	49
3666.330368	80.364464	0.970040	0.012845	51
3668.409856	80.357430	0.970299	0.012826	53
3670.489856	80.356346	0.970197	0.012781	55
3672.569344	80.339500	0.969696	0.012773	57
3674.648832	80.322899	0.969953	0.012893	59
3676.728576	80.325035	0.970055	0.012780	61
3678.808320	80.327545	0.970471	0.012885	63
3680.888064	80.293098	0.970697	0.012669	65
3682.967808	80.309517	0.971465	0.012739	67
3685.047040	80.288780	0.971302	0.012777	69
3687.127040	80.298790	0.971785	0.012799	71
3689.206528	80.282677	0.971933	0.012717	73
3691.286272	80.298790	0.971215	0.012695	75
3693.366016	80.286606	0.969614	0.012656	77
3695.445760	80.288773	0.970250	0.012672	79
3697.525248	80.273956	0.970888	0.012758	81
3699.604992	80.279045	0.970735	0.012781	83
3701.684736	80.299309	0.971409	0.012789	85
3703.764480	80.284508	0.971780	0.012935	87
3705.843712	80.302711	0.972360	0.012793	89
3707.923712	80.299408	0.972294	0.012757	91
3710.003456	80.280319	0.972058	0.012823	93
3712.083200	80.291214	0.972176	0.012716	95
3714.162688	80.290024	0.972171	0.012769	97
3716.242432	80.288177	0.972099	0.012710	99
3718.321920	80.271622	0.972121	0.012668	101
3720.401920	80.273033	0.971744	0.012721	103
3722.481664	80.280251	0.971519	0.012644	105
3724.561408	80.245453	0.971879	0.012667	107
3726.640896	80.261642	0.971804	0.012725	109
3728.720640	80.260857	0.971853	0.012653	111
3730.799872	80.248543	0.971854	0.012541	113
3732.879872	80.234055	0.972308	0.012655	115
3734.959616	80.233078	0.972601	0.012564	117
3737.039360	80.230164	0.972391	0.012646	119
3739.118848	80.207436	0.972506	0.012689	121
3741.198592	80.223473	0.972252	0.012733	123
3743.278336	80.209518	0.971507	0.012613	125
3745.357824	80.188927	0.971219	0.012680	127
3747.437312	80.184219	0.970508	0.012665	129
3749.517056	80.177979	0.970829	0.012660	131
3751.596800	80.161873	0.971107	0.012633	133
3753.676544	80.170158	0.971876	0.012680	135
3755.756288	80.165260	0.972228	0.012817	137
3757.836032	80.148857	0.971316	0.012715	139
3759.915520	80.159813	0.970888	0.012743	141
3761.995264	80.153572	0.971541	0.012913	143
3764.075008	80.129501	0.971739	0.012965	145
3766.154496	80.130920	0.971739	0.012907	147
3768.234240	80.123978	0.971405	0.012877	149
3770.313728	80.128975	0.971186	0.012777	151
3772.393728	80.139473	0.972082	0.012798	153
3774.473472	80.137100	0.972185	0.012607	155
3776.553216	80.138763	0.972341	0.012873	157
3778.632448	80.132179	0.972664	0.012748	159
3780.712192	80.127083	0.972467	0.012804	161
3782.792192	80.138321	0.972072	0.012784	163
3784.871936	80.120407	0.971850	0.012826	165
3786.951424	80.133514	0.972435	0.012724	167
3789.031168	80.123238	0.971843	0.012710	169
3791.110400	80.129066	0.970864	0.012774	171
3793.190144	80.114708	0.971063	0.012595	173
3795.269888	80.114754	0.971273	0.012700	175
3797.349632	80.129532	0.971658	0.012882	177
3799.429632	80.110756	0.971909	0.012777	179
3801.508864	80.108841	0.972075	0.012735	181
3803.588608	80.076385	0.971783	0.012823	183
3805.668352	80.076218	0.971694	0.012818	185
3807.747840	80.094109	0.972238	0.012752	187
3809.827840	80.086174	0.972031	0.012826	189
3811.907328	80.063957	0.972575	0.012845	191
3813.987072	80.047943	0.972570	0.012856	193
3816.066560	80.049698	0.971874	0.013016	195
3818.146304	80.046051	0.971438	0.012858	197
3820.226048	80.032028	0.970988	0.013049	199
3822.305792	80.033417	0.971080	0.012986	201
3824.385536	80.024864	0.971537	0.012842	203
3826.465024	80.013275	0.971312	0.012948	205
3828.544768	80.007248	0.971965	0.012986	207
3830.624256	79.980995	0.971359	0.012948	209
3832.704256	79.989807	0.971521	0.012801	211
3834.783744	80.006027	0.971462	0.012843	213
3836.863232	79.986816	0.971780	0.012843	215
3838.942976	79.974464	0.972173	0.012962	217
3841.022720	79.971306	0.971833	0.012973	219
3843.102464	79.985954	0.970941	0.012896	221
3845.182208	79.958466	0.971120	0.012861	223
3847.261952	79.979424	0.971271	0.012914	225
3849.341184	79.999527	0.971793	0.012875	227
3851.421184	79.982605	0.971650	0.012938	229
3853.500928	79.975983	0.971626	0.012885	231
3855.580416	79.951599	0.970232	0.012846	233
3857.660160	79.985321	0.969817	0.012766	235
3859.739648	79.955132	0.969388	0.012868	237
3861.819648	79.966995	0.969851	0.012857	239
3863.899392	79.967163	0.970356	0.012810	241
3865.979136	79.972946	0.968906	0.012878	243
3868.058880	79.956543	0.970401	0.012915	245
3870.138112	79.953545	0.970146	0.012937	247
3872.217856	79.945915	0.970953	0.013117	249
3874.297344	79.950432	0.970997	0.013071	251
3876.377088	79.944145	0.971218	0.012996	253
3878.456832	79.933418	0.970928	0.013003	255
3880.536320	79.917992	0.971217	0.013011	1
3882.616064	79.931808	0.971957	0.012929	3
3884.695808	79.913658	0.971055	0.012921	5
3886.775552	79.914246	0.971463	0.013035	7
3888.855296	79.885338	0.971393	0.012998	9
3890.934784	79.905159	0.971819	0.012953	11
3893.014528	79.872223	0.971498	0.013055	13
3895.094272	79.882111	0.971739	0.013073	15
3897.174016	79.886353	0.971547	0.013094	17
3899.253760	79.863861	0.971487	0.013190	19
3901.333248	79.864807	0.971518	0.013073	21
3903.412736	79.871223	0.972145	0.013066	23
3905.492480	79.875229	0.973140	0.013187	25
3907.572224	79.856613	0.972656	0.013278	27
3909.651968	79.869164	0.971448	0.013115	29
3911.731456	79.841354	0.970117	0.013130	31
3913.810944	79.853920	0.970716	0.013148	33
3915.890688	79.875755	0.970901	0.013030	35
3917.970688	79.864677	0.970942	0.013040	37
3920.050432	79.851608	0.971414	0.013002	39
3922.130176	79.843773	0.971037	0.013072	41
3924.209664	79.848663	0.971342	0.013013	43
3926.289408	79.841118	0.971583	0.013044	45
3928.368896	79.839188	0.971952	0.012872	47
3930.448384	79.830315	0.971757	0.012908	49
3932.528128	79.825630	0.971165	0.012997	51
3934.607872	79.824104	0.970273	0.012918	53
3936.687616	79.798203	0.970019	0.012847	55
3938.767360	79.814011	0.969944	0.012761	57
3940.847104	79.817581	0.970597	0.012675	59
3942.926592	79.791420	0.970463	0.012681	61
3945.006336	79.802170	0.971109	0.012743	63
3947.086080	79.778992	0.971315	0.012795	65
3949.165568	79.784042	0.970946	0.012707	67
3951.245568	79.783134	0.970460	0.012720	69
3953.325056	79.778938	0.970425	0.012730	71
3955.404800	79.786621	0.970284	0.012617	73
3957.484288	79.769745	0.970316	0.012678	75
3959.563776	79.752304	0.969413	0.012700	77
3961.643776	79.746216	0.969303	0.012692	79
3963.723264	79.727394	0.969303	0.012795	81
3965.803008	79.735291	0.970144	0.012751	83
3967.882752	79.711136	0.971026	0.012728	85
3969.962240	79.703842	0.970698	0.012691	87
3972.041984	79.727135	0.971275	0.012664	89
3974.121728	79.708405	0.972199	0.012708	91
3976.201472	79.722900	0.972133	0.012673	93
3978.280960	79.712280	0.972368	0.012631	95
3980.360704	79.702293	0.973184	0.012726	97
3982.440192	79.712959	0.972692	0.012749	99
3984.519936	79.708794	0.972632	0.012825	101
3986.599680	79.706741	0.972332	0.012752	103
3988.679424	79.700127	0.971605	0.012605	105
3990.759168	79.698524	0.972230	0.012702	107
3992.838656	79.696007	0.972165	0.012604	109
3994.918400	79.707695	0.973092	0.012854	111
3996.998144	79.689171	0.972859	0.012790	113
3999.077632	79.684692	0.972233	0.012727	115
4001.157632	79.681633	0.971895	0.012924	117
4003.237120	79.685677	0.971248	0.012796	119
4005.316608	79.696671	0.971159	0.012911	121
4007.396352	79.680122	0.971340	0.012831	123
4009.476096	79.672180	0.971570	0.012855	125
4011.555840	79.670784	0.971631	0.012916	127
4013.635328	79.680626	0.971429	0.012821	129
4015.715328	79.641716	0.971643	0.012943	131
4017.794816	79.661697	0.972160	0.012896	133
4019.874560	79.637398	0.972160	0.013044	135
4021.954304	79.628914	0.972141	0.012871	137
4024.034048	79.635193	0.971678	0.013043	139
4026.113536	79.626541	0.972408	0.013089	141
4028.193024	79.630363	0.972848	0.013004	143
4030.272768	79.616905	0.972696	0.013015	145
4032.352512	79.612495	0.972085	0.013122	147
4034.432256	79.585480	0.971724	0.013005	149
4036.511744	79.604675	0.971566	0.013230	151
4038.591232	79.566429	0.971470	0.013156	153
4040.671232	79.585304	0.971633	0.013082	155
4042.750976	79.565819	0.971888	0.013266	157
4044.830720	79.563522	0.971647	0.013067	159
4046.910208	79.561623	0.972311	0.013059	161
4048.989952	79.567154	0.972920	0.012991	163
4051.069440	79.553436	0.972968	0.013022	165
4053.149184	79.563507	0.973408	0.013057	167
4055.228928	79.547882	0.973809	0.013009	169
4057.308672	79.549179	0.973653	0.012943	171
4059.388160	79.544174	0.973117	0.012921	173
4061.467904	79.550629	0.972674	0.012817	175
4063.547648	79.543442	0.972624	0.012851	177
4065.627392	79.557892	0.972054	0.012684	179
4067.706880	79.536217	0.972054	0.012850	181
4069.786880	79.548172	0.971685	0.012806	183
4071.866368	79.538712	0.972269	0.012806	185
4073.946112	79.510735	0.972469	0.012800	187
4076.025600	79.529755	0.971810	0.012733	189
4078.105344	79.518654	0.972277	0.012806	191
4080.185088	79.528709	0.972321	0.012685	193
4082.264576	79.516159	0.971496	0.012777	195
4084.344320	79.506355	0.971845	0.012814	197
4086.423808	79.524750	0.971901	0.012671	199
4088.503808	79.501328	0.972028	0.012774	201
4090.583296	79.507919	0.971821	0.012843	203
4092.663040	79.488541	0.971939	0.012870	205
4094.742784	79.482346	0.971933	0.012818	207
4096.822016	79.492317	0.972189	0.012934	209
4098.901760	79.460846	0.972401	0.012904	211
4100.981760	79.473259	0.972377	0.012873	213
4103.061248	79.458084	0.972925	0.012873	215
4105.140992	79.462440	0.973151	0.012953	217
4107.220992	79.455688	0.972948	0.012935	219
4109.300224	79.444031	0.972303	0.012963	221
4111.379968	79.435768	0.971696	0.012942	223
4113.459712	79.419342	0.970772	0.012925	225
4115.539456	79.432549	0.970785	0.013034	227
4117.618944	79.417114	0.970372	0.013019	229
4119.698432	79.411575	0.969532	0.013032	231
4121.778432	79.417252	0.970106	0.012999	233
4123.857920	79.416512	0.970280	0.013015	235
4125.937664	79.385712	0.971008	0.013041	237
4128.017408	79.393852	0.971439	0.013199	239
4130.097152	79.391579	0.971367	0.013067	241
4132.176640	79.393715	0.971706	0.013087	243
4134.256128	79.384483	0.972591	0.013063	245
4136.336128	79.399513	0.972987	0.013087	247
4138.415872	79.380447	0.972562	0.013145	249
4140.495360	79.400063	0.972754	0.012966	251
4142.574848	79.377441	0.972382	0.012971	253
4144.654592	79.389328	0.972852	0.013138	255
4146.734336	79.401733	0.972393	0.013014	1
4148.813824	79.366005	0.972867	0.013176	3
4150.893568	79.391151	0.972645	0.013007	5
4152.973056	79.377411	0.972739	0.013082	7
4155.053056	79.373695	0.972353	0.012932	9
4157.132800	79.352089	0.971898	0.013027	11
4159.212288	79.356873	0.971474	0.013006	13
4161.292032	79.335777	0.971439	0.012852	15
4163.371520	79.338921	0.970998	0.012931	17
4165.451264	79.330887	0.971481	0.012927	19
4167.531008	79.333549	0.972078	0.013012	21
4169.610752	79.336411	0.971938	0.012955	23
4171.690240	79.339035	0.972315	0.013033	25
4173.769728	79.304764	0.972102	0.013106	27
4175.849472	79.299149	0.972604	0.013033	29
4177.929472	79.296776	0.972157	0.012982	31
4180.008960	79.295509	0.972464	0.012948	33
4182.088704	79.277916	0.972838	0.013025	35
4184.168448	79.296761	0.972850	0.012993	37
4186.247936	79.267487	0.972704	0.013063	39
4188.327680	79.245392	0.972241	0.012920	41
4190.407424	79.259514	0.971904	0.012878	43
4192.487168	79.265381	0.971967	0.012879	45
4194.566656	79.245522	0.972096	0.012945	47
4196.646400	79.238922	0.971444	0.012985	49
4198.725888	79.253029	0.971676	0.012863	51
4200.805632	79.247200	0.971357	0.012882	53
4202.885120	79.241974	0.971536	0.013009	55
4204.965120	79.225403	0.971515	0.012920	57
4207.044864	79.250748	0.972184	0.012777	59
4209.124352	79.244713	0.972199	0.012948	61
4211.204096	79.245522	0.972492	0.013023	63
4213.283840	79.230492	0.972487	0.012982	65
4215.363584	79.233452	0.972332	0.013006	67
4217.443328	79.227707	0.972290	0.012948	69
4219.522816	79.232956	0.971981	0.012912	71
4221.602560	79.229118	0.971372	0.012968	73
4223.682048	79.222740	0.970886	0.012933	75
4225.761536	79.221626	0.970949	0.012990	77
4227.841280	79.211647	0.971520	0.012987	79
4229.921024	79.205467	0.971484	0.012983	81
4232.000512	79.206726	0.972358	0.012936	83
4234.080512	79.194435	0.972491	0.012890	85
4236.160000	79.202415	0.972457	0.013034	87
4238.239744	79.191216	0.971697	0.012870	89
4240.319488	79.175926	0.971834	0.012920	91
4242.399232	79.188072	0.971763	0.012912	93
4244.478720	79.185089	0.971352	0.012979	95
4246.558464	79.189964	0.971373	0.012976	97
4248.638208	79.159500	0.971385	0.012972	99
4250.717952	79.155365	0.970942	0.012752	101
4252.797440	79.158028	0.971902	0.012824	103
4254.876928	79.133736	0.971627	0.012742	105
4256.956416	79.128586	0.971959	0.012700	107
4259.036416	79.123116	0.971772	0.012748	109
4261.116160	79.118347	0.971965	0.012812	111
4263.196160	79.117973	0.972500	0.012637	113
4265.275392	79.106041	0.972284	0.012885	115
4267.354880	79.106674	0.971923	0.012820	117
4269.434624	79.096169	0.972972	0.012816	119
4271.514368	79.116943	0.973426	0.012729	121
4273.594112	79.114624	0.972466	0.012799	123
4275.673600	79.090599	0.972542	0.012746	125
4277.753088	79.101074	0.972528	0.012800	127
4279.833600	79.071411	0.973206	0.012891	129
4281.913088	79.115814	0.972629	0.012816	131
4283.992576	79.073082	0.972113	0.012968	133
4286.071808	79.063553	0.972577	0.012798	135
4288.151808	79.081123	0.972699	0.012843	137
4290.231552	79.068024	0.972710	0.012751	139
4292.311296	79.061493	0.972441	0.012750	141
4294.390784	79.083328	0.971925	0.012638	143
4296.470528	79.055710	0.971882	0.012751	145
4298.549760	79.044235	0.971945	0.012794	147
4300.629504	79.050003	0.972448	0.012730	149
4302.709248	79.053040	0.972015	0.012602	151
4304.788992	79.064735	0.972270	0.012789	153
4306.868736	79.064766	0.971776	0.012693	155
4308.948480	79.003708	0.971008	0.012727	157
4311.028224	79.020821	0.971356	0.012656	159
4313.107456	79.028374	0.971764	0.012684	161
4315.187712	78.994476	0.971804	0.012672	163
4317.266944	79.013336	0.971030	0.012682	165
4319.346688	79.013786	0.971436	0.012819	167
4321.426432	78.996559	0.970803	0.012731	169
4323.505664	78.982643	0.971120	0.012895	171
4325.585408	78.977509	0.971172	0.012735	173
4327.665152	78.960922	0.970676	0.012880	175
4329.744896	78.980637	0.971064	0.012588	177
4331.824640	78.941986	0.971285	0.012757	179
4333.904384	78.962410	0.971010	0.012705	181
4335.984128	78.956139	0.971136	0.012714	183
4338.063872	78.936615	0.971701	0.012533	185
4340.143104	78.956017	0.972164	0.012577	187
4342.222848	78.935776	0.972986	0.012591	189
4344.302592	78.948051	0.973250	0.012669	191
4346.382336	78.958061	0.973422	0.012741	193
4348.462080	78.928970	0.973008	0.012799	195
4350.541312	78.933929	0.972605	0.012639	197
4352.621056	78.947296	0.973222	0.012652	199
4354.700800	78.930634	0.973132	0.012579	201
4356.780544	78.934433	0.973531	0.012750	203
4358.860288	78.907402	0.973743	0.012668	205
4360.940032	78.936974	0.972872	0.012640	207
4363.019264	78.928230	0.972696	0.012652	209
4365.099008	78.958549	0.973094	0.012682	211
4367.178752	78.923531	0.972710	0.012717	213
4369.258496	78.911270	0.972769	0.012701	215
4371.338752	78.901161	0.972980	0.012714	217
4373.417984	78.916054	0.972918	0.012830	219
4375.497728	78.887207	0.972213	0.012770	221
4377.577472	78.890442	0.971851	0.012749	223
4379.656704	78.902504	0.972107	0.012749	225
4381.736448	78.874779	0.972165	0.012869	227
4383.816192	78.868759	0.971922	0.012670	229
4385.895936	78.852425	0.972908	0.012773	231
4387.975680	78.864502	0.972406	0.012787	233
4390.054912	78.858345	0.972715	0.012829	235
4392.134656	78.842735	0.971962	0.012806	237
4394.214912	78.831848	0.971806	0.012748	239
4396.294144	78.827293	0.972033	0.012911	241
4398.373888	78.802673	0.972304	0.012857	243
4400.453632	78.808243	0.971942	0.012860	245
4402.532864	78.804840	0.973104	0.012747	247
4404.613120	78.808685	0.972709	0.012607	249
4406.692352	78.791145	0.972782	0.012714	251
4408.772096	78.787613	0.972751	0.012664	253
4410.851840	78.771851	0.972507	0.012677	255
4412.931584	78.773407	0.971987	0.012681	1
4415.010816	78.785339	0.970691	0.012676	3
4417.090560	78.775536	0.971583	0.012580	5
4419.170304	78.775352	0.972271	0.012686	7
4421.250560	78.780807	0.972538	0.012596	9
4423.329792	78.762726	0.972789	0.012675	11
4425.409024	78.761131	0.972679	0.012648	13
4427.489280	78.772903	0.972639	0.012667	15
4429.569024	78.762878	0.973464	0.012622	17
4431.648256	78.771164	0.973149	0.012580	19
4433.728000	78.774605	0.973483	0.012662	21
4435.807744	78.759003	0.973772	0.012614	23
4437.887488	78.753006	0.973710	0.012649	25
4439.967232	78.769730	0.973364	0.012673	27
4442.046976	78.743706	0.973642	0.012709	29
4444.126720	78.751778	0.973439	0.012544	31
4446.206464	78.745079	0.973000	0.012680	33
4448.285696	78.760025	0.972811	0.012769	35
4450.365440	78.721916	0.972262	0.012750	37
4452.445184	78.737320	0.972261	0.012752	39
4454.524928	78.705513	0.972221	0.012804	41
4456.604160	78.712181	0.971806	0.012771	43
4458.683904	78.693390	0.970850	0.012749	45
4460.763648	78.690552	0.970815	0.012782	47
4462.843904	78.691170	0.971843	0.012816	49
4464.923136	78.681396	0.971246	0.012881	51
4467.002368	78.665367	0.971665	0.012803	53
4469.082112	78.668556	0.972864	0.012908	55
4471.162368	78.643021	0.971919	0.012861	57
4473.241600	78.653954	0.971768	0.012797	59
4475.321344	78.628769	0.972440	0.012849	61
4477.401088	78.624580	0.971549	0.012769	63
4479.480320	78.628319	0.971553	0.012760	65
4481.560576	78.623589	0.971738	0.012876	67
4483.639808	78.617538	0.972084	0.012813	69
4485.720064	78.616180	0.972180	0.012847	71
4487.799296	78.611435	0.972715	0.012846	73
4489.878528	78.621323	0.972273	0.012714	75
4491.958784	78.628365	0.972409	0.012673	77
4494.038528	78.600403	0.972176	0.012788	79
4496.117760	78.596367	0.972223	0.012726	81
4498.197504	78.600395	0.971769	0.012728	83
4500.277248	78.592903	0.972048	0.012826	85
4502.356992	78.612953	0.971407	0.012806	87
4504.436736	78.613495	0.971402	0.012799	89
4506.516480	78.611542	0.971031	0.012726	91
4508.596224	78.601074	0.970645	0.012835	93
4510.675456	78.608627	0.970361	0.012821	95
4512.755200	78.594421	0.971150	0.012917	97
4514.834944	78.586044	0.971563	0.012830	99
4516.914688	78.586662	0.971699	0.012854	101
4518.994432	78.598511	0.971349	0.012677	103
4521.074176	78.580429	0.971921	0.012882	105
4523.153408	78.557587	0.971311	0.012913	107
4525.233152	78.570091	0.971462	0.012867	109
4527.312896	78.560875	0.971735	0.012901	111
4529.392640	78.566078	0.971112	0.012745	113
4531.471872	78.558067	0.972424	0.012892	115
4533.552128	78.526443	0.972551	0.012770	117
4535.631360	78.520836	0.972234	0.012881	119
4537.711104	78.507248	0.971664	0.012808	121
4539.790848	78.504921	0.971680	0.012769	123
4541.870592	78.489021	0.972218	0.012886	125
4543.950336	78.499794	0.972547	0.012872	127
4546.030080	78.494553	0.972690	0.012873	129
4548.109312	78.502113	0.973056	0.012867	131
4550.189568	78.482597	0.973118	0.012894	133
4552.269312	78.475937	0.973352	0.012966	135
4554.349056	78.485222	0.973238	0.012930	137
4556.428288	78.482811	0.972669	0.012961	139
4558.508032	78.471603	0.972063	0.012961	141
4560.587264	78.462952	0.971428	0.012851	143
4562.667008	78.469482	0.970828	0.012852	145
4564.746752	78.457726	0.971791	0.013026	147
4566.826496	78.442749	0.971617	0.012934	149
4568.906240	78.467903	0.971555	0.012894	151
4570.985472	78.458603	0.971283	0.012979	153
4573.065216	78.454422	0.971354	0.012988	155
4575.144960	78.465332	0.971406	0.012790	157
4577.224704	78.471222	0.971975	0.012822	159
4579.304448	78.494392	0.971888	0.012987	161
4581.384192	78.474304	0.971878	0.012881	163
4583.463936	78.448105	0.971974	0.012957	165
4585.543168	78.438644	0.971596	0.012918	167
4587.622912	78.428268	0.971852	0.012844	169
4589.702656	78.429909	0.970638	0.012852	171
4591.782400	78.428070	0.969877	0.012872	173
4593.862144	78.414528	0.970591	0.012914	175
4595.941888	78.419975	0.970547	0.012839	177
4598.021120	78.419746	0.970449	0.012948	179
4600.100864	78.403488	0.970395	0.012931	181
4602.180096	78.375832	0.970386	0.012922	183
4604.260352	78.395454	0.971026	0.012833	185
4606.340096	78.374802	0.971467	0.012914	187
4608.419328	78.375038	0.972741	0.012828	189
4610.499072	78.364166	0.972680	0.012936	191
4612.578816	78.350319	0.972531	0.012722	193
4614.658560	78.356468	0.972510	0.012825	195
4616.737792	78.335762	0.972056	0.012848	197
4618.818048	78.339096	0.973058	0.012825	199
4620.897280	78.339592	0.973430	0.012827	201
4622.977024	78.347351	0.972564	0.012809	203
4625.056768	78.335808	0.971907	0.012957	205
4627.136512	78.348694	0.972185	0.012713	207
4629.215744	78.334320	0.972294	0.012898	209
4631.296000	78.356667	0.972826	0.012890	211
4633.375232	78.312759	0.972336	0.012840	213
4635.454976	78.338905	0.972510	0.012887	215
4637.534208	78.327049	0.972564	0.012764	217
4639.613952	78.316879	0.972861	0.012817	219
4641.694208	78.339249	0.971880	0.012790	221
4643.773440	78.323898	0.972998	0.012875	223
4645.853696	78.321556	0.972371	0.012910	225
4647.932928	78.303528	0.972837	0.012832	227
4650.012672	78.308907	0.972182	0.012869	229
4652.092416	78.312531	0.972523	0.012818	231
4654.172160	78.296577	0.972552	0.012786	233
4656.251904	78.296600	0.972590	0.012871	235
4658.331136	78.306679	0.971871	0.012803	237
4660.410880	78.281158	0.972489	0.012784	239
4662.490624	78.278404	0.971903	0.012831	241
4664.570368	78.264023	0.971612	0.012821	243
4666.650112	78.266708	0.970469	0.012733	245
4668.729856	78.265656	0.969977	0.012600	247
4670.809600	78.252525	0.970127	0.012700	249
4672.888832	78.237068	0.970537	0.012848	251
4674.968576	78.226311	0.970991	0.012784	253
4677.048320	78.214157	0.969924	0.012785	255
4679.128064	78.213089	0.970174	0.012866	1
4681.207296	78.208443	0.970232	0.012774	3
4683.287040	78.171753	0.971160	0.012780	5
4685.367296	78.198463	0.971942	0.012848	7
4687.446528	78.205032	0.972160	0.012724	9
4689.526272	78.190720	0.972109	0.012871	11
4691.606016	78.182365	0.972402	0.012854	13
4693.685248	78.185303	0.972689	0.012831	15
4695.764992	78.170387	0.972338	0.012772	17
4697.845248	78.162506	0.972442	0.012791	19
4699.924480	78.159828	0.972665	0.012807	21
4702.004224	78.174927	0.972872	0.012833	23
4704.083456	78.161179	0.973739	0.012827	25
4706.163200	78.183128	0.973505	0.012736	27
4708.243456	78.164841	0.974162	0.012923	29
4710.322688	78.181915	0.973835	0.012839	31
4712.402944	78.183861	0.973108	0.012872	33
4714.482176	78.176193	0.972986	0.012840	35
4716.561408	78.162979	0.973149	0.012974	37
4718.641664	78.177864	0.973087	0.012960	39
4720.720896	78.161613	0.972299	0.012975	41
4722.800640	78.153984	0.972121	0.012889	43
4724.880384	78.150063	0.971867	0.012944	45
4726.960128	78.165077	0.971654	0.012939	47
4729.039360	78.166168	0.971826	0.012960	49
4731.119104	78.162834	0.972075	0.012948	51
4733.199360	78.116165	0.972427	0.013071	53
4735.278592	78.145477	0.972448	0.012996	55
4737.357824	78.113319	0.972767	0.013109	57
4739.437568	78.099884	0.973250	0.013032	59
4741.517824	78.108078	0.973166	0.013034	61
4743.597056	78.088020	0.972478	0.013103	63
4745.676800	78.100433	0.972162	0.013103	65
4747.756544	78.070747	0.972740	0.013040	67
4749.836288	78.047050	0.972659	0.013143	69
4751.915520	78.048058	0.972992	0.013066	71
4753.995776	78.049393	0.972249	0.013052	73
4756.075520	78.049408	0.972074	0.013121	75
4758.154752	78.037682	0.971247	0.013080	77
4760.234496	78.018234	0.971281	0.013030	79
4762.314240	78.042931	0.971620	0.013120	81
4764.393984	78.047684	0.971736	0.013262	83
4766.473728	78.028374	0.972475	0.013279	85
4768.553472	78.011490	0.972366	0.013311	87
4770.632704	78.021187	0.972363	0.013329	89
4772.712448	78.016182	0.972738	0.013333	91
4774.791680	78.011292	0.972423	0.013248	93
4776.871424	78.014053	0.972762	0.013267	95
4778.951680	77.997787	0.973494	0.013397	97
4781.031424	78.024223	0.973429	0.013253	99
4783.110656	78.020782	0.973510	0.013416	101
4785.190400	78.013130	0.973192	0.013456	103
4787.270144	78.014839	0.973258	0.013426	105
4789.349376	78.019691	0.972942	0.013388	107
4791.429120	78.023476	0.973660	0.013412	109
4793.508864	78.000626	0.973922	0.013386	111
4795.588608	78.014427	0.972913	0.013228	113
4797.668352	78.015747	0.972953	0.013274	115
4799.748096	78.004547	0.972514	0.013259	117
4801.827328	77.990211	0.972776	0.013312	119
4803.907072	77.991043	0.972495	0.013146	121
4805.986816	77.977928	0.972486	0.013274	123
4808.067072	77.968697	0.972041	0.013206	125
4810.146304	77.972694	0.971418	0.013214	127
4812.226048	77.950180	0.970095	0.013237	129
4814.305792	77.938362	0.971183	0.013302	131
4816.385024	77.925354	0.971807	0.013191	133
4818.464768	77.945602	0.972367	0.013351	135
4820.544512	77.927940	0.972082	0.013237	137
4822.623744	77.919472	0.971821	0.013216	139
4824.704000	77.904579	0.972137	0.013298	141
4826.783232	77.895340	0.971908	0.013232	143
4828.862976	77.892487	0.972357	0.013340	145
4830.942720	77.881523	0.972459	0.013368	147
4833.021952	77.872971	0.972111	0.013318	149
4835.102208	77.888405	0.972484	0.013269	151
4837.181440	77.865982	0.972001	0.013259	153
4839.261696	77.872139	0.972305	0.013096	155
4841.340928	77.877502	0.971418	0.013210	157
4843.420672	77.862282	0.971112	0.013189	159
4845.500416	77.866554	0.971271	0.013141	161
4847.580160	77.853584	0.971640	0.013190	163
4849.659904	77.849968	0.971075	0.013175	165
4851.739136	77.868507	0.971181	0.013005	167
4853.818880	77.873932	0.971440	0.013085	169
4855.898624	77.835579	0.970941	0.013212	171
4857.978368	77.863739	0.970965	0.013088	173
4860.057600	77.862122	0.971122	0.013165	175
4862.137856	77.867638	0.971393	0.013030	177
4864.217088	77.862740	0.971808	0.013052	179
4866.296832	77.841309	0.971520	0.013071	181
4868.376576	77.836090	0.971712	0.013075	183
4870.455808	77.832649	0.971310	0.013149	185
4872.535552	77.818192	0.971691	0.013131	187
4874.615296	77.831116	0.971732	0.013215	189
4876.695552	77.817032	0.971922	0.013149	191
4878.774784	77.806992	0.972299	0.013131	193
4880.854016	77.791763	0.972226	0.013341	195
4882.933760	77.804199	0.971262	0.013289	197
4885.014016	77.802856	0.972424	0.013269	199
4887.093248	77.778954	0.972562	0.013252	201
4889.172992	77.792282	0.973667	0.013176	203
4891.252736	77.783470	0.973978	0.013220	205
4893.332480	77.762756	0.973960	0.013323	207
4895.411712	77.763618	0.973477	0.013289	209
4897.491456	77.765045	0.973818	0.013380	211
4899.571200	77.747704	0.973627	0.013389	213
4901.650944	77.748405	0.973330	0.013377	215
4903.730176	77.732071	0.973006	0.013232	217
4905.810432	77.744713	0.972962	0.013368	219
4907.889664	77.736420	0.972844	0.013420	221
4909.969408	77.740479	0.973209	0.013365	223
4912.049152	77.737381	0.973605	0.013240	225
4914.128896	77.720207	0.973144	0.013292	227
4916.208128	77.730141	0.972882	0.013288	229
4918.287872	77.726089	0.972882	0.013228	231
4920.368128	77.725060	0.973298	0.013313	233
4922.447360	77.726082	0.973289	0.013425	235
4924.527616	77.725044	0.973121	0.013261	237
4926.606848	77.721733	0.972395	0.013289	239
4928.686592	77.725258	0.973022	0.013274	241
4930.765824	77.741623	0.972862	0.013160	243
4932.846080	77.712654	0.972774	0.013347	245
4934.925312	77.713776	0.971916	0.013193	247
4937.004544	77.690331	0.972014	0.013230	249
4939.084800	77.694748	0.971888	0.013225	251
4941.164032	77.684212	0.972097	0.013215	253
4943.243776	77.664497	0.971445	0.013225	255
4945.323520	77.687828	0.971959	0.013087	1
4947.403264	77.685928	0.972291	0.013216	3
4949.483008	77.649597	0.972577	0.013032	5
4951.562752	77.651756	0.972526	0.012950	7
4953.642496	77.658142	0.972408	0.012986	9
4955.721728	77.615868	0.971594	0.012979	11
4957.801984	77.628960	0.970996	0.013023	13
4959.881216	77.618202	0.971344	0.012988	15
4961.960960	77.623772	0.971852	0.012967	17
4964.040704	77.619835	0.971727	0.013119	19
4966.119936	77.611504	0.972070	0.013085	21
4968.199680	77.603600	0.972160	0.013083	23
4970.279424	77.600136	0.972653	0.013105	25
4972.359168	77.616325	0.972842	0.013119	27
4974.438912	77.598984	0.973051	0.013232	29
4976.518656	77.610397	0.972818	0.013125	31
4978.598400	77.595650	0.973293	0.013149	33
4980.677632	77.579933	0.972613	0.013251	35
4982.757888	77.580872	0.972543	0.013227	37
4984.837120	77.592278	0.973180	0.013263	39
4986.916352	77.593491	0.973045	0.013221	41
4988.996608	77.585754	0.973140	0.013330	43
4991.075840	77.579536	0.973623	0.013254	45
4993.155584	77.572945	0.973519	0.013299	47
4995.234816	77.571442	0.973077	0.013176	49
4997.315072	77.583702	0.972813	0.013221	51
4999.394304	77.570328	0.972121	0.013220	53
5001.474048	77.561821	0.971485	0.013292	55
5003.553792	77.570511	0.970258	0.013290	57
5005.633536	77.576805	0.969873	0.013157	59
5007.713280	77.544609	0.970651	0.013308	61
5009.792512	77.548103	0.971294	0.013386	63
5011.872768	77.557617	0.971599	0.013407	65
5013.952000	77.544250	0.971264	0.013458	67
5016.031744	77.511955	0.971118	0.013362	69
5018.111488	77.536774	0.971838	0.013372	71
5020.191232	77.526337	0.971652	0.013391	73
5022.270976	77.489311	0.972150	0.013368	75
5024.350208	77.519592	0.971750	0.013303	77
5026.429952	77.495277	0.972198	0.013421	79
5028.509696	77.513550	0.971847	0.013243	81
5030.589440	77.455536	0.971752	0.013347	83
5032.669184	77.464127	0.971249	0.013199	85
5034.748416	77.477142	0.972089	0.013229	87
5036.828160	77.465714	0.971871	0.013245	89
5038.907904	77.461388	0.971982	0.013239	91
5040.987648	77.462029	0.971989	0.013138	93
5043.066880	77.437332	0.971750	0.013268	95
5045.147136	77.444778	0.971620	0.013214	97
5047.226368	77.444847	0.971958	0.013180	99
5049.306624	77.434311	0.971843	0.013256	101
5051.385856	77.435738	0.972047	0.013113	103
5053.465088	77.440536	0.972383	0.013085	105
5055.545344	77.439583	0.971790	0.013150	107
5057.625088	77.426064	0.971798	0.013186	109
5059.704320	77.432411	0.971996	0.013202	111
5061.784576	77.430573	0.972087	0.013213	113
5063.863808	77.400017	0.972578	0.013144	115
5065.943040	77.429680	0.971905	0.013056	117
5068.022784	77.420120	0.971530	0.013138	119
5070.103040	77.413879	0.971971	0.013196	121
5072.182272	77.416946	0.971783	0.013282	123
5074.262016	77.407761	0.972249	0.013261	125
5076.341248	77.417244	0.972423	0.013675	127
5078.421504	77.392906	0.972572	0.013136	129
5080.500736	77.399284	0.972330	0.013248	131
5082.580480	77.386841	0.972110	0.013320	133
5084.660224	77.373833	0.972000	0.013160	135
5086.739968	77.369789	0.972600	0.013287	137
5088.819712	77.354950	0.972408	0.013193	139
5090.899456	77.359161	0.972288	0.013171	141
5092.979200	77.367088	0.972934	0.013274	143
5095.058432	77.336617	0.972469	0.013213	145
5097.138176	77.336609	0.972419	0.013236	147
5099.217920	77.336411	0.972209	0.013268	149
5101.297152	77.336395	0.971920	0.013329	151
5103.376896	77.300766	0.971625	0.013212	153
5105.456640	77.322243	0.971559	0.013112	155
5107.536896	77.316406	0.971771	0.013230	157
5109.616128	77.308281	0.971864	0.013234	159
5111.695872	77.283524	0.971683	0.013344	161
5113.775616	77.298737	0.971675	0.013210	163
5115.855360	77.279976	0.971849	0.013280	165
5117.935104	77.278946	0.971262	0.013489	167
5120.014848	77.288048	0.971479	0.013202	169
5122.094080	77.261963	0.971713	0.013266	171
5124.173824	77.268211	0.971822	0.013150	173
5126.253568	77.284912	0.972070	0.013200	175
5128.332800	77.270950	0.972080	0.013196	177
5130.412544	77.266640	0.971632	0.013163	179
5132.492288	77.255997	0.971890	0.013209	181
5134.572032	77.267090	0.971736	0.013208	183
5136.651776	77.268456	0.972449	0.013246	185
5138.731008	77.272614	0.972465	0.013221	187
5140.810752	77.262184	0.972812	0.013165	189
5142.889984	77.242729	0.972687	0.013190	191
5144.970240	77.235870	0.971731	0.013105	193
5147.049984	77.246948	0.972384	0.013194	195
5149.129728	77.266342	0.973018	0.013259	197
5151.208960	77.232170	0.972433	0.013253	199
5153.289216	77.247826	0.972117	0.013283	201
5155.368448	77.254799	0.972548	0.013311	203
5157.448192	77.225357	0.972415	0.013275	205
5159.527936	77.228622	0.972785	0.013222	207
5161.607168	77.220772	0.972328	0.013237	209
5163.686912	77.208984	0.972171	0.013319	211
5165.766656	77.194130	0.972581	0.013327	213
5167.846400	77.199966	0.972543	0.013343	215
5169.926144	77.210854	0.972719	0.013227	217
5172.005888	77.198349	0.972698	0.013399	219
5174.085120	77.182770	0.972360	0.013343	221
5176.164864	77.168533	0.972381	0.013291	223
5178.245120	77.164970	0.973107	0.013370	225
5180.324352	77.154930	0.972678	0.013308	227
5182.403584	77.162712	0.973041	0.013394	229
5184.483328	77.145805	0.972623	0.013330	231
5186.563072	77.145638	0.972644	0.013408	233
5188.642816	77.127548	0.971804	0.013470	235
5190.723072	77.155098	0.971674	0.013485	237
5192.801792	77.145966	0.971204	0.013362	239
5194.882048	77.140060	0.970952	0.013338	241
5196.961280	77.102356	0.971522	0.013472	243
5199.041024	77.118874	0.971765	0.013328	245
5201.120768	77.136971	0.972901	0.013388	247
5203.200512	77.122459	0.973031	0.013457	249
5205.279744	77.109055	0.973355	0.013353	251
5207.359488	77.110153	0.973598	0.013474	253
5209.439232	77.116936	0.973644	0.013443	255
5211.518464	77.100410	0.972696	0.013532	1
5213.598208	77.097702	0.972156	0.013624	3
5215.677952	77.104156	0.972477	0.013530	5
5217.757696	77.112068	0.972052	0.013587	7
5219.837440	77.126556	0.972035	0.013567	9
5221.917184	77.107681	0.972148	0.013609	11
5223.996928	77.095795	0.972884	0.013571	13
5226.076672	77.108025	0.972400	0.013607	15
5228.155904	77.102829	0.972966	0.013579	17
5230.235648	77.076790	0.972354	0.013595	19
5232.315392	77.083725	0.973339	0.013579	21
5234.394624	77.072441	0.972723	0.013578	23
5236.474368	77.075386	0.973022	0.013477	25
5238.554112	77.050812	0.971384	0.013457	27
5240.633856	77.051353	0.970755	0.013386	29
5242.713600	77.039841	0.971430	0.013404	31
5244.793344	77.071815	0.971097	0.013463	33
5246.873088	77.039970	0.971894	0.013373	35
5248.952832	77.013191	0.971773	0.013322	37
5251.032064	77.027390	0.971395	0.013315	39
5253.111808	77.029655	0.972001	0.013324	41
5255.191552	77.003960	0.972129	0.013402	43
5257.270784	77.011826	0.971315	0.013325	45
5259.350528	76.985931	0.971509	0.013183	47
5261.430784	76.971321	0.971702	0.013235	49
5263.509504	76.980080	0.972507	0.013175	51
5265.589760	76.980309	0.972860	0.013296	53
5267.668992	76.966484	0.973170	0.013328	55
5269.748736	76.972473	0.972337	0.013284	57
5271.828480	77.001602	0.971902	0.013239	59
5273.908224	76.970871	0.972298	0.013158	61
5275.987968	76.966278	0.972346	0.013159	63
5278.067712	76.967979	0.972591	0.013133	65
5280.147456	76.967537	0.972549	0.013214	67
5282.227200	76.957283	0.972788	0.013153	69
5284.306432	76.963844	0.972380	0.013212	71
5286.386176	76.971329	0.972481	0.013244	73
5288.465408	76.974686	0.972525	0.013185	75
5290.545664	76.952126	0.972640	0.013213	77
5292.625408	76.965912	0.972595	0.013287	79
5294.704640	76.963074	0.972654	0.013103	81
5296.784384	76.955627	0.973099	0.013192	83
5298.863616	76.937157	0.972649	0.013265	85
5300.943360	76.945663	0.971749	0.013124	87
5303.023104	76.938644	0.971520	0.013096	89
5305.103360	76.922653	0.970972	0.013071	91
5307.182592	76.934990	0.970686	0.013014	93
5309.261824	76.908730	0.970461	0.013097	95
5311.341568	76.902946	0.970858	0.013133	97
5313.421824	76.892487	0.971522	0.013169	99
5315.501056	76.879433	0.971702	0.013090	101
5317.581312	76.887329	0.971818	0.013168	103
5319.660544	76.868919	0.971249	0.013208	105
5321.739776	76.870140	0.970780	0.013187	107
5323.819520	76.875954	0.969922	0.013085	109
5325.899776	76.834229	0.970346	0.013107	111
5327.979008	76.835411	0.970819	0.013023	113
5330.058752	76.841095	0.970892	0.013110	115
5332.138496	76.864380	0.971575	0.013086	117
5334.217728	76.826584	0.971527	0.013153	119
5336.297472	76.835068	0.971766	0.013236	121
5338.377216	76.843597	0.972967	0.013191	123
5340.456960	76.810120	0.972625	0.013171	125
5342.536704	76.797874	0.972208	0.013175	127
5344.616448	76.845398	0.971787	0.012985	129
5346.696192	76.828110	0.971188	0.013038	131
5348.775936	76.824722	0.970396	0.013078	133
5350.855168	76.829338	0.969387	0.012934	135
5352.934400	76.814255	0.969707	0.012975	137
5355.014144	76.824181	0.969925	0.012936	139
5357.093888	76.804886	0.970058	0.012999	141
5359.173120	76.844353	0.970420	0.013127	143
5361.253376	76.825905	0.971587	0.013035	145
5363.332608	76.814384	0.971023	0.013108	147
5365.412864	76.801895	0.971092	0.013113	149
5367.492096	76.801201	0.970895	0.013063	151
5369.571840	76.791397	0.971080	0.013108	153
5371.651584	76.784027	0.970931	0.013046	155
5373.731328	76.793259	0.970764	0.012994	157
5375.810560	76.773285	0.971203	0.012959	159
5377.890816	76.784714	0.971428	0.012926	161
5379.970560	76.771080	0.971283	0.013035	163
5382.050304	76.755959	0.970628	0.012949	165
5384.129536	76.729851	0.971643	0.012973	167
5386.209280	76.751869	0.971764	0.012950	169
5388.289024	76.740540	0.971505	0.012931	171
5390.368256	76.726166	0.970971	0.012919	173
5392.448000	76.721130	0.971481	0.013018	175
5394.527744	76.715370	0.971787	0.012912	177
5396.607488	76.698120	0.972560	0.012878	179
5398.687232	76.702621	0.972724	0.012871	181
5400.766464	76.692177	0.972200	0.012938	183
5402.846720	76.686996	0.971707	0.012853	185
5404.925440	76.667221	0.971654	0.012983	187
5407.005696	76.687927	0.971766	0.013009	189
5409.084928	76.660294	0.971967	0.012923	191
5411.164672	76.656578	0.972135	0.012959	193
5413.244928	76.654022	0.972250	0.013025	195
5415.324160	76.661896	0.971616	0.012945	197
5417.403904	76.665497	0.971238	0.012942	199
5419.483648	76.654655	0.970933	0.012970	201
5421.563392	76.642670	0.970969	0.012811	203
5423.643136	76.643631	0.971192	0.012824	205
5425.722880	76.637520	0.971417	0.012752	207
5427.802112	76.655586	0.971887	0.012813	209
5429.881856	76.643417	0.972028	0.012870	211
5431.961600	76.656364	0.972521	0.012858	213
5434.040832	76.627907	0.972981	0.012831	215
5436.120576	76.644127	0.974020	0.012763	217
5438.200320	76.622452	0.973998	0.012960	219
5440.280064	76.615044	0.973497	0.012936	221
5442.359808	76.614586	0.972570	0.012862	223
5444.439040	76.612274	0.971397	0.012863	225
5446.518784	76.606056	0.971840	0.012916	227
5448.598016	76.596695	0.972004	0.012975	229
5450.678272	76.594818	0.972305	0.013033	231
5452.757504	76.593185	0.971534	0.012964	233
5454.837248	76.565071	0.971701	0.012962	235
5456.916992	76.580963	0.971383	0.012957	237
5458.996736	76.572052	0.972168	0.012993	239
5461.076480	76.554733	0.971249	0.012934	241
5463.156224	76.542885	0.971524	0.013080	243
5465.235456	76.560432	0.972418	0.013002	245
5467.315200	76.539917	0.972113	0.013067	247
5469.394944	76.527672	0.972441	0.013092	249
5471.474688	76.535080	0.972443	0.013189	251
5473.553920	76.515923	0.971897	0.013159	253
5475.633664	76.518761	0.971902	0.013097	255
5477.713408	76.513977	0.972048	0.013279	1
5479.793152	76.492836	0.972638	0.013192	3
5481.872896	76.508347	0.972290	0.013158	5
5483.952128	76.491989	0.972220	0.013128	7
5486.032384	76.507576	0.972286	0.013260	9
5488.112128	76.491241	0.971862	0.013122	11
5490.191360	76.505646	0.972262	0.013266	13
5492.271104	76.457001	0.972207	0.013172	15
5494.350336	76.468132	0.971742	0.013173	17
5496.430080	76.484306	0.971581	0.013162	19
5498.510336	76.492561	0.972004	0.013074	21
5500.590080	76.484848	0.972138	0.013213	23
5502.669824	76.476837	0.972357	0.013157	25
5504.749056	76.474770	0.972162	0.013204	27
5506.828288	76.452705	0.972281	0.013219	29
5508.908544	76.474007	0.972077	0.013134	31
5510.987776	76.471123	0.972275	0.013119	33
5513.067520	76.447113	0.972100	0.013090	35
5515.147264	76.468872	0.971956	0.013074	37
5517.226496	76.464729	0.971512	0.013147	39
5519.306240	76.448578	0.971655	0.013086	41
5521.385984	76.437508	0.972297	0.013169	43
5523.465728	76.429932	0.971903	0.013102	45
5525.545472	76.425667	0.971633	0.013018	47
5527.625216	76.425613	0.972089	0.013087	49
5529.704960	76.396767	0.972397	0.013012	51
5531.784192	76.414047	0.971911	0.012897	53
5533.863936	76.385277	0.972562	0.013061	55
5535.943168	76.392403	0.972362	0.012993	57
5538.022912	76.383469	0.972417	0.013019	59
5540.102656	76.372566	0.972881	0.012998	61
5542.182400	76.391586	0.972437	0.012997	63
5544.262144	76.369614	0.971597	0.012876	65
5546.341888	76.330948	0.971491	0.013154	67
5548.421632	76.342155	0.971257	0.012861	69
5550.500864	76.345619	0.971776	0.012913	71
5552.580608	76.341736	0.972357	0.012922	73
5554.659840	76.333618	0.972241	0.013020	75
5556.739584	76.326653	0.971814	0.012986	77
5558.819328	76.338264	0.971441	0.012860	79
5560.899072	76.334366	0.970966	0.012823	81
5562.979328	76.327667	0.971447	0.012869	83
5565.058560	76.308212	0.971304	0.012842	85
5567.137792	76.322388	0.971386	0.012779	87
5569.217536	76.311310	0.971392	0.012943	89
5571.297792	76.310219	0.970630	0.012917	91
5573.377024	76.338821	0.970321	0.012910	93
5575.456768	76.319931	0.970527	0.012954	95
5577.536512	76.301331	0.971510	0.012964	97
5579.615744	76.299438	0.970760	0.013043	99
5581.695488	76.294617	0.971074	0.013063	101
5583.775232	76.290871	0.971255	0.013218	103
5585.854976	76.293854	0.971266	0.013180	105
5587.934208	76.275322	0.971729	0.013285	107
5590.013952	76.278862	0.971538	0.013275	109
5592.093696	76.252777	0.971893	0.013320	111
5594.173440	76.262207	0.972602	0.013417	113
5596.252672	76.266045	0.972220	0.013334	115
5598.332928	76.255928	0.972888	0.013448	117
5600.412160	76.249802	0.972936	0.013358	119
5602.491904	76.254845	0.973171	0.013447	121
5604.571648	76.262543	0.972905	0.013479	123
5606.651392	76.235306	0.973085	0.013431	125
5608.730624	76.218407	0.972500	0.013403	127
5610.810368	76.226952	0.972746	0.013501	129
5612.890112	76.193657	0.972578	0.013419	131
5614.969856	76.201462	0.973245	0.013464	133
5617.049600	76.200958	0.973588	0.013347	135
5619.128832	76.207550	0.973447	0.013411	137
5621.208576	76.180824	0.973238	0.013461	139
5623.288320	76.182487	0.973913	0.013473	141
5625.368064	76.187904	0.973653	0.013426	143
5627.447296	76.188881	0.973413	0.013322	145
5629.527552	76.191368	0.973537	0.013454	147
5631.606784	76.165443	0.973617	0.013357	149
5633.687040	76.181694	0.973792	0.013371	151
5635.766272	76.178528	0.973329	0.013412	153
5637.845504	76.168816	0.973081	0.013441	155
5639.925248	76.181442	0.973096	0.013367	157
5642.004992	76.162254	0.973432	0.013413	159
5644.084736	76.081383	0.972952	0.013158	161
5646.163968	76.199020	0.972065	0.013437	163
5648.243712	76.159958	0.972318	0.013604	165
5650.323456	76.181854	0.971770	0.013371	167
5652.403200	76.154442	0.972531	0.013658	169
5654.482944	76.121872	0.971833	0.013645	171
5656.563200	76.148239	0.971799	0.013619	173
5658.642432	76.147934	0.971981	0.013381	175
5660.722176	76.112183	0.972189	0.013434	177
5662.801408	76.121231	0.971849	0.013452	179
5664.881152	76.108589	0.971521	0.013437	181
5666.960384	76.143356	0.970865	0.013967	183
5669.040128	76.122284	0.971558	0.013176	185
5671.119872	76.052498	0.972357	0.013390	187
5673.200128	76.098267	0.972821	0.013327	189
5675.279360	76.081032	0.973596	0.013226	191
5677.359104	76.086670	0.973290	0.013392	193
5679.438848	76.063637	0.973669	0.013307	195
5681.518080	76.076630	0.973890	0.013424	197
5683.598336	76.073509	0.974417	0.013311	199
5685.677568	76.048424	0.974152	0.013266	201
5687.757824	76.036835	0.974002	0.013346	203
5689.837056	76.042328	0.973184	0.013239	205
5691.916288	76.044662	0.973521	0.013307	207
5693.996032	76.053703	0.973492	0.013292	209
5696.075776	76.015205	0.973517	0.013245	211
5698.155520	76.039429	0.974274	0.013306	213
5700.235264	76.038322	0.973585	0.013317	215
5702.315008	76.027405	0.973233	0.013358	217
5704.394240	76.026802	0.972651	0.013205	219
5706.473984	76.031013	0.973076	0.013407	221
5708.553728	75.999489	0.973324	0.013372	223
5710.633472	76.017097	0.971821	0.013783	225
5712.712704	76.000626	0.973003	0.013259	227
5714.792448	76.021042	0.971983	0.013383	229
5716.872192	76.023315	0.972066	0.013235	231
5718.951936	76.010132	0.971614	0.013214	233
5721.031680	76.008446	0.971763	0.013255	235
5723.110912	75.990128	0.971756	0.013347	237
5725.191168	75.940445	0.972678	0.013146	239
5727.270400	75.976730	0.972575	0.013415	241
5729.350144	75.965523	0.973920	0.013390	243
5731.429888	75.964966	0.973689	0.013328	245
5733.509632	75.943352	0.973758	0.013472	247
5735.589376	75.915695	0.974239	0.013466	249
5737.668608	75.915298	0.974290	0.013577	251
5739.748352	75.935730	0.974242	0.013612	253
5741.828096	75.921951	0.974135	0.013588	255
5743.907840	75.896149	0.973449	0.013528	1
5745.987072	75.901505	0.973448	0.013542	3
5748.066816	75.910263	0.973549	0.013458	5
5750.146560	75.906372	0.973652	0.013492	7
5752.226304	75.896210	0.973557	0.013524	9
5754.306048	75.881989	0.973734	0.013625	11
5756.385280	75.896553	0.973409	0.013427	13
5758.465024	75.896706	0.973689	0.013534	15
5760.544768	75.877594	0.972340	0.013321	17
5762.624000	75.840477	0.972256	0.013524	19
5764.703744	75.887596	0.972446	0.013397	21
5766.783488	75.883896	0.972475	0.013576	23
5768.863232	75.876060	0.972651	0.013553	25
5770.943488	75.844398	0.972340	0.013454	27
5773.022720	75.847725	0.971428	0.013538	29
5775.102464	75.848610	0.971923	0.013439	31
5777.181696	75.864891	0.971574	0.013277	33
5779.261952	75.835152	0.971814	0.013604	35
5781.341184	75.868790	0.971860	0.013509	37
5783.420928	75.827011	0.971332	0.013474	39
5785.500672	75.831444	0.971706	0.013397	41
5787.580416	75.811859	0.972080	0.013408	43
5789.659648	75.852020	0.972491	0.013428	45
5791.739392	75.821663	0.972461	0.013258	47
5793.819136	75.804024	0.971630	0.013274	49
5795.898368	75.815079	0.971290	0.013369	51
5797.978112	75.788940	0.970956	0.013184	53
5800.058368	75.780983	0.971210	0.013491	55
5802.137600	75.784241	0.971631	0.013420	57
5804.216832	75.803246	0.971855	0.013487	59
5806.296576	75.785034	0.971953	0.013564	61
5808.376320	75.786858	0.972228	0.013300	63
5810.456576	75.758812	0.972118	0.013348	65
5812.535808	75.747612	0.971436	0.013869	67
5814.615552	75.763412	0.972025	0.013387	69
5816.695296	75.749268	0.971437	0.013191	71
5818.774528	75.722893	0.971944	0.013464	73
5820.854272	75.741737	0.972016	0.013431	75
5822.934016	75.746300	0.972311	0.013391	77
5825.013248	75.741684	0.972271	0.013549	79
5827.092992	75.746132	0.972458	0.013592	81
5829.172736	75.740135	0.973026	0.013430	83
5831.252480	75.717537	0.972610	0.013575	85
5833.332224	75.728203	0.972542	0.013685	87
5835.411968	75.706276	0.972459	0.013731	89
5837.491200	75.707207	0.972655	0.013581	91
5839.570944	75.714767	0.972557	0.013618	93
5841.650688	75.711311	0.972793	0.013645	95
5843.730432	75.736298	0.972316	0.013467	97
5845.809664	75.708199	0.971944	0.013566	99
5847.889408	75.703758	0.971666	0.013438	101
5849.969152	75.702400	0.971438	0.013493	103
5852.048384	75.691902	0.971322	0.013484	105
5854.128640	75.699707	0.971220	0.013408	107
5856.207872	75.666161	0.971520	0.013468	109
5858.288128	75.677612	0.972257	0.013320	111
5860.367360	75.680397	0.972357	0.013398	113
5862.447104	75.680115	0.972615	0.013524	115
5864.526336	75.655151	0.972479	0.013269	117
5866.606080	75.638107	0.972423	0.013352	119
5868.685824	75.659027	0.972263	0.013267	121
5870.765568	75.639000	0.972570	0.013307	123
5872.844800	75.620407	0.972195	0.013264	125
5874.925056	75.652649	0.972007	0.013451	127
5877.004800	75.622955	0.972692	0.013149	129
5879.084032	75.653084	0.971962	0.013153	131
5881.163776	75.599998	0.972389	0.013417	133
5883.243008	75.596146	0.971773	0.013220	135
5885.323264	75.618332	0.971257	0.013327	137
5887.402496	75.619293	0.971233	0.013250	139
5889.482240	75.586502	0.970522	0.013222	141
5891.561984	75.578331	0.971897	0.013197	143
5893.641728	75.580147	0.972575	0.013176	145
5895.720960	75.583420	0.972772	0.013312	147
5897.800704	75.558586	0.972611	0.013120	149
5899.879936	75.564140	0.972201	0.013247	151
5901.960192	75.575409	0.972237	0.013277	153
5904.039424	75.564240	0.973181	0.013231	155
5906.119680	75.541664	0.972953	0.013202	157
5908.198912	75.553551	0.972102	0.013264	159
5910.278656	75.535049	0.971706	0.013239	161
5912.358400	75.556725	0.971799	0.013196	163
5914.438144	75.539001	0.972515	0.013373	165
5916.517888	75.529831	0.971575	0.013309	167
5918.596608	75.539955	0.971334	0.013338	169
5920.676352	75.537994	0.971045	0.013270	171
5922.756608	75.518677	0.971529	0.013327	173
5924.835840	75.507820	0.971896	0.013287	175
5926.915584	75.535400	0.971992	0.013185	177
5928.995328	75.506599	0.970998	0.013467	179
5931.075072	75.511147	0.970219	0.013370	181
5933.154304	75.498566	0.969410	0.013383	183
5935.234560	75.487366	0.969564	0.013526	185
5937.313792	75.482445	0.970441	0.013475	187
5939.393536	75.475861	0.970323	0.013545	189
5941.473280	75.471626	0.970587	0.013496	191
5943.553024	75.475540	0.970307	0.013579	193
5945.632256	75.468597	0.970458	0.013620	195
5947.712000	75.457603	0.971540	0.013506	197
5949.791744	75.471481	0.972032	0.012939	199
5951.870976	75.446869	0.971732	0.013504	201
5953.951232	75.485550	0.971624	0.013111	203
5956.029952	75.444374	0.972653	0.013696	205
5958.110208	75.431572	0.972255	0.013748	207
5960.189952	75.428665	0.971814	0.013772	209
5962.269184	75.440155	0.972588	0.013741	211
5964.348928	75.494217	0.971954	0.013778	213
5966.428672	75.370117	0.972705	0.013596	215
5968.508416	75.423538	0.972473	0.013757	217
5970.588160	75.420303	0.971874	0.013786	219
5972.667392	75.405365	0.972545	0.013800	221
5974.747136	75.399673	0.972676	0.013657	223
5976.826880	75.395660	0.972146	0.013766	225
5978.906624	75.402931	0.972089	0.013774	227
5980.986368	75.399902	0.972375	0.013803	229
5983.066112	75.411026	0.971810	0.013724	231
5985.145344	75.388229	0.971509	0.013871	233
5987.224576	75.384033	0.971489	0.013894	235
5989.304320	75.359718	0.972220	0.013883	237
5991.384064	75.394913	0.972366	0.013874	239
5993.463808	75.366386	0.972213	0.014032	241
5995.543552	75.383179	0.971745	0.014071	243
5997.622784	75.332275	0.971433	0.014089	245
5999.703040	75.361244	0.971989	0.013921	247
6001.782272	75.346016	0.971671	0.014004	249
6003.862528	75.362656	0.971443	0.014103	251
6005.942272	75.296951	0.972134	0.013814	253
6008.020992	75.337830	0.971428	0.013855	255
6010.100736	75.349953	0.971548	0.013875	1
6012.180480	75.336586	0.972436	0.013846	3
6014.260224	75.316124	0.972086	0.013795	5
6016.339456	75.332062	0.971886	0.013861	7
6018.419200	75.309776	0.971839	0.013821	9
6020.498944	75.331749	0.972306	0.013804	11
6022.578688	75.294029	0.971886	0.013933	13
6024.658432	75.313965	0.971244	0.013787	15
6026.737664	75.309288	0.972039	0.013852	17
6028.817408	75.302063	0.971494	0.013722	19
6030.897152	75.278549	0.971596	0.013758	21
6032.976384	75.283417	0.972067	0.013711	23
6035.056640	75.288170	0.972096	0.013743	25
6037.135872	75.266151	0.971878	0.013720	27
6039.215616	75.267609	0.972346	0.013816	29
6041.295872	75.267227	0.972521	0.013779	31
6043.375104	75.279221	0.972349	0.013576	33
6045.454336	75.275871	0.972207	0.013748	35
6047.534592	75.248909	0.972119	0.013784	37
6049.613824	75.263382	0.971644	0.013817	39
6051.693568	75.253380	0.970803	0.013821	41
6053.773312	75.231636	0.970863	0.013730	43
6055.853056	75.226700	0.971905	0.013835	45
6057.932288	75.246552	0.971208	0.013786	47
6060.012032	75.237114	0.971051	0.013949	49
6062.091776	75.230598	0.969621	0.013914	51
6064.171520	75.206604	0.969756	0.013861	53
6066.251264	75.229538	0.970358	0.013864	55
6068.330496	75.196724	0.971729	0.013912	57
6070.410240	75.178398	0.972209	0.014069	59
6072.489984	75.202347	0.971618	0.013847	61
6074.569728	75.220551	0.971445	0.013981	63
6076.648960	75.189293	0.971611	0.013913	65
6078.729216	75.186089	0.971904	0.013771	67
6080.808448	75.195114	0.971882	0.013715	69
6082.887680	75.179710	0.971499	0.013764	71
6084.967424	75.172112	0.972201	0.013660	73
6087.047168	75.155800	0.972145	0.013718	75
6089.127424	75.174026	0.971980	0.013688	77
6091.206144	75.158119	0.971546	0.013771	79
6093.286400	75.155136	0.971971	0.013746	81
6095.366144	75.183151	0.971533	0.013925	83
6097.445376	75.126175	0.970874	0.013716	85
6099.525120	75.126640	0.970780	0.013827	87
6101.604864	75.167587	0.970712	0.013451	89
6103.684608	75.139427	0.971026	0.013613	91
6105.763840	75.129898	0.971218	0.014116	93
6107.843584	75.095634	0.971164	0.013830	95
6109.923328	75.119781	0.970729	0.013779	97
6112.002560	75.128304	0.971222	0.013735	99
6114.082816	75.126526	0.971111	0.013745	101
6116.162048	75.107857	0.971340	0.013721	103
6118.241792	75.125534	0.971915	0.013726	105
6120.321536	75.107742	0.971787	0.013875	107
6122.400768	75.087799	0.971423	0.013866	109
6124.480512	75.087051	0.971717	0.013886	111
6126.560256	75.080521	0.971245	0.013860	113
6128.640000	75.077499	0.971150	0.013872	115
6130.719232	75.086716	0.970497	0.013684	117
6132.798976	75.075836	0.970134	0.013780	119
6134.878720	75.084984	0.969496	0.013790	121
6136.958464	75.078773	0.970626	0.013741	123
6139.037696	75.054878	0.970982	0.013866	125
6141.117440	75.055885	0.971445	0.013800	127
6143.197184	75.060242	0.971459	0.013807	129
6145.276928	75.074829	0.972347	0.014179	131
6147.356672	75.008110	0.972934	0.013829	133
6149.435904	75.037529	0.973432	0.013913	135
6151.516160	75.035309	0.973513	0.013743	137
6153.594880	75.033119	0.973463	0.013846	139
6155.674624	75.026588	0.973230	0.013796	141
6157.754880	75.022713	0.973345	0.013838	143
6159.834112	75.032448	0.973021	0.013828	145
6161.913856	75.036438	0.972578	0.013745	147
6163.993600	75.034576	0.972709	0.013888	149
6166.072832	75.033691	0.972764	0.013832	151
6168.152576	75.037102	0.973179	0.013771	153
6170.232320	75.028343	0.973727	0.013724	155
6172.311552	75.003860	0.973398	0.013814	157
6174.391296	74.999115	0.972932	0.013910	159
6176.471040	75.019501	0.973264	0.013987	161
6178.550784	75.005791	0.972431	0.014141	163
6180.630528	74.976059	0.972403	0.014028	165
6182.709760	75.002998	0.972734	0.013897	167
6184.789504	75.006157	0.973095	0.013991	169
6186.869248	74.968941	0.973329	0.014053	171
6188.948992	74.965645	0.973365	0.013917	173
6191.028736	74.971001	0.972241	0.013871	175
6193.108480	74.973030	0.973356	0.013939	177
6195.187712	74.946510	0.972764	0.013713	179
6197.267456	74.960793	0.972704	0.013786	181
6199.347200	74.970856	0.973048	0.013658	183
6201.426432	74.904465	0.973008	0.013783	185
6203.506688	74.930275	0.972172	0.013761	187
6205.585920	74.925896	0.972920	0.013661	189
6207.665152	74.912056	0.972640	0.013675	191
6209.745408	74.916801	0.973267	0.013649	193
6211.824640	74.914162	0.973494	0.013622	195
6213.904384	74.904549	0.973359	0.013536	197
6215.984128	74.895660	0.973644	0.013679	199
6218.063872	74.890167	0.973475	0.013729	201
6220.143104	74.880936	0.972805	0.013670	203
6222.222848	74.858971	0.972756	0.013725	205
6224.303104	74.871300	0.973063	0.013597	207
6226.382336	74.857971	0.972794	0.013575	209
6228.462080	74.886177	0.971793	0.013511	211
6230.541824	74.878647	0.972299	0.013584	213
6232.621056	74.869240	0.972361	0.013588	215
6234.700800	74.855659	0.972836	0.013659	217
6236.780544	74.860054	0.972435	0.013524	219
6238.859776	74.871735	0.972698	0.013702	221
6240.939520	74.858986	0.973188	0.013650	223
6243.019264	74.859970	0.973049	0.013625	225
6245.099520	74.861412	0.972718	0.013777	227
6247.178752	74.850090	0.972234	0.013610	229
6249.258496	74.822853	0.971647	0.013618	231
6251.337728	74.842148	0.970599	0.013727	233
6253.417472	74.838753	0.970073	0.013775	235
6255.497216	74.836960	0.969867	0.013674	237
6257.576960	74.822617	0.969986	0.013757	239
6259.656192	74.817085	0.969918	0.013807	241
6261.735936	74.836304	0.970029	0.013567	243
6263.815680	74.768822	0.970448	0.013669	245
6265.894912	74.813446	0.970853	0.013517	247
6267.975168	74.788765	0.971654	0.013622	249
6270.054400	74.780869	0.972735	0.013614	251
6272.134144	74.766594	0.972544	0.013504	253
6274.213376	74.770393	0.972382	0.013670	255
6276.293632	74.738075	0.972528	0.013655	1
6278.372864	74.786163	0.972490	0.013983	3
6280.453120	74.698822	0.972007	0.013781	5
6282.532864	74.708588	0.971416	0.013504	7
6284.611584	74.728088	0.971413	0.013606	9
6286.691328	74.737961	0.970968	0.013518	11
6288.771072	74.714439	0.970265	0.013641	13
6290.850816	74.727547	0.970793	0.013419	15
6292.930048	74.763168	0.970552	0.013252	17
6295.009792	74.702370	0.971879	0.013587	19
6297.089536	74.718735	0.971225	0.013682	21
6299.169280	74.697464	0.971751	0.013797	23
6301.249024	74.711517	0.971721	0.013617	25
6303.328256	74.710121	0.972113	0.013645	27
6305.408000	74.710861	0.972396	0.013650	29
6307.487232	74.714233	0.972722	0.013655	31
6309.567488	74.717491	0.973449	0.013680	33
6311.647232	74.708084	0.973051	0.013742	35
6313.726976	74.726883	0.973048	0.013643	37
6315.806208	74.711021	0.972464	0.013606	39
6317.885952	74.693153	0.972834	0.013496	41
6319.965184	74.682228	0.972234	0.013563	43
6322.044928	74.682587	0.972099	0.013477	45
6324.125184	74.680389	0.972074	0.013640	47
6326.204416	74.679382	0.972561	0.013523	49
6328.283648	74.680061	0.972289	0.013524	51
6330.363392	74.645760	0.973328	0.013540	53
6332.442624	74.647392	0.972921	0.013568	55
6334.522880	74.672256	0.971941	0.013686	57
6336.602624	74.635414	0.971153	0.013684	59
6338.682368	74.633217	0.971203	0.013598	61
6340.762112	74.615402	0.971896	0.013517	63
6342.841344	74.620476	0.971610	0.013552	65
6344.921088	74.617767	0.971889	0.013573	67
6347.000832	74.608170	0.971185	0.013437	69
6349.080064	74.597626	0.970538	0.013450	71
6351.159808	74.588303	0.970493	0.013375	73
6353.239552	74.585266	0.971625	0.013422	75
6355.319296	74.590767	0.971901	0.013307	77
6357.398528	74.567833	0.971550	0.013474	79
6359.478784	74.559631	0.972341	0.013424	81
6361.558016	74.542847	0.971851	0.013511	83
6363.637760	74.569572	0.972169	0.013599	85
6365.717504	74.556030	0.972047	0.013544	87
6367.797248	74.566002	0.971965	0.013567	89
6369.876992	74.547722	0.971767	0.013528	91
6371.956736	74.551300	0.971673	0.013479	93
6374.035968	74.550903	0.971631	0.013556	95
6376.115712	74.552193	0.971948	0.013543	97
6378.194944	74.548889	0.972406	0.013580	99
6380.275200	74.560219	0.972318	0.013581	101
6382.354432	74.541008	0.971615	0.013561	103
6384.434176	74.523605	0.971256	0.013632	105
6386.513920	74.513481	0.971394	0.013713	107
6388.593152	74.526283	0.970916	0.013787	109
6390.672896	74.535088	0.971145	0.013712	111
6392.753152	74.492218	0.971860	0.013549	113
6394.832384	74.503258	0.971799	0.013674	115
6396.911616	74.494102	0.971640	0.013637	117
6398.991360	204.380447	6.265812	0.219849	191
6743.140352	254.216797	1.002543	0.012783	193
6745.220096	254.204910	0.960252	0.013590	195
6747.299840	254.197159	0.960861	0.013565	197
6749.379072	254.180771	0.961680	0.013583	199
6751.459328	254.212311	0.961583	0.013741	201
6753.539072	254.178513	0.960608	0.013781	203
6755.618816	254.159775	0.959571	0.013555	205
6757.698560	254.158371	0.959075	0.013690	207
6759.777280	254.170990	0.958998	0.013741	209
6761.858048	254.183151	0.960211	0.013759	211
6763.936768	254.153763	0.960431	0.013728	213
6766.016512	254.165726	0.959013	0.013913	215
6768.096256	254.145752	0.959495	0.013911	217
6770.176000	254.154175	0.960402	0.014166	219
6772.255232	254.149551	0.963214	0.013976	221
6774.334976	254.159592	0.962253	0.013990	223
6776.414720	254.130630	0.963258	0.013903	225
6778.494464	254.116150	0.962489	0.013726	227
6780.574208	254.148590	0.961851	0.014013	229
6782.652928	254.102585	0.960728	0.013978	231
6784.732672	254.116791	0.961009	0.013513	233
6786.812928	254.118820	0.961133	0.013908	235
6788.892160	254.106018	0.961093	0.013947	237
6790.971904	254.071014	0.961173	0.013739	239
6793.051648	254.107651	0.961205	0.013734	241
6795.131392	254.094177	0.961876	0.013837	243
6797.210624	254.097534	0.961062	0.013932	245
6799.291392	254.106628	0.960631	0.013714	247
6801.370112	254.102600	0.959811	0.013808	249
6803.449856	254.087097	0.961734	0.013872	251
6805.529088	254.075745	0.961550	0.013867	253
6807.608832	254.066193	0.962179	0.014010	255
6809.688576	254.085373	0.962268	0.014046	1
6811.768320	254.065613	0.962866	0.014001	3
6813.848064	254.039963	0.963498	0.014054	5
6815.927296	254.057785	0.962975	0.013925	7
6818.007040	254.085495	0.962718	0.014162	9
6820.086272	254.050018	0.962516	0.013943	11
