time (s)	theta (A)	maj axis/z0	min axis/z0	crossing#mod 255
2055.272192	168.056992	0.978779	-0.014477	61
2057.350528	168.034683	0.978482	-0.014540	63
2059.429504	168.050507	0.979309	-0.014891	65
2061.508224	168.078674	0.980955	-0.015023	67
2063.588096	168.091232	0.982025	-0.015120	69
2065.668224	168.104568	0.982756	-0.015669	71
2067.748480	168.045410	0.982714	-0.015722	73
2069.828992	168.018402	0.981776	-0.015981	75
2071.909888	167.912735	0.980066	-0.016372	77
2073.990144	167.910690	0.980508	-0.017010	79
2076.070016	167.825607	0.980693	-0.017074	81
2078.148608	167.806549	0.980692	-0.017184	83
2080.226688	167.768341	0.980728	-0.018065	85
2082.304512	167.792038	0.979881	-0.018207	87
2084.381952	167.758652	0.977971	-0.017985	89
2086.459520	167.748795	0.978302	-0.018217	91
2088.537216	167.743744	0.978395	-0.018608	93
2090.615296	167.792755	0.979858	-0.018858	95
2092.693632	167.840836	0.979550	-0.018734	97
2094.773120	167.878189	0.979710	-0.018821	99
2096.852736	167.930893	0.980052	-0.018720	101
2098.932608	168.011536	0.980040	-0.018975	103
2101.012352	168.135574	0.981032	-0.018878	105
2103.092096	168.212433	0.980128	-0.018775	107
2105.171328	168.331711	0.980669	-0.018838	109
2107.249664	168.315659	0.983360	-0.018772	111
2109.327232	168.280258	0.982831	-0.018561	113
2111.404416	168.198975	0.983890	-0.018742	115
2113.481472	168.132187	0.983736	-0.018609	117
2115.558272	168.052048	0.983405	-0.018729	119
2117.635328	167.973724	0.983435	-0.018746	121
2119.712640	167.955383	0.984172	-0.019033	123
2121.790592	167.972137	0.984082	-0.018929	125
2123.868928	167.922241	0.981667	-0.019055	127
2125.948160	167.926865	0.980707	-0.019171	129
2128.027136	167.940445	0.980871	-0.019456	131
2130.106496	167.934509	0.981063	-0.019539	133
2132.186880	167.922058	0.980327	-0.019752	135
2134.267264	167.901505	0.980972	-0.020044	137
2136.347648	167.912720	0.982427	-0.020394	139
2138.427904	167.833862	0.982535	-0.020785	141
2140.507520	167.841492	0.984074	-0.020925	143
2142.586624	167.750168	0.984047	-0.021985	145
2144.665472	167.711670	0.983091	-0.022067	147
2146.743680	167.736404	0.981911	-0.021953	149
2148.821504	167.713715	0.981114	-0.022258	151
2150.899200	167.700211	0.980572	-0.022519	153
2152.976896	167.672836	0.981441	-0.022671	155
2155.055104	167.711533	0.980954	-0.022830	157
2157.133312	167.696823	0.980331	-0.022493	159
2159.212288	167.715149	0.980573	-0.023071	161
2161.291264	167.778854	0.980501	-0.023149	163
2163.370752	167.848907	0.979017	-0.023078	165
2165.450240	167.951523	0.978401	-0.022774	167
2167.529472	168.072510	0.979758	-0.022724	169
2169.608704	168.060486	0.978883	-0.022480	171
2171.687680	168.147964	0.980699	-0.022688	173
2173.765632	168.124695	0.981246	-0.022346	175
2175.843328	168.090042	0.981618	-0.022235	177
2177.920512	167.984848	0.982890	-0.022275	179
2179.997440	167.937714	0.982665	-0.022308	181
2182.074624	167.836212	0.982292	-0.022228	183
2184.152064	167.826370	0.982223	-0.022383	185
2186.230016	167.774445	0.981180	-0.022407	187
2188.308224	167.786407	0.982021	-0.022691	189
2190.386432	167.742325	0.981498	-0.022527	191
2192.465664	167.748154	0.982206	-0.022945	193
2194.545152	167.739822	0.982300	-0.022989	195
2196.624896	167.780899	0.983278	-0.023117	197
2198.704896	167.732651	0.983636	-0.023397	199
2200.785152	167.726212	0.984022	-0.023632	201
2202.865408	167.674332	0.983302	-0.024128	203
2204.944896	167.651337	0.983287	-0.024321	205
2207.024640	167.629318	0.982748	-0.024383	207
2209.103616	167.641693	0.984579	-0.025073	209
2211.181568	167.590988	0.984084	-0.025132	211
2213.260032	167.576233	0.982857	-0.025290	213
2215.337472	167.546692	0.983255	-0.025388	215
2217.415424	167.556686	0.982497	-0.025532	217
2219.493632	167.546951	0.982009	-0.025306	219
2221.571840	167.570999	0.982244	-0.025538	221
2223.650304	167.562180	0.981135	-0.025296	223
2225.729280	167.666061	0.980543	-0.025523	225
2227.808512	167.695801	0.980544	-0.025189	227
2229.887744	167.798676	0.981199	-0.025090	229
2231.967232	167.858612	0.981335	-0.025282	231
2234.045952	167.946136	0.982874	-0.024628	233
2236.125440	167.988922	0.982714	-0.024698	235
2238.203392	167.964157	0.983145	-0.024645	237
2240.281344	167.969299	0.982598	-0.024491	239
2242.359040	167.872284	0.984215	-0.024366	241
2244.436224	167.814285	0.984711	-0.024254	243
2246.513920	167.700531	0.984665	-0.024426	245
2248.591104	167.667328	0.983338	-0.024308	247
2250.668800	167.656342	0.982965	-0.024512	249
2252.746752	167.625641	0.982557	-0.024433	251
2254.825472	167.610718	0.982794	-0.024659	253
2256.903936	167.583130	0.982603	-0.024937	255
2258.983680	167.604523	0.983034	-0.024823	1
2261.063168	167.571823	0.981432	-0.024644	3
2263.142400	167.583786	0.982031	-0.025192	5
2265.222656	167.560516	0.981963	-0.025308	7
2267.302400	167.601044	0.983459	-0.025872	9
2269.382144	167.574234	0.984089	-0.025671	11
2271.461632	167.510117	0.985763	-0.026037	13
2273.540096	167.449326	0.986571	-0.026540	15
2275.619072	167.464706	0.985801	-0.026675	17
2277.697024	167.462357	0.983895	-0.026966	19
2279.774976	167.421234	0.984356	-0.027064	21
2281.852928	167.406845	0.983310	-0.026951	23
2283.931136	167.400772	0.983237	-0.027000	25
2286.009856	167.409653	0.982624	-0.026984	27
2288.088064	167.428207	0.980708	-0.027021	29
2290.166784	167.462936	0.981779	-0.026714	31
2292.245760	167.512558	0.981581	-0.026909	33
2294.325248	167.617874	0.981511	-0.026785	35
2296.404480	167.691788	0.982277	-0.026679	37
2298.483456	167.749481	0.982642	-0.026495	39
2300.562176	167.762054	0.983218	-0.026370	41
2302.640896	167.781860	0.983720	-0.026260	43
2304.719104	167.737228	0.984512	-0.026020	45
2306.796544	167.703918	0.985378	-0.025771	47
2308.874240	167.648834	0.984235	-0.025728	49
2310.951424	167.596893	0.984790	-0.025788	51
2313.029120	167.568893	0.986018	-0.025735	53
2315.107328	167.506363	0.985793	-0.025859	55
2317.185280	167.428909	0.985003	-0.025700	57
2319.263744	167.392838	0.985048	-0.025882	59
2321.342720	167.422852	0.983554	-0.025700	61
2323.421696	167.405350	0.983726	-0.026004	63
2325.501440	167.379120	0.984662	-0.026107	65
2327.580928	167.388397	0.984292	-0.026409	67
2329.660928	167.354797	0.983999	-0.026592	69
2331.740416	167.338776	0.983496	-0.026699	71
2333.819904	167.328522	0.983120	-0.026969	73
2335.899392	167.297531	0.983855	-0.027233	75
2337.978112	167.288605	0.983553	-0.027432	77
2340.056576	167.286835	0.983132	-0.027693	79
2342.134784	167.268494	0.982438	-0.027608	81
2344.212992	167.268692	0.983030	-0.027602	83
2346.291200	167.275696	0.982807	-0.027711	85
2348.369664	167.233139	0.983254	-0.027782	87
2350.447872	167.311111	0.980564	-0.027797	89
2352.526592	167.327789	0.981128	-0.027714	91
2354.605568	167.361267	0.981760	-0.027766	93
2356.684544	167.412598	0.981206	-0.027496	95
2358.763520	167.448746	0.982616	-0.027543	97
2360.843008	167.535110	0.983193	-0.027434	99
2362.921472	167.598480	0.984138	-0.027329	101
2365.000192	167.592651	0.985814	-0.027130	103
2367.078656	167.608795	0.987501	-0.027131	105
2369.156608	167.551697	0.987886	-0.027107	107
2371.234304	167.485626	0.987760	-0.026960	109
2373.312256	167.438629	0.987538	-0.026824	111
2375.390464	167.381027	0.986464	-0.026624	113
2377.468160	167.342987	0.985689	-0.026461	115
2379.546368	167.279572	0.985283	-0.026509	117
2381.624576	167.258698	0.983983	-0.026502	119
2383.703552	167.277069	0.983327	-0.026496	121
2385.782528	167.266571	0.984162	-0.026577	123
2387.861760	167.252686	0.983839	-0.026717	125
2389.941248	167.239990	0.984467	-0.026955	127
2392.020480	167.226273	0.984740	-0.027158	129
2394.099712	167.231750	0.984918	-0.027415	131
2396.179456	167.204941	0.985189	-0.027535	133
2398.258688	167.167068	0.984680	-0.027829	135
2400.337408	167.119995	0.985078	-0.028008	137
2402.416128	167.126205	0.984547	-0.028292	139
2404.494592	167.136200	0.985381	-0.028560	141
2406.572544	167.104279	0.984052	-0.028299	143
2408.651008	167.086029	0.984911	-0.028588	145
2410.729472	167.094009	0.984974	-0.028877	147
2412.807680	167.115906	0.983652	-0.028627	149
2414.886400	167.119629	0.983293	-0.028650	151
2416.965120	167.129395	0.981197	-0.028678	153
2419.044096	167.180817	0.980999	-0.028602	155
2421.122816	167.252243	0.981452	-0.028404	157
2423.202048	167.333954	0.982024	-0.028375	159
2425.280768	167.303909	0.984522	-0.028157	161
2427.359744	167.329041	0.983852	-0.027955	163
2429.438208	167.328903	0.983871	-0.027749	165
2431.516416	167.325485	0.984160	-0.027644	167
2433.594624	167.286362	0.984973	-0.027538	169
2435.672320	167.289871	0.985280	-0.027578	171
2437.750784	167.205215	0.985944	-0.027518	173
2439.828480	167.201584	0.984595	-0.027093	175
2441.906176	167.125336	0.985768	-0.027304	177
2443.984640	167.094864	0.984408	-0.027234	179
2446.063104	167.052704	0.983416	-0.027340	181
2448.142080	167.039124	0.982786	-0.027365	183
2450.221056	167.031631	0.982514	-0.027286	185
2452.300288	167.026093	0.983036	-0.027577	187
2454.379520	166.974701	0.983311	-0.027779	189
2456.458752	167.000137	0.983650	-0.028068	191
2458.538240	166.978165	0.983937	-0.028309	193
2460.617728	166.949585	0.984449	-0.028427	195
2462.696704	166.918839	0.984775	-0.028703	197
2464.775424	166.902893	0.983790	-0.028735	199
2466.853888	166.911072	0.983998	-0.028974	201
2468.932352	166.893600	0.983856	-0.029148	203
2471.010816	166.884460	0.982243	-0.028970	205
2473.089280	166.915497	0.982527	-0.029102	207
2475.167744	166.910782	0.982733	-0.029186	209
2477.245952	166.891144	0.982943	-0.029075	211
2479.324416	166.942825	0.983195	-0.028952	213
2481.403648	166.940598	0.983813	-0.028966	215
2483.482112	166.991821	0.983885	-0.029056	217
2485.561088	167.023727	0.982569	-0.028738	219
2487.640064	167.027863	0.984159	-0.028500	221
2489.718784	167.067871	0.983582	-0.028506	223
2491.797504	167.112717	0.984159	-0.028363	225
2493.875968	167.105377	0.984555	-0.028158	227
2495.953920	167.093857	0.984310	-0.027893	229
2498.032128	167.060379	0.985037	-0.027879	231
2500.110336	167.026993	0.984927	-0.027950	233
2502.188544	167.009811	0.985765	-0.027807	235
2504.266496	166.942932	0.985055	-0.027700	237
2506.344704	166.888779	0.984858	-0.027567	239
2508.423168	166.851089	0.983502	-0.027678	241
2510.501888	166.822266	0.983768	-0.027617	243
2512.580352	166.831726	0.983089	-0.027790	245
2514.659584	166.757065	0.983753	-0.027880	247
2516.739072	166.808258	0.983498	-0.027895	249
2518.818304	166.799179	0.983383	-0.028159	251
2520.897536	166.744904	0.983906	-0.028222	253
2522.977024	166.751465	0.983430	-0.028539	255
2525.056000	166.732330	0.982693	-0.028516	1
2527.134720	166.717209	0.982155	-0.028701	3
2529.213440	166.718842	0.982063	-0.028830	5
2531.291904	166.719971	0.982186	-0.029132	7
2533.370624	166.706680	0.981583	-0.028985	9
2535.449088	166.697800	0.981784	-0.029011	11
2537.527552	166.721481	0.981429	-0.029154	13
2539.606016	166.726562	0.981571	-0.029081	15
2541.684480	166.730469	0.981330	-0.029029	17
2543.763456	166.759720	0.981150	-0.029057	19
2545.842176	166.801270	0.981727	-0.028853	21
2547.920896	166.844528	0.981791	-0.028957	23
2549.999616	166.861618	0.982360	-0.028941	25
2552.078336	166.863510	0.982977	-0.028575	27
2554.157056	166.848099	0.983371	-0.028785	29
2556.236032	166.888474	0.984651	-0.028817	31
2558.313984	166.836716	0.983772	-0.028670	33
2560.392448	166.827194	0.984735	-0.028586	35
2562.470400	166.777847	0.984375	-0.028362	37
2564.548864	166.794006	0.984204	-0.028133	39
2566.626816	166.746887	0.984592	-0.028142	41
2568.705024	166.709366	0.984604	-0.028045	43
2570.784000	166.641113	0.985248	-0.028099	45
2572.861952	166.653412	0.985629	-0.028343	47
2574.940928	166.631638	0.984845	-0.028262	49
2577.019904	166.615021	0.985009	-0.028365	51
2579.098880	166.584015	0.984743	-0.028461	53
2581.177856	166.595276	0.984798	-0.028578	55
2583.257088	166.550156	0.984014	-0.028551	57
2585.336576	166.568970	0.984490	-0.028902	59
2587.415296	166.563904	0.984717	-0.028888	61
2589.494016	166.547302	0.985383	-0.029221	63
2591.572992	166.481857	0.985041	-0.029097	65
2593.651456	166.487946	0.983952	-0.029261	67
2595.730176	166.518509	0.983232	-0.029428	69
2597.808384	166.491760	0.982567	-0.029356	71
2599.887104	166.469147	0.982202	-0.029347	73
2601.965568	166.499298	0.981878	-0.029202	75
2604.044032	166.503204	0.981995	-0.029344	77
2606.123008	166.537964	0.983140	-0.029433	79
2608.201728	166.570831	0.982669	-0.029265	81
2610.280448	166.563477	0.981891	-0.029035	83
2612.359168	166.611923	0.982397	-0.029213	85
2614.437888	166.636520	0.982251	-0.028944	87
2616.516608	166.630753	0.982616	-0.028749	89
2618.595072	166.653152	0.982534	-0.028640	91
2620.673536	166.641998	0.982788	-0.028701	93
2622.751744	166.632568	0.982563	-0.028603	95
2624.830464	166.576294	0.983537	-0.028382	97
2626.908672	166.626022	0.984220	-0.028398	99
2628.986880	166.481339	0.984967	-0.028339	101
2631.064832	166.526978	0.985534	-0.028332	103
2633.143296	166.474899	0.985544	-0.028295	105
2635.222016	166.410828	0.984765	-0.028299	107
2637.300736	166.427368	0.983537	-0.028160	109
2639.379968	166.438446	0.983559	-0.028429	111
2641.458688	166.388794	0.983675	-0.028226	113
2643.537664	166.400604	0.984851	-0.028561	115
2645.616896	166.380249	0.984292	-0.028713	117
2647.695872	166.364746	0.985828	-0.028985	119
2649.774848	166.333160	0.985072	-0.029026	121
2651.853568	166.312119	0.983582	-0.029089	123
2653.932288	166.314072	0.983066	-0.029233	125
2656.011008	166.307098	0.983059	-0.029055	127
2658.089728	166.295990	0.982508	-0.029335	129
2660.168192	166.270874	0.982058	-0.029277	131
2662.246912	166.280777	0.981607	-0.029299	133
2664.325376	166.314484	0.982461	-0.029372	135
2666.403584	166.322372	0.982121	-0.029433	137
2668.482560	166.323059	0.983452	-0.029264	139
2670.561280	166.321945	0.982907	-0.029134	141
2672.640256	166.368759	0.982870	-0.029000	143
2674.718720	166.392715	0.982879	-0.029024	145
2676.797440	166.432419	0.982426	-0.028875	147
2678.876416	166.454620	0.984311	-0.028678	149
2680.954880	166.406937	0.984578	-0.028727	151
2683.033088	166.407990	0.984696	-0.028401	153
2685.111552	166.381500	0.984438	-0.028425	155
2687.189760	166.360062	0.984658	-0.028399	157
2689.268224	166.293976	0.984470	-0.028181	159
2691.346432	166.306778	0.983422	-0.028169	161
2693.424640	166.303467	0.983103	-0.027978	163
2695.503104	166.234634	0.982861	-0.028043	165
2697.581824	166.258987	0.981914	-0.027792	167
2699.660544	166.219543	0.982574	-0.027967	169
2701.739520	166.208954	0.982087	-0.027956	171
2703.818496	166.201218	0.982764	-0.028160	173
2705.897472	166.183975	0.983574	-0.028306	175
2707.976448	166.204361	0.984517	-0.028442	177
2710.055680	166.179840	0.984298	-0.028578	179
2712.134400	166.152496	0.983955	-0.028466	181
2714.213376	166.133987	0.983460	-0.028675	183
2716.291840	166.127258	0.983155	-0.028655	185
2718.371072	166.099426	0.982368	-0.028958	187
2720.449536	166.099243	0.981575	-0.029072	189
2722.528000	166.090576	0.981218	-0.029040	191
2724.606464	166.117874	0.981226	-0.029037	193
2726.684928	166.118408	0.981046	-0.029011	195
2728.763648	166.120575	0.982429	-0.028914	197
2730.842368	166.156052	0.982567	-0.029135	199
2732.921088	166.166138	0.982192	-0.029145	201
2734.999552	166.177490	0.982873	-0.029310	203
2737.078016	166.196564	0.983543	-0.029023	205
2739.157248	166.185425	0.983267	-0.029025	207
2741.235968	166.239243	0.984126	-0.029065	209
2743.314432	166.220078	0.985046	-0.028832	211
2745.392896	166.209213	0.984598	-0.028471	213
2747.471616	166.180435	0.985152	-0.028708	215
2749.549824	166.188019	0.984343	-0.028336	217
2751.628032	166.119186	0.985327	-0.028341	219
2753.706496	166.141006	0.985821	-0.028307	221
2755.784960	166.072800	0.986549	-0.028409	223
2757.863424	166.090363	0.985469	-0.028165	225
2759.942144	166.031219	0.985267	-0.028246	227
2762.020864	166.034546	0.985299	-0.028349	229
2764.099840	166.000427	0.984749	-0.028463	231
2766.178560	165.990311	0.983630	-0.028513	233
2768.257280	165.966690	0.984617	-0.028467	235
2770.336512	165.989731	0.984581	-0.028778	237
2772.415488	165.934860	0.984536	-0.028909	239
2774.494464	165.905380	0.983885	-0.029136	241
2776.572928	165.915817	0.983701	-0.028987	243
2778.651648	165.914017	0.984309	-0.028938	245
2780.730368	165.894928	0.983421	-0.029348	247
2782.809088	165.891068	0.982872	-0.029100	249
2784.887808	165.911713	0.983196	-0.029143	251
2786.966272	165.912567	0.984215	-0.029191	253
2789.044736	165.872833	0.984704	-0.029294	255
2791.123456	165.931015	0.982838	-0.029073	1
2793.202176	165.908463	0.982279	-0.029040	3
2795.280640	165.954803	0.981945	-0.028936	5
2797.359616	165.924026	0.983150	-0.029039	7
2799.438336	165.954514	0.983914	-0.028878	9
2801.516800	165.961548	0.984135	-0.028769	11
2803.595520	166.017197	0.984206	-0.028801	13
2805.674240	165.979507	0.985021	-0.028527	15
2807.752704	165.989929	0.985815	-0.028674	17
2809.831168	165.978989	0.986043	-0.028607	19
2811.909632	165.966354	0.986169	-0.028461	21
2813.987840	165.919846	0.986111	-0.028430	23
2816.066304	165.897903	0.986056	-0.028036	25
2818.145024	165.874283	0.986651	-0.028263	27
2820.223232	165.844727	0.986539	-0.028207	29
2822.302208	165.849762	0.986493	-0.028290	31
2824.380672	165.794754	0.986890	-0.028350	33
2826.459648	165.765305	0.985580	-0.028331	35
2828.538624	165.763504	0.984616	-0.028400	37
2830.617344	165.765167	0.983890	-0.028442	39
2832.696576	165.737320	0.984105	-0.028433	41
2834.775296	165.761032	0.984275	-0.028733	43
2836.853760	165.722900	0.984435	-0.028792	45
2838.932992	165.725754	0.983773	-0.028807	47
2841.011456	165.676987	0.983030	-0.028847	49
2843.090176	165.701248	0.982201	-0.028754	51
2845.168896	165.692368	0.982420	-0.028789	53
2847.247616	165.673141	0.982112	-0.029010	55
2849.326080	165.713058	0.981890	-0.028867	57
2851.404544	165.660889	0.981898	-0.028892	59
2853.483520	165.712311	0.981328	-0.028829	61
2855.562240	165.727188	0.980887	-0.028700	63
2857.640704	165.748154	0.981647	-0.028679	65
2859.719424	165.756790	0.982154	-0.028669	67
2861.798144	165.760361	0.982616	-0.028431	69
2863.876608	165.782379	0.982775	-0.028194	71
2865.955584	165.759354	0.983901	-0.028334	73
2868.033792	165.753052	0.983886	-0.028275	75
2870.112256	165.770233	0.983622	-0.028056	77
2872.190720	165.742065	0.983517	-0.028043	79
2874.269184	165.718613	0.984261	-0.028110	81
2876.347904	165.733032	0.983576	-0.027859	83
2878.426112	165.651840	0.984146	-0.027803	85
2880.504832	165.674957	0.983501	-0.027629	87
2882.583296	165.638824	0.982813	-0.027769	89
2884.662272	165.632477	0.982395	-0.027915	91
2886.740992	165.578766	0.982707	-0.027730	93
2888.819968	165.608109	0.982241	-0.027895	95
2890.898688	165.578003	0.982460	-0.027836	97
2892.977664	165.571121	0.983353	-0.028151	99
2895.056384	165.534668	0.982481	-0.028182	101
2897.135616	165.577621	0.981842	-0.028252	103
2899.214336	165.558578	0.983162	-0.028363	105
2901.293056	165.505432	0.982805	-0.028365	107
2903.371520	165.521774	0.982488	-0.028459	109
2905.450240	165.518967	0.983218	-0.028495	111
2907.529216	165.546127	0.984052	-0.028848	113
2909.607680	165.536469	0.983709	-0.028580	115
2911.686144	165.533569	0.983783	-0.028641	117
2913.764864	165.472595	0.983873	-0.028422	119
2915.843840	165.500015	0.984265	-0.028802	121
2917.922304	165.507812	0.983690	-0.028719	123
2920.001024	165.537979	0.983510	-0.028774	125
2922.079744	165.586014	0.983853	-0.028576	127
2924.158464	165.514999	0.984526	-0.028470	129
2926.237184	165.530746	0.984576	-0.028471	131
2928.315648	165.541290	0.985231	-0.028219	133
2930.394368	165.541245	0.985486	-0.028406	135
2932.472832	165.520477	0.985897	-0.028267	137
2934.551552	165.514862	0.985895	-0.028059	139
2936.630016	165.493729	0.986156	-0.028235	141
2938.708480	165.477585	0.984608	-0.027958	143
2940.786944	165.479218	0.983827	-0.028119	145
2942.865664	165.449783	0.983306	-0.027931	147
2944.944128	165.476151	0.983778	-0.027991	149
2947.022848	165.433365	0.983329	-0.027820	151
2949.101568	165.397049	0.983950	-0.027938	153
2951.180032	165.407364	0.983574	-0.027847	155
2953.258752	165.358978	0.984277	-0.027963	157
2955.337728	165.322632	0.983797	-0.027860	159
2957.416704	165.352219	0.984085	-0.027977	161
2959.495424	165.341278	0.983523	-0.027999	163
2961.574144	165.329758	0.983980	-0.027962	165
2963.652864	165.339737	0.983844	-0.028065	167
2965.731584	165.307678	0.983844	-0.028142	169
2967.810304	165.268005	0.983676	-0.028054	171
2969.889024	165.322510	0.982523	-0.028179	173
2971.967744	165.314423	0.982357	-0.028145	175
2974.046208	165.332474	0.983025	-0.028130	177
2976.125184	165.316986	0.983678	-0.028452	179
2978.203648	165.326660	0.983456	-0.028414	181
2980.282368	165.323822	0.983714	-0.028406	183
2982.360576	165.344620	0.984751	-0.028436	185
2984.439552	165.294662	0.984935	-0.028379	187
2986.518528	165.324493	0.984566	-0.028442	189
2988.596992	165.316498	0.984060	-0.028463	191
2990.675456	165.333740	0.984513	-0.028551	193
2992.754176	165.311951	0.985322	-0.028533	195
2994.832384	165.309631	0.985947	-0.028500	197
2996.911360	165.268723	0.986013	-0.028608	199
2998.990080	165.278000	0.985555	-0.028429	201
3001.068544	165.277969	0.986149	-0.028340	203
3003.146752	165.254791	0.986561	-0.028234	205
3005.225728	165.227585	0.985972	-0.028173	207
3007.304448	165.208786	0.985178	-0.028270	209
3009.382912	165.182770	0.984380	-0.028059	211
3011.461632	165.211609	0.984306	-0.028267	213
3013.540352	165.172684	0.985097	-0.028328	215
3015.619072	165.176331	0.984854	-0.028317	217
3017.698048	165.140030	0.984787	-0.028128	219
3019.776768	165.151001	0.984660	-0.028314	221
3021.855488	165.127045	0.983853	-0.028257	223
3023.933952	165.133728	0.984247	-0.028284	225
3026.012672	165.102631	0.983163	-0.028343	227
3028.091648	165.137833	0.983626	-0.028742	229
3030.170112	165.111343	0.983413	-0.028283	231
3032.248832	165.092957	0.983311	-0.028372	233
3034.327296	165.074463	0.982871	-0.028363	235
3036.406016	165.098755	0.982862	-0.028453	237
3038.484480	165.088455	0.982849	-0.028368	239
3040.563456	165.090317	0.982236	-0.028540	241
3042.642176	165.100830	0.982272	-0.028382	243
3044.720640	165.095230	0.982050	-0.028400	245
3046.799360	165.102478	0.981703	-0.028417	247
3048.877824	165.077591	0.981563	-0.028093	249
3050.956800	165.083176	0.981533	-0.028256	251
3053.035520	165.099121	0.981003	-0.028108	253
3055.113984	165.108856	0.982331	-0.028306	255
3057.192448	165.091003	0.983597	-0.028286	1
3059.270912	165.061951	0.984304	-0.028228	3
3061.349376	165.029099	0.984021	-0.028145	5
3063.428096	165.025986	0.983826	-0.028041	7
3065.506560	165.014603	0.983367	-0.028016	9
3067.585280	165.019028	0.983976	-0.027981	11
3069.664000	164.982849	0.984131	-0.028075	13
3071.742464	164.944199	0.983728	-0.027827	15
3073.821440	164.951294	0.982911	-0.027801	17
3075.899904	164.987442	0.983906	-0.028019	19
3077.978880	164.949051	0.984145	-0.027939	21
3080.057344	164.966476	0.985010	-0.028190	23
3082.136320	164.864487	0.984832	-0.028177	25
3084.214784	164.905960	0.982537	-0.027917	27
3086.293760	164.901840	0.982745	-0.028182	29
3088.372480	164.859131	0.981790	-0.028053	31
3090.451456	164.852921	0.981464	-0.028099	33
3092.530176	164.874512	0.981778	-0.028524	35
3094.608384	164.901489	0.981818	-0.028347	37
3096.687360	164.894470	0.981055	-0.028213	39
3098.766080	164.904114	0.980674	-0.028150	41
3100.844544	164.894608	0.979810	-0.027948	43
3102.923264	164.897705	0.980646	-0.027809	45
3105.001984	164.918320	0.981473	-0.027939	47
3107.080704	164.907059	0.981016	-0.027972	49
3109.159424	164.924652	0.981327	-0.027729	51
3111.237888	164.927383	0.981545	-0.027612	53
3113.316352	164.935822	0.983283	-0.027501	55
3115.395072	164.900696	0.984303	-0.027714	57
3117.473536	164.890182	0.984209	-0.027669	59
3119.552256	164.889771	0.984650	-0.027367	61
3121.630720	164.860687	0.983790	-0.027381	63
3123.709440	164.829956	0.983596	-0.027516	65
3125.787648	164.831055	0.982855	-0.027171	67
3127.866368	164.809311	0.982708	-0.027223	69
3129.945088	164.809967	0.982251	-0.027107	71
3132.023808	164.794296	0.982835	-0.027347	73
3134.102528	164.776886	0.983165	-0.027359	75
3136.181248	164.766571	0.982499	-0.027164	77
3138.259968	164.755600	0.981993	-0.027336	79
3140.338688	164.760681	0.982280	-0.027295	81
3142.417408	164.727737	0.982117	-0.027382	83
3144.496128	164.752274	0.982258	-0.027460	85
3146.574848	164.707916	0.982970	-0.027279	87
3148.653824	164.748428	0.984034	-0.027608	89
3150.732544	164.704285	0.984215	-0.027689	91
3152.811264	164.695023	0.983493	-0.027638	93
3154.889728	164.709564	0.983658	-0.027389	95
3156.968192	164.716003	0.984006	-0.027566	97
3159.047424	164.702576	0.984013	-0.027436	99
3161.125888	164.721359	0.984149	-0.027523	101
3163.204352	164.702286	0.983558	-0.027466	103
3165.283072	164.699615	0.984173	-0.027198	105
3167.361792	164.676956	0.983048	-0.027186	107
3169.440512	164.704926	0.982071	-0.027229	109
3171.518976	164.709885	0.982715	-0.027164	111
3173.597696	164.707108	0.983584	-0.027014	113
3175.676416	164.723801	0.983985	-0.027099	115
3177.754880	164.703369	0.984291	-0.026971	117
3179.833344	164.691269	0.984000	-0.027021	119
3181.912064	164.681870	0.983851	-0.026841	121
3183.990784	164.660370	0.983623	-0.026917	123
3186.069248	164.687820	0.983865	-0.027097	125
3188.147712	164.657379	0.984584	-0.027003	127
3190.226688	164.642288	0.984124	-0.027072	129
3192.304896	164.675690	0.984781	-0.027073	131
3194.383872	164.579941	0.985167	-0.027260	133
3196.462592	164.534653	0.984283	-0.027214	135
3198.541312	164.575623	0.985007	-0.027365	137
3200.620032	164.556366	0.985067	-0.027378	139
3202.698496	164.496078	0.984320	-0.027615	141
3204.777472	164.557358	0.983433	-0.027298	143
3206.856192	164.520905	0.983410	-0.027320	145
3208.934656	164.497787	0.983462	-0.027434	147
3211.013632	164.478851	0.983032	-0.027583	149
3213.092352	164.478836	0.983511	-0.027788	151
3215.171072	164.457779	0.982944	-0.027801	153
3217.249536	164.471024	0.983882	-0.027873	155
3219.328256	164.486816	0.985121	-0.028035	157
3221.406976	164.476379	0.985472	-0.027857	159
3223.485440	164.457764	0.985176	-0.027928	161
3225.564672	164.481522	0.985098	-0.027845	163
3227.643136	164.477173	0.984443	-0.027921	165
3229.721600	164.466019	0.983521	-0.027789	167
3231.800320	164.449661	0.984273	-0.027615	169
3233.879040	164.466278	0.983901	-0.027776	171
3235.957760	164.477631	0.983491	-0.027633	173
3238.036480	164.465363	0.984691	-0.027789	175
3240.114944	164.513168	0.984195	-0.027733	177
3242.193664	164.453140	0.984758	-0.027708	179
3244.272384	164.446198	0.984537	-0.027598	181
3246.350592	164.419434	0.983308	-0.027331	183
3248.429568	164.420486	0.983351	-0.027313	185
3250.508032	164.416000	0.982894	-0.027233	187
3252.586496	164.418198	0.984118	-0.027353	189
3254.665216	164.391281	0.982880	-0.027194	191
3256.743936	164.355423	0.982354	-0.027261	193
3258.822656	164.360641	0.982217	-0.027239	195
3260.901376	164.360947	0.981809	-0.027173	197
3262.980352	164.354233	0.982839	-0.027318	199
3265.058816	164.309174	0.983271	-0.027333	201
3267.137280	164.347595	0.983335	-0.027327	203
3269.216512	164.317902	0.984732	-0.027401	205
3271.294976	164.305557	0.984591	-0.027329	207
3273.373440	164.274841	0.983616	-0.027484	209
3275.452416	164.266479	0.983793	-0.027450	211
3277.531136	164.284851	0.983299	-0.027451	213
3279.609856	164.311783	0.983837	-0.027513	215
3281.688320	164.254242	0.983551	-0.027497	217
3283.767040	164.248108	0.983452	-0.027532	219
3285.846016	164.247116	0.983296	-0.027447	221
3287.924480	164.253433	0.982372	-0.027287	223
3290.003200	164.257904	0.983048	-0.027314	225
3292.081920	164.268524	0.983174	-0.027319	227
3294.160384	164.268631	0.984230	-0.027318	229
3296.239104	164.231033	0.984399	-0.027374	231
3298.317824	164.252411	0.983654	-0.027359	233
3300.396288	164.261261	0.984722	-0.027352	235
3302.475008	164.256683	0.985442	-0.027302	237
3304.553472	164.216492	0.984567	-0.027273	239
3306.632448	164.268692	0.984515	-0.027206	241
3308.710912	164.229752	0.984568	-0.027126	243
3310.789632	164.212036	0.985133	-0.027214	245
3312.868096	164.212006	0.985781	-0.027102	247
3314.946560	164.198090	0.987510	-0.027106	249
3317.025536	164.159561	0.986433	-0.027080	251
3319.104000	164.159622	0.986856	-0.027076	253
3321.183232	164.180679	0.987060	-0.026892	255
3323.261696	164.110275	0.985713	-0.026412	1
3325.340160	164.119476	0.986226	-0.026954	3
3327.418880	164.098343	0.986281	-0.027091	5
3329.497600	164.110214	0.985273	-0.026955	7
3331.576320	164.095795	0.985465	-0.027014	9
3333.655296	164.091629	0.985364	-0.027240	11
3335.733760	164.172455	0.984399	-0.026350	13
3337.813248	164.069229	0.983400	-0.026667	15
3339.891712	164.098175	0.983225	-0.026616	17
3341.970176	164.018967	0.982917	-0.025872	19
3344.048640	164.071106	0.982665	-0.026367	21
3346.127104	164.090149	0.981243	-0.026192	23
3348.205312	164.077454	0.981257	-0.026045	25
3350.284288	164.070862	0.981590	-0.026085	27
3352.363008	164.062546	0.981846	-0.026155	29
3354.441984	164.067886	0.981518	-0.026155	31
3356.520192	164.096542	0.982528	-0.026216	33
3358.599168	164.088058	0.983139	-0.026080	35
3360.677632	164.085999	0.983407	-0.026018	37
3362.756352	164.073776	0.983824	-0.026045	39
3364.834816	164.047272	0.982807	-0.026000	41
3366.913280	164.048370	0.982770	-0.025980	43
3368.992000	164.060425	0.982245	-0.025902	45
3371.070720	164.022736	0.982489	-0.026003	47
3373.148928	164.012802	0.983231	-0.026098	49
3375.227648	164.010330	0.982909	-0.026158	51
3377.306368	163.999557	0.983087	-0.026145	53
3379.385088	163.966202	0.983101	-0.025943	55
3381.463808	163.979721	0.982456	-0.025975	57
3383.542528	163.938248	0.982823	-0.026077	59
3385.621248	163.945068	0.983071	-0.026087	61
3387.700224	163.946732	0.983872	-0.026321	63
3389.778944	163.946869	0.984027	-0.026411	65
3391.857664	163.916000	0.984211	-0.026298	67
3393.936384	163.901138	0.984427	-0.026509	69
3396.015104	163.907837	0.984627	-0.026566	71
3398.093568	163.883408	0.983806	-0.026475	73
3400.172288	163.885757	0.983716	-0.026600	75
3402.251008	163.844635	0.983079	-0.026573	77
3404.329984	163.898712	0.983647	-0.026768	79
3406.408448	163.879761	0.983749	-0.026492	81
3408.487424	163.888718	0.985290	-0.026582	83
3410.566144	163.862915	0.985728	-0.026898	85
3412.644352	163.884766	0.984727	-0.026713	87
3414.723072	163.868713	0.984281	-0.026784	89
3416.801792	163.925323	0.984234	-0.026904	91
3418.880768	163.891983	0.983703	-0.026735	93
3420.959488	163.867584	0.983974	-0.026793	95
3423.037696	163.863876	0.982737	-0.026427	97
3425.116416	163.884521	0.983084	-0.026716	99
3427.194880	163.852844	0.982568	-0.026470	101
3429.273856	163.867035	0.982124	-0.026435	103
3431.352320	163.838409	0.982439	-0.026425	105
3433.430784	163.851776	0.982876	-0.026453	107
3435.509504	163.829269	0.983684	-0.026426	109
3437.587968	163.819611	0.984128	-0.026532	111
3439.666688	163.825577	0.984466	-0.026465	113
3441.745408	163.772507	0.985792	-0.026378	115
3443.824128	163.776489	0.985608	-0.026297	117
3445.902592	163.796280	0.985868	-0.026480	119
3447.981312	163.728943	0.985950	-0.026492	121
3450.060288	163.738800	0.985393	-0.026550	123
3452.138752	163.719604	0.984570	-0.026402	125
3454.217728	163.716171	0.984665	-0.026551	127
3456.296448	163.693512	0.984379	-0.026520	129
3458.375424	163.689163	0.984108	-0.026690	131
3460.453888	163.694443	0.984250	-0.026712	133
3462.532352	163.669037	0.984881	-0.026661	135
3464.611328	163.653534	0.983705	-0.026614	137
3466.690048	163.664078	0.983067	-0.026789	139
3468.768512	163.672302	0.983225	-0.026802	141
3470.847232	163.655243	0.982807	-0.026768	143
3472.925696	163.661041	0.984015	-0.026798	145
3475.004160	163.649811	0.984129	-0.026896	147
3477.082880	163.642670	0.983570	-0.026583	149
3479.162112	163.692993	0.983446	-0.026737	151
3481.240576	163.668961	0.984131	-0.026776	153
3483.319040	163.688202	0.983657	-0.026709	155
3485.397760	163.668961	0.983935	-0.026571	157
3487.476480	163.641922	0.984018	-0.026608	159
3489.555200	163.635818	0.983315	-0.026484	161
3491.633664	163.646790	0.983534	-0.026510	163
3493.712128	163.661163	0.983440	-0.026549	165
3495.791104	163.629913	0.983174	-0.026425	167
3497.869312	163.619598	0.983079	-0.026217	169
3499.948032	163.615616	0.982053	-0.026405	171
3502.026496	163.602753	0.981933	-0.026295	173
3504.105472	163.576263	0.982075	-0.026335	175
3506.184192	163.593307	0.981849	-0.026347	177
3508.262912	163.573715	0.982755	-0.026364	179
3510.341632	163.555054	0.982630	-0.026250	181
3512.420096	163.535065	0.981850	-0.026345	183
3514.499328	163.543335	0.981620	-0.026426	185
3516.577536	163.510971	0.983427	-0.026165	187
3518.656256	163.522858	0.983170	-0.026517	189
3520.734720	163.503311	0.983240	-0.026139	191
3522.813696	163.491623	0.983732	-0.026453	193
3524.892416	163.518265	0.984148	-0.026698	195
3526.971136	163.482712	0.983618	-0.026522	197
3529.049856	163.456451	0.982418	-0.026401	199
3531.128832	163.497421	0.982994	-0.026526	201
3533.207296	163.426178	0.983799	-0.026576	203
3535.285760	163.467743	0.983279	-0.026542	205
3537.364480	163.439865	0.983871	-0.026475	207
3539.443200	163.462616	0.983386	-0.026404	209
3541.521664	163.492981	0.983459	-0.026414	211
3543.600640	163.446579	0.983623	-0.026520	213
3545.679104	163.492294	0.984459	-0.026766	215
3547.758080	163.424011	0.983595	-0.026266	217
3549.836288	163.453461	0.983341	-0.026304	219
3551.915520	163.442505	0.983167	-0.026116	221
3553.993984	163.481094	0.983403	-0.026374	223
3556.072448	163.422699	0.983638	-0.025965	225
3558.150912	163.454514	0.982829	-0.026074	227
3560.229376	163.405914	0.982717	-0.026081	229
3562.308352	163.391342	0.983047	-0.026150	231
3564.386816	163.389679	0.981964	-0.026089	233
3566.465536	163.379654	0.982486	-0.026229	235
3568.544256	163.393326	0.982024	-0.025907	237
3570.622720	163.362854	0.982527	-0.026098	239
3572.701696	163.353790	0.982475	-0.026003	241
3574.780160	163.323608	0.982220	-0.025914	243
3576.858880	163.325226	0.982795	-0.026122	245
3578.937600	163.312393	0.983046	-0.026157	247
3581.016320	163.314178	0.983867	-0.026076	249
3583.095296	163.277664	0.984605	-0.026085	251
3585.174016	163.275528	0.985430	-0.026160	253
3587.252480	163.255157	0.984679	-0.026202	255
3589.331200	163.248367	0.984822	-0.026147	1
3591.410176	163.245697	0.984691	-0.026212	3
3593.488896	163.263199	0.983601	-0.026228	5
3595.567616	163.272232	0.983066	-0.026282	7
3597.646080	163.270477	0.983017	-0.026353	9
3599.724800	163.282486	0.984553	-0.026336	11
3601.803520	163.262848	0.983482	-0.026326	13
3603.881984	163.243515	0.983047	-0.026306	15
3605.960960	163.232162	0.983760	-0.026451	17
3608.039680	163.226822	0.984136	-0.026368	19
3610.117888	163.265289	0.983261	-0.026346	21
3612.196608	163.233627	0.983604	-0.026263	23
3614.275584	163.257889	0.983480	-0.026203	25
3616.354304	163.243774	0.983224	-0.026157	27
3618.432768	163.271149	0.984385	-0.026186	29
3620.511232	163.244827	0.984597	-0.026206	31
3622.590208	163.203873	0.984698	-0.025989	33
3624.667648	163.237198	0.983123	-0.026494	35
3626.746624	163.187454	0.983761	-0.025891	37
3628.824576	163.207062	0.982953	-0.026645	39
3630.904064	163.162598	0.984174	-0.025778	41
3632.982272	163.122299	0.983530	-0.025336	43
3635.060992	163.118042	0.983977	-0.025337	45
3637.140992	163.011734	0.983702	-0.025136	47
3639.219200	163.151703	0.984593	-0.025693	49
3641.297920	163.156570	0.984469	-0.025518	51
3643.376640	163.062042	0.983694	-0.025550	53
3645.455360	163.106293	0.983187	-0.025745	55
3647.534080	163.121063	0.982071	-0.025429	57
3649.612544	163.092316	0.983264	-0.025508	59
3651.691264	163.109116	0.983764	-0.025541	61
3653.769984	163.083511	0.983352	-0.025507	63
3655.848704	163.070969	0.983223	-0.025653	65
3657.927424	163.057510	0.982715	-0.025692	67
3660.006400	163.070358	0.982539	-0.025760	69
3662.084608	163.069092	0.982124	-0.025806	71
3664.163328	163.046402	0.982236	-0.025838	73
3666.242048	163.048203	0.982841	-0.025955	75
3668.320768	163.055496	0.982857	-0.025803	77
3670.399232	163.049774	0.982453	-0.025679	79
3672.477696	163.044510	0.983908	-0.025831	81
3674.556672	163.080170	0.983902	-0.025708	83
3676.635392	163.032654	0.985261	-0.025766	85
3678.714112	163.048889	0.985513	-0.025789	87
3680.792832	163.023453	0.985022	-0.025682	89
3682.871040	163.014175	0.985319	-0.025845	91
3684.950016	163.016083	0.985377	-0.025949	93
3687.028736	162.998672	0.985598	-0.025797	95
3689.107200	162.967621	0.984417	-0.025507	97
3691.185920	163.019394	0.983986	-0.025484	99
3693.264640	163.009918	0.984073	-0.025875	101
3695.343360	163.009430	0.984295	-0.025731	103
3697.422336	162.976028	0.984346	-0.025869	105
3699.500800	162.960312	0.983623	-0.025609	107
3701.579520	162.961548	0.984209	-0.025796	109
3703.658240	162.964554	0.984857	-0.025742	111
3705.736960	162.931732	0.984968	-0.025695	113
3707.815680	162.911942	0.985162	-0.025799	115
3709.894144	162.920013	0.984741	-0.025641	117
3711.973120	162.891510	0.985050	-0.025755	119
3714.051840	162.876236	0.984712	-0.025875	121
3716.130304	162.872940	0.984042	-0.025895	123
3718.209024	162.880417	0.983901	-0.025644	125
3720.287232	162.906326	0.984343	-0.025946	127
3722.366464	162.878983	0.984567	-0.025872	129
3724.444928	162.859695	0.983892	-0.025615	131
3726.523648	162.842560	0.983652	-0.025652	133
3728.602368	162.848114	0.983055	-0.025677	135
3730.681088	162.854492	0.982877	-0.025659	137
3732.759552	162.825317	0.982410	-0.025549	139
3734.838528	162.863480	0.982474	-0.025725	141
3736.916992	162.854721	0.982725	-0.025700	143
3738.995456	162.842285	0.982768	-0.025619	145
3741.074432	162.832840	0.983548	-0.025667	147
3743.152896	162.829880	0.983954	-0.025583	149
3745.231616	162.826187	0.984386	-0.025716	151
3747.309824	162.818237	0.983594	-0.025644	153
3749.388800	162.836533	0.984617	-0.025714	155
3751.467520	162.821564	0.985078	-0.025718	157
3753.546496	162.881256	0.985184	-0.025719	159
3755.625472	162.809662	0.985512	-0.025632	161
3757.704192	162.822113	0.985758	-0.025624	163
3759.782912	162.816788	0.985711	-0.025681	165
3761.861376	162.780426	0.985609	-0.025529	167
3763.939840	162.664093	0.985897	-0.025657	169
3766.018304	162.719620	0.984396	-0.025680	171
3768.096512	162.645218	0.985551	-0.025770	173
3770.176256	162.748398	0.983902	-0.026152	175
3772.255232	162.713043	0.983850	-0.025749	177
3774.332416	162.512604	0.985301	-0.025233	179
3776.412416	162.729462	0.983605	-0.026532	181
3778.491136	162.648590	0.984507	-0.026159	183
3780.569088	162.692108	0.984061	-0.025722	185
3782.648320	162.679703	0.983679	-0.026091	187
3784.726784	162.654617	0.982560	-0.025829	189
3786.805504	162.620743	0.981972	-0.025696	191
3788.883968	162.668854	0.982204	-0.025732	193
3790.962944	162.708710	0.983166	-0.025820	195
3793.041408	162.671066	0.983359	-0.025791	197
3795.120128	162.647522	0.983940	-0.026200	199
3797.198592	162.735809	0.982387	-0.025849	201
3799.277568	162.630066	0.982604	-0.025443	203
3801.356288	162.653992	0.983258	-0.025490	205
3803.434752	162.668106	0.983032	-0.025542	207
3805.513472	162.665176	0.984106	-0.025585	209
3807.591936	162.657364	0.985541	-0.025792	211
3809.670656	162.578873	0.985237	-0.025634	213
3811.749376	162.615036	0.984952	-0.025506	215
3813.828096	162.607285	0.985120	-0.025769	217
3815.906816	162.592239	0.984774	-0.025580	219
3817.985024	162.555954	0.985084	-0.025428	221
3820.064000	162.574814	0.985131	-0.025795	223
3822.142720	162.575012	0.985697	-0.025859	225
3824.221184	162.520538	0.985998	-0.025802	227
3826.300416	162.498657	0.985594	-0.025534	229
3828.378368	162.585709	0.986053	-0.025780	231
3830.457856	162.494476	0.984988	-0.025564	233
3832.536320	162.473938	0.983709	-0.025312	235
3834.614784	162.557587	0.983261	-0.025985	237
3836.693248	162.493530	0.983548	-0.025751	239
3838.772480	162.466522	0.983731	-0.025741	241
3840.850944	162.536560	0.984238	-0.025720	243
3842.929152	162.501923	0.985053	-0.025928	245
3845.008128	162.457397	0.984770	-0.025759	247
3847.087104	162.533066	0.984499	-0.025775	249
3849.165312	162.533096	0.984724	-0.025536	251
3851.244032	162.490402	0.984166	-0.025539	253
3853.322752	162.493332	0.983636	-0.025625	255
3855.401472	162.493362	0.983787	-0.025638	1
3857.480192	162.463852	0.983835	-0.025546	3
3859.558656	162.445450	0.984030	-0.025585	5
3861.637376	162.520615	0.984437	-0.025787	7
3863.716096	162.470871	0.983610	-0.025760	9
3865.794560	162.460953	0.984668	-0.025837	11
3867.873536	162.419235	0.985097	-0.025675	13
3869.952000	162.489868	0.986570	-0.025867	15
3872.030464	162.378494	0.986439	-0.025865	17
3874.109184	162.376724	0.986673	-0.026018	19
3876.188160	162.328995	0.986170	-0.026017	21
3878.266880	162.341400	0.985006	-0.026064	23
3880.345344	162.358505	0.984684	-0.026014	25
3882.424064	162.367096	0.984332	-0.025901	27
3884.502784	162.345154	0.985071	-0.025744	29
3886.581504	162.325302	0.985164	-0.025842	31
3888.660480	162.328384	0.985041	-0.026087	33
3890.738688	162.336746	0.985376	-0.026045	35
3892.817408	162.284195	0.985229	-0.026072	37
3894.896128	162.312958	0.984826	-0.025901	39
3896.974848	162.299881	0.984708	-0.025821	41
3899.053568	162.281326	0.984589	-0.025964	43
3901.132544	162.288589	0.984281	-0.025949	45
3903.211008	162.250168	0.984818	-0.026007	47
3905.289472	162.272720	0.983712	-0.025969	49
3907.368192	162.275711	0.983512	-0.025865	51
3909.446912	162.225845	0.983907	-0.025883	53
3911.525888	162.255844	0.984095	-0.025945	55
3913.604096	162.254425	0.983661	-0.025904	57
3915.682816	162.236588	0.983938	-0.025679	59
3917.761792	162.234650	0.984160	-0.025835	61
3919.840256	162.271866	0.983833	-0.025799	63
3921.918976	162.223907	0.983688	-0.025700	65
3923.997440	162.231918	0.983563	-0.025694	67
3926.076416	162.218979	0.983031	-0.025609	69
3928.155136	162.257629	0.982609	-0.025643	71
3930.233600	162.223984	0.983607	-0.025522	73
3932.312320	162.170792	0.983186	-0.025457	75
3934.391040	162.189285	0.983414	-0.025499	77
3936.469504	162.175430	0.983644	-0.025289	79
3938.548480	162.130554	0.984472	-0.025303	81
3940.626944	162.155869	0.984239	-0.025426	83
3942.705664	162.166275	0.983635	-0.025313	85
3944.784128	162.149384	0.984589	-0.025467	87
3946.863104	162.110443	0.984424	-0.025383	89
3948.941824	162.118393	0.984423	-0.025361	91
3951.020288	162.081818	0.984319	-0.025422	93
3953.099264	162.086960	0.984421	-0.025469	95
3955.177984	162.094193	0.985277	-0.025493	97
3957.256704	162.063873	0.986231	-0.025626	99
3959.335168	162.081772	0.985197	-0.025399	101
3961.414144	162.042419	0.984926	-0.025292	103
3963.492864	162.086395	0.985098	-0.025531	105
3965.571328	162.033081	0.985772	-0.025522	107
3967.649792	162.023605	0.986070	-0.025577	109
3969.729024	162.031464	0.986443	-0.025473	111
3971.807488	162.039169	0.985800	-0.025410	113
3973.885952	162.044952	0.985653	-0.025447	115
3975.964672	162.028946	0.986521	-0.025448	117
3978.043392	162.030014	0.988034	-0.025553	119
3980.122112	162.025558	0.987522	-0.025574	121
3982.200576	162.026184	0.987729	-0.025553	123
3984.279296	162.059875	0.988032	-0.025526	125
3986.358272	162.084671	0.987776	-0.025470	127
3988.436736	161.998871	0.987506	-0.025550	129
3990.515712	161.946442	0.985409	-0.025186	131
3992.594176	161.957901	0.985140	-0.025379	133
3994.672896	161.980087	0.984825	-0.025330	135
3996.751360	161.972321	0.984399	-0.025382	137
3998.830080	161.980057	0.984538	-0.025262	139
4000.908800	161.897568	0.983975	-0.025381	141
4002.987520	161.956207	0.983923	-0.025199	143
4005.066240	161.952316	0.983360	-0.025185	145
4007.144704	161.930710	0.983850	-0.025175	147
4009.223424	161.895279	0.983494	-0.025188	149
4011.302400	161.884628	0.983413	-0.025235	151
4013.380864	161.893433	0.983612	-0.025386	153
4015.459328	161.885056	0.983437	-0.025334	155
4017.538560	161.848267	0.982946	-0.025319	157
4019.617024	161.823273	0.982951	-0.025348	159
4021.695744	161.797363	0.983193	-0.025300	161
4023.774720	161.824738	0.983048	-0.025491	163
4025.853184	161.842911	0.983474	-0.025517	165
4027.931648	161.842407	0.982726	-0.025614	167
4030.010368	161.804886	0.984463	-0.025401	169
4032.089088	161.795120	0.985632	-0.025893	171
4034.167808	161.792343	0.984306	-0.025347	173
4036.246272	161.759445	0.984650	-0.025547	175
4038.324992	161.805862	0.984478	-0.025544	177
4040.403712	161.786194	0.984670	-0.025329	179
4042.482432	161.802216	0.985545	-0.025511	181
4044.561152	161.805679	0.985932	-0.025675	183
4046.639616	161.794449	0.985810	-0.025612	185
4048.718336	161.766754	0.985992	-0.025585	187
4050.797056	161.791672	0.985728	-0.025520	189
4052.875520	161.772186	0.985839	-0.025521	191
4054.954496	161.735840	0.986313	-0.025317	193
4057.032704	161.742279	0.986518	-0.025595	195
4059.111680	161.722061	0.986051	-0.025381	197
4061.190400	161.742691	0.984854	-0.025536	199
4063.268864	161.727448	0.984598	-0.025422	201
4065.347584	161.718689	0.984590	-0.025315	203
4067.426304	161.682220	0.984449	-0.025273	205
4069.504768	161.685730	0.984675	-0.025512	207
4071.583744	161.682541	0.985314	-0.025343	209
4073.662464	161.697815	0.984995	-0.025514	211
4075.741184	161.660919	0.984618	-0.025585	213
4077.819648	161.620407	0.984411	-0.025366	215
4079.898368	161.647659	0.983283	-0.025376	217
4081.977344	161.633759	0.983123	-0.025535	219
4084.055808	161.613556	0.982943	-0.025339	221
4086.134528	161.603241	0.983378	-0.025446	223
4088.212992	161.607574	0.983387	-0.025566	225
4090.291712	161.593292	0.983540	-0.025573	227
4092.370688	161.597610	0.982750	-0.025497	229
4094.449152	161.558426	0.982455	-0.025357	231
4096.528128	161.582565	0.982273	-0.025359	233
4098.606592	161.570480	0.982665	-0.025473	235
4100.685312	161.564178	0.982182	-0.025429	237
4102.763776	161.560074	0.981919	-0.025497	239
4104.842752	161.546753	0.981760	-0.025497	241
4106.921472	161.561340	0.982494	-0.025369	243
4108.999936	161.549469	0.983158	-0.025538	245
4111.078656	161.554001	0.983253	-0.025460	247
4113.157376	161.513565	0.983294	-0.025369	249
4115.235840	161.553497	0.983421	-0.025547	251
4117.314816	161.506027	0.983364	-0.025362	253
4119.393536	161.491180	0.982734	-0.025496	255
4121.472000	161.539795	0.983071	-0.025419	1
4123.550720	161.503983	0.983860	-0.025450	3
4125.629440	161.465698	0.984596	-0.025508	5
4127.708160	161.476593	0.984338	-0.025291	7
4129.787136	161.466309	0.984270	-0.025349	9
4131.865344	161.461655	0.983277	-0.025438	11
4133.944064	161.472595	0.982578	-0.025278	13
4136.022784	161.435501	0.982838	-0.025302	15
4138.101504	161.423660	0.982961	-0.025385	17
4140.180224	161.428711	0.983620	-0.025287	19
4142.258944	161.425125	0.983463	-0.025318	21
4144.337408	161.415756	0.984039	-0.025344	23
4146.416384	161.417999	0.983968	-0.025345	25
4148.495104	161.392166	0.984119	-0.025369	27
4150.573568	161.405289	0.983649	-0.025349	29
4152.652032	161.379456	0.984420	-0.025293	31
4154.731008	161.403381	0.984777	-0.025500	33
4156.809728	161.404266	0.985123	-0.025258	35
4158.888448	161.367279	0.985596	-0.025426	37
4160.967168	161.370361	0.986092	-0.025801	39
4163.045888	161.378067	0.985731	-0.025737	41
4165.124352	161.330017	0.984350	-0.025378	43
4167.203072	161.332932	0.984095	-0.025551	45
4169.281792	161.323349	0.984730	-0.025509	47
4171.360512	161.327652	0.984477	-0.025248	49
4173.438976	161.334564	0.984121	-0.025118	51
4175.517696	161.315598	0.984154	-0.025166	53
4177.596416	161.316360	0.984240	-0.025279	55
4179.674880	161.314590	0.983329	-0.025059	57
4181.753856	161.300858	0.983590	-0.025101	59
4183.832320	161.283951	0.984386	-0.025224	61
4185.911040	161.289688	0.984554	-0.025208	63
4187.989504	161.281311	0.983634	-0.025121	65
4190.068480	161.279175	0.982775	-0.025215	67
4192.146944	161.285294	0.982376	-0.024900	69
4194.225920	161.249969	0.982924	-0.025182	71
4196.304640	161.235168	0.982551	-0.025175	73
4198.383360	161.294556	0.983149	-0.025059	75
4200.462080	161.210007	0.982599	-0.025124	77
4202.540544	161.226990	0.981446	-0.024715	79
4204.619264	161.210831	0.982177	-0.024840	81
4206.697984	161.222214	0.982980	-0.025206	83
4208.776704	161.213013	0.982547	-0.024789	85
4210.855424	161.174667	0.981701	-0.024783	87
4212.933888	161.161865	0.981506	-0.024771	89
4215.012352	161.189819	0.981551	-0.024769	91
4217.091584	161.168991	0.981898	-0.024903	93
4219.169792	161.178970	0.982279	-0.024833	95
4221.248768	161.170944	0.983506	-0.024786	97
4223.327488	161.160172	0.983467	-0.024783	99
4225.406208	161.151886	0.983618	-0.024856	101
4227.484928	161.137085	0.983924	-0.024882	103
4229.563648	161.125168	0.984197	-0.024935	105
4231.642112	161.114944	0.984974	-0.024648	107
4233.721088	161.108536	0.985517	-0.025097	109
4235.799552	161.098663	0.985148	-0.025059	111
4237.878016	161.103745	0.985004	-0.024901	113
4239.956992	161.093933	0.985525	-0.024922	115
4242.035456	161.081619	0.985052	-0.024919	117
4244.114432	161.085083	0.985035	-0.024756	119
4246.193152	161.068344	0.985391	-0.024737	121
4248.271872	161.084732	0.984116	-0.024926	123
4250.350336	161.073593	0.983806	-0.024766	125
4252.429056	161.049973	0.984041	-0.024981	127
4254.507776	161.056503	0.984396	-0.024764	129
4256.586496	161.057724	0.984723	-0.024854	131
4258.664960	161.043625	0.984844	-0.024742	133
4260.743936	161.058121	0.984048	-0.024635	135
4262.822400	161.031036	0.984887	-0.024783	137
4264.901376	161.021179	0.984481	-0.024883	139
4266.980096	161.007523	0.984670	-0.024712	141
4269.058560	161.004059	0.983914	-0.024454	143
4271.137280	161.017227	0.984889	-0.024628	145
4273.215744	160.990692	0.985146	-0.024740	147
4275.294208	160.960281	0.985210	-0.024592	149
4277.373184	160.968948	0.985240	-0.024822	151
4279.452160	160.976303	0.985748	-0.024998	153
4281.530624	160.935944	0.986076	-0.024721	155
4283.609088	160.936478	0.985510	-0.024804	157
4285.687808	160.938156	0.986283	-0.024910	159
4287.766528	160.913406	0.986279	-0.024905	161
4289.845248	160.881058	0.985589	-0.024738	163
4291.924224	160.896713	0.985358	-0.024874	165
4294.002432	160.866669	0.985144	-0.025030	167
4296.081408	160.853897	0.984942	-0.024880	169
4298.160128	160.852112	0.984871	-0.024971	171
4300.238848	160.880478	0.983968	-0.024967	173
4302.317568	160.860596	0.984002	-0.024937	175
4304.396288	160.845596	0.984731	-0.024847	177
4306.475008	160.865906	0.984065	-0.024934	179
4308.553216	160.856842	0.984138	-0.024754	181
4310.632448	160.834610	0.984993	-0.024900	183
4312.710656	160.847366	0.984719	-0.024884	185
4314.789376	160.872726	0.984447	-0.024700	187
4316.868096	160.824509	0.985504	-0.025035	189
4318.946816	160.799866	0.985695	-0.024909	191
4321.025536	160.820862	0.985352	-0.024562	193
4323.104256	160.798355	0.985035	-0.024883	195
4325.182464	160.822067	0.983824	-0.024599	197
4327.261696	160.837418	0.984307	-0.024816	199
4329.339904	160.805923	0.984151	-0.024693	201
4331.418624	160.774033	0.983728	-0.024545	203
4333.497344	160.763458	0.983624	-0.024672	205
4335.576064	160.753815	0.984136	-0.024566	207
4337.654784	160.740616	0.984248	-0.024563	209
4339.733504	160.765945	0.984191	-0.024575	211
4341.812736	160.731644	0.984815	-0.024783	213
4343.890944	160.729263	0.984257	-0.024387	215
4345.969664	160.708374	0.984102	-0.024378	217
4348.048384	160.751266	0.983436	-0.024486	219
4350.127104	160.762421	0.984364	-0.024684	221
4352.205824	160.682281	0.984673	-0.024565	223
4354.284544	160.694809	0.985108	-0.024641	225
4356.363264	160.668442	0.985178	-0.024816	227
4358.441984	160.701965	0.985336	-0.024683	229
4360.520704	160.661072	0.986005	-0.024754	231
4362.599424	160.634644	0.986285	-0.025008	233
4364.677632	160.652664	0.986395	-0.024798	235
4366.756352	160.650497	0.986558	-0.024646	237
4368.835072	160.645477	0.986299	-0.025039	239
4370.913792	160.611130	0.985668	-0.024854	241
4372.992512	160.641953	0.985467	-0.024802	243
4375.071232	160.619492	0.986043	-0.024850	245
4377.149952	160.611969	0.985626	-0.024869	247
4379.228672	160.561005	0.985580	-0.024447	249
4381.307392	160.562317	0.985381	-0.024359	251
4383.385600	160.592606	0.984718	-0.024674	253
4385.464320	160.610306	0.985224	-0.024792	255
4387.543552	160.564026	0.985198	-0.024613	1
4389.621760	160.563126	0.984396	-0.024705	3
4391.700480	160.569687	0.983513	-0.024436	5
4393.779712	160.554123	0.983722	-0.024479	7
4395.858432	160.570572	0.984130	-0.024569	9
4397.936640	160.566742	0.985554	-0.024744	11
4400.015360	160.537003	0.985336	-0.024560	13
4402.094080	160.550629	0.985965	-0.024674	15
4404.172800	160.535400	0.985914	-0.024835	17
4406.251520	160.515121	0.986345	-0.024881	19
4408.330240	160.466309	0.985547	-0.024643	21
4410.408960	160.483444	0.984842	-0.024546	23
4412.487168	160.455093	0.985487	-0.024848	25
4414.565888	160.464279	0.984003	-0.024698	27
4416.645120	160.430435	0.984054	-0.024475	29
4418.723840	160.414429	0.983230	-0.024583	31
4420.802560	160.434250	0.983045	-0.024652	33
4422.881280	160.445526	0.983208	-0.024583	35
4424.960000	160.453186	0.983720	-0.024644	37
4427.039232	160.419022	0.984279	-0.025223	39
4429.117952	160.439178	0.981926	-0.024456	41
4431.196672	160.335220	0.981459	-0.024717	43
4433.274880	160.391876	0.981144	-0.025041	45
4435.353600	160.380661	0.981223	-0.024721	47
4437.432320	160.403595	0.981991	-0.024971	49
4439.511040	160.375214	0.981522	-0.024920	51
4441.589760	160.359116	0.981385	-0.024903	53
4443.668480	160.326355	0.980972	-0.024907	55
4445.747200	160.352219	0.981747	-0.025001	57
4447.826432	160.354492	0.981623	-0.024653	59
4449.904640	160.335678	0.981578	-0.024647	61
4451.983360	160.369003	0.981926	-0.024770	63
4454.062080	160.382935	0.981644	-0.024839	65
4456.140800	160.323639	0.981981	-0.024846	67
4458.219520	160.345779	0.980654	-0.024411	69
4460.297728	160.272278	0.980464	-0.024709	71
4462.376448	160.221146	0.980113	-0.024745	73
4464.454656	160.341187	0.980242	-0.024844	75
4466.533888	160.307632	0.980784	-0.024502	77
4468.612608	160.289658	0.981279	-0.024576	79
4470.690816	160.276474	0.980920	-0.024627	81
4472.769024	160.235413	0.981298	-0.024308	83
4474.848256	160.241165	0.981106	-0.024402	85
4476.926976	160.255310	0.981375	-0.024534	87
4479.005696	160.238663	0.981699	-0.024344	89
4481.084416	160.245697	0.981311	-0.024551	91
4483.163136	160.186066	0.982214	-0.024513	93
4485.241344	160.214645	0.981400	-0.024457	95
4487.320064	160.180450	0.981444	-0.024409	97
4489.398784	160.196518	0.980147	-0.024336	99
4491.478016	160.212448	0.980043	-0.024684	101
4493.556224	160.174789	0.980659	-0.024547	103
4495.635456	160.201843	0.980541	-0.024593	105
4497.714176	160.165222	0.981154	-0.024645	107
4499.792896	160.173340	0.980491	-0.025046	109
4501.871104	160.175705	0.980501	-0.024663	111
4503.949824	160.154327	0.980975	-0.024753	113
