time (s)	theta (A)	maj axis/z0	min axis/z0	crossing#mod 255
1056.183104	278.340515	1.093225	-0.015811	219
1058.218240	278.320007	1.094097	-0.015947	221
1060.254144	278.270844	1.092514	-0.016237	223
1062.290048	278.273712	1.092732	-0.016393	225
1064.325632	278.272675	1.092064	-0.016204	227
1066.361408	278.204163	1.090733	-0.016262	229
1068.396864	278.177460	1.091077	-0.016551	231
1070.432768	278.138580	1.090471	-0.016711	233
1072.468352	278.140594	1.090614	-0.017117	235
1074.504192	278.115265	1.090050	-0.017099	237
1076.540160	278.086823	1.089679	-0.017233	239
1078.575744	278.074127	1.089514	-0.017149	241
1080.612224	278.097656	1.089176	-0.017286	243
1082.647936	278.088318	1.088253	-0.016937	245
1084.683904	278.048340	1.088038	-0.016891	247
1086.720000	278.061249	1.089488	-0.017348	249
1088.756224	278.046021	1.090257	-0.017218	251
1090.792576	278.056671	1.090925	-0.017254	253
1092.828288	278.039154	1.092021	-0.017217	255
1094.864768	278.041473	1.092379	-0.017153	1
1096.900992	278.038513	1.093130	-0.017129	3
1098.937344	278.026428	1.092583	-0.017114	5
1100.973568	278.020813	1.092339	-0.017131	7
1103.009664	278.020294	1.093533	-0.016942	9
1105.045504	278.000549	1.094611	-0.016888	11
1107.081856	277.979126	1.095000	-0.016789	13
1109.117824	277.993958	1.095304	-0.016711	15
1111.153408	277.969482	1.095817	-0.016703	17
1113.189760	277.962097	1.096279	-0.016554	19
1115.225344	277.918884	1.095435	-0.016895	21
1117.261184	277.916168	1.095216	-0.016715	23
1119.297280	277.926697	1.095252	-0.017154	25
1121.332480	277.888306	1.093262	-0.016946	27
1123.368320	277.852692	1.092856	-0.016686	29
1125.404160	277.831726	1.091786	-0.016549	31
1127.439872	277.804413	1.090792	-0.016592	33
1129.475584	277.764313	1.091974	-0.016720	35
1131.511552	277.796387	1.093276	-0.016616	37
1133.547264	277.797150	1.093428	-0.016371	39
1135.583360	277.754517	1.092917	-0.016039	41
1137.619200	277.786591	1.091733	-0.016021	43
1139.655168	277.732605	1.091970	-0.016077	45
1141.691136	277.725616	1.089777	-0.015952	47
1143.726848	277.714661	1.089994	-0.016165	49
1145.763072	277.700439	1.090832	-0.016565	51
1147.799040	277.689178	1.092015	-0.016705	53
1149.835264	277.698395	1.091816	-0.017101	55
1151.871488	277.681152	1.093393	-0.016913	57
1153.907328	277.674530	1.093888	-0.016863	59
1155.943424	277.657501	1.094401	-0.017529	61
1157.979776	277.657410	1.094370	-0.017053	63
1160.015488	277.625946	1.094067	-0.017085	65
1162.051712	277.591553	1.093931	-0.017355	67
1164.087680	277.623077	1.093886	-0.017237	69
1166.123392	277.598694	1.094231	-0.017281	71
1168.159616	277.563873	1.094225	-0.017631	73
1170.195456	277.549530	1.094523	-0.017663	75
1172.231296	277.509094	1.093972	-0.017929	77
1174.267136	277.517639	1.093510	-0.018001	79
1176.303232	277.478058	1.094475	-0.018148	81
1178.338944	277.490417	1.093666	-0.018250	83
1180.375040	277.469055	1.093496	-0.018103	85
1182.410752	277.462280	1.092983	-0.017826	87
1184.446976	277.423950	1.094045	-0.017643	89
1186.482432	277.437378	1.094736	-0.017445	91
1188.518656	277.425903	1.094858	-0.017229	93
1190.554752	277.419464	1.094874	-0.016864	95
1192.590720	277.408020	1.095494	-0.016744	97
1194.626432	277.428101	1.095590	-0.016865	99
1196.662656	277.429565	1.095581	-0.016784	101
1198.698752	277.385162	1.094530	-0.016785	103
1200.734464	277.368103	1.093869	-0.016749	105
1202.770688	277.362244	1.093169	-0.017025	107
1204.806272	277.348053	1.093393	-0.017128	109
1206.842112	277.339905	1.093969	-0.017450	111
1208.878592	277.339905	1.094270	-0.017270	113
1210.914688	277.319580	1.095160	-0.017302	115
1212.950784	277.316589	1.095881	-0.017164	117
1214.986752	277.314026	1.096114	-0.017354	119
1217.022848	277.304901	1.096516	-0.017125	121
1219.059200	277.306000	1.096758	-0.017285	123
1221.094912	277.288635	1.096133	-0.017012	125
1223.131008	277.262421	1.095176	-0.016937	127
1225.166976	277.238861	1.094647	-0.016941	129
1227.202816	277.201508	1.095445	-0.017221	131
1229.238912	277.220367	1.094727	-0.017233	133
1231.274496	277.208679	1.094728	-0.017390	135
1233.310720	277.177368	1.094466	-0.017118	137
1235.346560	277.209747	1.094160	-0.017064	139
1237.382656	277.145142	1.092806	-0.017039	141
1239.418368	277.129364	1.093322	-0.016925	143
1241.454080	277.128906	1.093108	-0.017138	145
1243.489792	277.100494	1.093724	-0.017307	147
1245.526016	277.084229	1.093931	-0.017334	149
1247.561344	277.100464	1.093018	-0.017211	151
1249.597696	277.075867	1.092320	-0.017050	153
1251.633408	277.018951	1.092756	-0.017025	155
1253.669376	277.039978	1.091661	-0.016823	157
1255.705600	277.032318	1.092150	-0.016946	159
1257.741824	277.008667	1.092486	-0.016706	161
1259.777792	277.034607	1.092981	-0.016528	163
1261.813760	277.022491	1.093591	-0.016092	165
1263.849856	276.994110	1.092264	-0.016127	167
1265.886080	276.995819	1.091947	-0.015997	169
1267.922304	276.964081	1.093612	-0.016206	171
1269.958400	277.012665	1.093787	-0.016040	173
1271.994368	276.954926	1.094745	-0.015670	175
1274.030592	276.943512	1.094342	-0.015658	177
1276.066432	276.952118	1.093587	-0.015701	179
1278.102528	276.930573	1.093722	-0.015687	181
1280.138496	276.978180	1.092998	-0.015612	183
1282.174208	276.896423	1.091581	-0.015360	185
1284.210176	276.905365	1.093538	-0.015309	187
1286.245888	276.904388	1.095192	-0.015466	189
1288.281856	276.857452	1.096210	-0.015316	191
1290.317824	276.853180	1.094860	-0.015370	193
1292.353664	276.831482	1.094895	-0.015261	195
1294.389120	276.822205	1.095591	-0.015141	197
1296.425088	276.814270	1.094569	-0.015312	199
1298.460800	276.789764	1.092805	-0.015549	201
1300.496896	276.790222	1.092278	-0.015583	203
1302.532352	276.733521	1.090671	-0.015522	205
1304.568320	276.714905	1.090065	-0.015768	207
1306.604288	276.746307	1.089648	-0.015813	209
1308.640256	276.716492	1.089673	-0.015785	211
1310.676480	276.719604	1.089911	-0.015619	213
1312.712064	276.686035	1.089075	-0.015522	215
1314.748160	276.718384	1.088577	-0.015623	217
1316.784256	276.673065	1.088574	-0.015496	219
1318.820480	276.710419	1.088403	-0.015410	221
1320.856576	276.707428	1.090125	-0.015016	223
1322.892800	276.689575	1.091412	-0.014762	225
1324.928896	276.683472	1.093385	-0.014654	227
1326.965248	276.661835	1.093599	-0.014944	229
1329.001344	276.674011	1.093094	-0.015368	231
1331.037312	276.634399	1.093248	-0.015495	233
1333.073408	276.642761	1.093597	-0.015747	235
1335.109120	276.640625	1.094212	-0.015894	237
1337.145472	276.629852	1.094857	-0.016034	239
1339.181056	276.621582	1.094890	-0.016062	241
1341.217024	276.606079	1.095443	-0.016022	243
1343.252864	276.572174	1.095491	-0.016095	245
1345.288576	276.546204	1.094881	-0.016207	247
1347.324416	276.536072	1.095635	-0.016252	249
1349.360128	276.511902	1.096090	-0.016349	251
1351.395712	276.465271	1.094877	-0.016450	253
1353.431680	276.443695	1.094816	-0.016597	255
1355.467264	276.431915	1.093625	-0.016787	1
1357.503232	276.398804	1.093890	-0.016773	3
1359.538816	276.390961	1.092479	-0.017055	5
1361.574400	276.360626	1.093300	-0.017404	7
1363.610112	276.340485	1.092617	-0.017849	9
1365.646848	276.350830	1.092187	-0.017865	11
1367.682432	276.348480	1.091966	-0.017642	13
1369.718912	276.333649	1.091719	-0.017384	15
1371.754496	276.288147	1.091401	-0.017278	17
1373.790720	276.328003	1.092566	-0.017027	19
1375.826816	276.292206	1.093127	-0.016557	21
1377.863040	276.273529	1.094007	-0.016607	23
1379.898880	276.294098	1.094886	-0.016824	25
1381.935360	276.265411	1.095832	-0.016913	27
1383.971200	276.255493	1.095127	-0.016947	29
1386.007552	276.247620	1.095042	-0.017153	31
1388.043648	276.241791	1.095487	-0.017144	33
1390.079744	276.224854	1.096166	-0.017175	35
1392.115712	276.220612	1.094644	-0.017323	37
1394.151808	276.204010	1.094911	-0.017308	39
1396.187776	276.197296	1.095172	-0.017327	41
1398.223488	276.161804	1.095192	-0.017483	43
1400.259584	276.150513	1.094383	-0.017060	45
1402.295424	276.147797	1.093179	-0.016909	47
1404.331136	276.120789	1.093045	-0.016731	49
1406.367104	276.129608	1.092509	-0.016866	51
1408.402688	276.101990	1.092821	-0.016901	53
1410.438528	276.086273	1.092399	-0.016837	55
1412.474368	276.036560	1.092262	-0.016963	57
1414.510080	276.017426	1.092033	-0.017172	59
1416.546304	276.036743	1.091597	-0.017222	61
1418.582016	276.018921	1.091514	-0.017289	63
1420.618112	276.002228	1.091096	-0.017294	65
1422.653824	275.965424	1.090656	-0.017453	67
1424.689792	275.948120	1.090475	-0.017749	69
1426.725888	275.949921	1.090950	-0.018078	71
1428.761600	275.937775	1.090928	-0.017894	73
1430.798080	275.924591	1.091305	-0.017926	75
1432.834048	275.922119	1.092097	-0.017924	77
1434.870272	275.903595	1.092606	-0.017957	79
1436.906496	275.910217	1.093704	-0.017865	81
1438.942336	275.901123	1.094480	-0.017858	83
1440.978688	275.851807	1.095579	-0.018017	85
1443.014528	275.850433	1.095106	-0.018239	87
1445.050752	275.856537	1.095592	-0.018332	89
1447.086848	275.812164	1.094616	-0.018181	91
1449.122688	275.803864	1.096206	-0.018437	93
1451.158912	275.828888	1.095851	-0.018319	95
1453.194368	275.792877	1.095577	-0.018173	97
1455.230592	275.797302	1.095052	-0.018138	99
1457.266304	275.772156	1.095433	-0.018099	101
1459.302272	275.745422	1.094960	-0.017823	103
1461.338368	275.720795	1.095958	-0.018218	105
1463.373824	275.713684	1.096231	-0.018340	107
1465.409792	275.699432	1.096700	-0.018113	109
1467.445504	275.677887	1.096173	-0.018209	111
1469.481472	275.672852	1.094996	-0.017859	113
1471.517056	275.651031	1.094328	-0.017671	115
1473.552896	275.630005	1.093815	-0.017704	117
1475.588736	275.626434	1.092877	-0.017897	119
1477.624832	275.599854	1.090541	-0.017659	121
1479.660800	275.610504	1.092154	-0.017400	123
1481.696768	275.601990	1.092051	-0.017153	125
1483.732992	275.582397	1.092590	-0.017004	127
1485.768832	275.594208	1.091284	-0.017131	129
1487.805056	275.561554	1.091152	-0.017031	131
1489.841152	275.591034	1.090849	-0.017166	133
1491.877504	275.533203	1.090688	-0.017265	135
1493.913472	275.549866	1.091724	-0.017268	137
1495.949824	275.542114	1.092071	-0.017405	139
1497.986304	275.483673	1.092231	-0.017826	141
1500.022144	275.474548	1.093571	-0.018027	143
1502.058368	275.481171	1.094637	-0.018232	145
1504.094464	275.457092	1.095790	-0.018635	147
1506.130432	275.411926	1.095719	-0.018594	149
1508.166400	275.435028	1.094790	-0.019118	151
1510.202240	275.429596	1.095123	-0.018816	153
1512.238464	275.388733	1.095170	-0.018884	155
1514.273792	275.353485	1.095290	-0.018907	157
1516.309888	275.373383	1.096099	-0.018879	159
1518.345344	275.325531	1.095255	-0.018845	161
1520.381184	275.314819	1.095992	-0.018805	163
1522.416768	275.260712	1.093832	-0.018790	165
1524.452736	275.262482	1.094806	-0.019081	167
1526.488192	275.238861	1.094729	-0.018918	169
1528.524032	275.218292	1.095525	-0.018917	171
1530.559872	275.229126	1.094849	-0.018673	173
1532.595712	275.204895	1.094876	-0.018359	175
1534.631552	275.172333	1.094893	-0.018521	177
1536.667648	275.170837	1.095181	-0.018484	179
1538.703488	275.175812	1.095094	-0.018206	181
1540.739712	275.159210	1.095407	-0.018111	183
1542.775552	275.137268	1.095005	-0.017919	185
1544.811776	275.153229	1.096210	-0.017629	187
1546.847744	275.132904	1.096673	-0.017562	189
1548.884096	275.128632	1.096521	-0.017560	191
1550.920064	275.118774	1.095674	-0.017595	193
1552.956288	275.085266	1.094295	-0.017783	195
1554.992768	275.088013	1.094706	-0.017947	197
1557.028736	275.092712	1.095186	-0.017956	199
1559.064960	275.087585	1.096000	-0.018207	201
1561.101056	275.088776	1.096152	-0.018480	203
1563.137152	275.098419	1.095316	-0.018446	205
1565.173248	275.082794	1.096069	-0.018315	207
1567.209344	275.064636	1.096699	-0.018333	209
1569.245440	275.024323	1.096200	-0.018763	211
1571.281152	275.042114	1.094576	-0.019008	213
1573.317248	274.982849	1.093236	-0.019449	215
1575.352960	274.991241	1.092657	-0.019596	217
1577.388928	274.950317	1.094663	-0.019817	219
1579.424896	274.939880	1.095800	-0.020058	221
1581.460864	274.929016	1.095528	-0.020400	223
1583.496320	274.892303	1.097084	-0.020304	225
1585.532544	274.894714	1.097150	-0.020504	227
1587.568256	274.859711	1.096987	-0.020404	229
1589.603840	274.842041	1.097066	-0.020297	231
1591.639808	274.822479	1.098390	-0.020106	233
1593.675648	274.799438	1.098191	-0.020084	235
1595.711488	274.810059	1.098385	-0.019953	237
1597.747328	274.783020	1.097564	-0.019767	239
1599.782912	274.770813	1.096151	-0.019632	241
1601.819008	274.723938	1.096055	-0.019652	243
1603.854720	274.729980	1.095886	-0.019489	245
1605.890944	274.732727	1.095369	-0.019233	247
1607.926784	274.702576	1.093911	-0.019300	249
1609.963008	274.713348	1.093029	-0.018874	251
1611.998976	274.662903	1.092564	-0.018988	253
1614.035072	274.683380	1.092450	-0.019119	255
1616.071424	274.677490	1.093909	-0.018962	1
1618.107392	274.657196	1.094876	-0.018958	3
1620.143744	274.663513	1.095308	-0.019026	5
1622.179968	274.685272	1.096630	-0.019073	7
1624.216064	274.656128	1.096411	-0.018746	9
1626.252416	274.644501	1.095187	-0.018599	11
1628.288512	274.630890	1.095313	-0.018870	13
1630.324608	274.624390	1.096620	-0.018887	15
1632.360448	274.611603	1.095742	-0.018803	17
1634.396544	274.574707	1.095384	-0.018928	19
1636.432384	274.583740	1.096277	-0.018690	21
1638.468480	274.570740	1.096043	-0.018636	23
1640.504448	274.563690	1.095450	-0.018521	25
1642.540672	274.527954	1.092996	-0.018306	27
1644.576000	274.533478	1.093816	-0.018359	29
1646.612480	274.519104	1.093064	-0.018552	31
1648.648192	274.480560	1.094071	-0.018377	33
1650.683520	274.515228	1.093208	-0.018305	35
1652.720000	274.475342	1.092344	-0.018327	37
1654.755072	274.462952	1.092862	-0.018187	39
1656.791296	274.450745	1.093055	-0.017973	41
1658.827136	274.426575	1.093222	-0.017813	43
1660.863360	274.442505	1.093574	-0.017787	45
1662.899072	274.402588	1.094480	-0.017845	47
1664.935168	274.416656	1.094678	-0.017846	49
1666.971264	274.438324	1.094963	-0.017610	51
1669.007488	274.398437	1.093567	-0.017482	53
1671.043328	274.376984	1.093578	-0.017206	55
1673.079680	274.380524	1.094497	-0.017256	57
1675.115648	274.394714	1.095172	-0.017423	59
1677.151616	274.368225	1.094279	-0.017038	61
1679.187840	274.367035	1.094743	-0.017034	63
1681.223680	274.378235	1.094993	-0.016708	65
1683.260032	274.346130	1.094778	-0.016705	67
1685.295616	274.346497	1.094917	-0.016583	69
1687.332224	274.322906	1.093278	-0.016405	71
1689.367936	274.308411	1.094409	-0.016362	73
1691.403904	274.337708	1.094420	-0.016162	75
1693.440128	274.288483	1.094158	-0.016245	77
1695.475712	274.290741	1.094266	-0.016552	79
1697.511808	274.285828	1.095318	-0.016523	81
1699.547776	274.249817	1.095688	-0.016612	83
1701.583744	274.233154	1.095910	-0.016629	85
1703.619584	274.256165	1.096133	-0.016738	87
1705.655552	274.209961	1.095553	-0.016796	89
1707.691648	274.225037	1.096039	-0.016912	91
1709.727360	274.215637	1.096659	-0.016678	93
1711.763456	274.189667	1.095021	-0.016462	95
1713.799168	274.161926	1.094047	-0.016315	97
1715.835264	274.167023	1.094277	-0.016314	99
1717.871360	274.157318	1.095250	-0.016286	101
1719.907584	274.152527	1.095258	-0.016519	103
1721.943168	274.128448	1.095976	-0.016626	105
1723.979392	274.116272	1.096292	-0.016996	107
1726.015232	274.104797	1.096358	-0.017175	109
1728.051328	274.088806	1.097347	-0.017666	111
1730.087552	274.084564	1.097586	-0.017723	113
1732.123392	274.065704	1.096322	-0.017943	115
1734.159360	274.025970	1.096220	-0.018431	117
1736.195584	274.004150	1.094913	-0.018754	119
1738.231552	274.031799	1.096549	-0.019150	121
1740.267520	274.003448	1.097111	-0.019374	123
1742.303744	273.982086	1.098570	-0.019139	125
1744.339840	274.001129	1.099617	-0.019064	127
1746.376064	273.981018	1.098728	-0.019017	129
1748.411776	273.958435	1.098456	-0.019075	131
1750.447872	273.986511	1.098835	-0.018883	133
1752.483584	273.950684	1.099421	-0.018731	135
1754.519808	273.937408	1.099653	-0.018830	137
1756.555136	273.932465	1.098970	-0.018806	139
1758.591232	273.894958	1.097808	-0.018928	141
1760.626816	273.866272	1.097843	-0.019359	143
1762.662912	273.853851	1.096423	-0.019239	145
1764.698752	273.843170	1.095679	-0.019061	147
1766.734592	273.807434	1.095856	-0.018891	149
1768.770560	273.816986	1.096058	-0.018697	151
1770.806144	273.805511	1.095848	-0.018569	153
1772.842496	273.764313	1.095780	-0.018377	155
1774.878208	273.772949	1.094378	-0.018706	157
1776.914432	273.748871	1.095014	-0.018848	159
1778.950400	273.738983	1.095821	-0.019088	161
1780.986368	273.752045	1.096629	-0.019043	163
1783.022592	273.743286	1.097117	-0.018866	165
1785.058432	273.742462	1.096465	-0.018596	167
1787.094656	273.714996	1.095671	-0.018362	169
1789.130624	273.724304	1.095090	-0.018548	171
1791.166848	273.727448	1.095697	-0.018307	173
1793.202944	273.692749	1.095872	-0.018356	175
1795.239296	273.706451	1.095224	-0.018585	177
1797.275264	273.680817	1.094386	-0.018330	179
1799.311488	273.681458	1.095330	-0.018570	181
1801.347584	273.672791	1.096155	-0.018741	183
1803.383808	273.635986	1.095866	-0.018741	185
1805.419648	273.657867	1.095477	-0.018483	187
1807.455744	273.637024	1.094590	-0.018406	189
1809.491968	273.628052	1.093872	-0.018399	191
1811.527680	273.616455	1.093850	-0.018557	193
1813.563776	273.613678	1.093422	-0.018568	195
1815.599616	273.565033	1.094853	-0.018769	197
1817.635712	273.566559	1.095225	-0.018846	199
1819.671552	273.559052	1.094843	-0.019066	201
1821.707520	273.506561	1.094545	-0.019281	203
1823.743232	273.534668	1.094867	-0.019214	205
1825.779456	273.481201	1.094661	-0.018983	207
1827.815040	273.493042	1.094237	-0.018968	209
1829.851136	273.468811	1.094009	-0.018648	211
1831.886976	273.458130	1.094296	-0.018691	213
1833.922816	273.472748	1.094582	-0.018478	215
1835.958656	273.425781	1.095487	-0.018597	217
1837.994752	273.450439	1.096632	-0.018644	219
1840.030720	273.430115	1.098395	-0.018449	221
1842.066432	273.383606	1.098455	-0.018416	223
1844.102656	273.402130	1.097721	-0.018189	225
1846.138624	273.374390	1.097955	-0.018136	227
1848.174464	273.344635	1.098344	-0.018041	229
1850.210560	273.359863	1.097949	-0.018154	231
1852.246656	273.320923	1.096727	-0.018212	233
1854.282496	273.310822	1.097046	-0.018488	235
1856.318720	273.323761	1.096695	-0.018865	237
1858.354304	273.302673	1.096573	-0.019289	239
1860.390656	273.286041	1.097418	-0.019423	241
1862.426496	273.266296	1.098023	-0.019526	243
1864.462592	273.236481	1.097857	-0.019858	245
1866.498688	273.246979	1.097150	-0.019547	247
1868.534784	273.192810	1.096978	-0.019603	249
1870.570752	273.196259	1.097029	-0.019966	251
1872.606720	273.191254	1.097015	-0.019778	253
1874.642688	273.174927	1.097237	-0.019612	255
1876.678912	273.162933	1.097074	-0.019414	1
1878.714496	273.162079	1.097220	-0.019335	3
1880.750592	273.154602	1.096937	-0.019529	5
1882.786432	273.151764	1.096507	-0.019640	7
1884.822528	273.093079	1.095864	-0.019883	9
1886.858496	273.117981	1.095621	-0.020116	11
1888.894720	273.105682	1.095279	-0.020055	13
1890.930816	273.074493	1.093981	-0.020053	15
1892.966912	273.080353	1.094539	-0.020059	17
1895.002752	273.059265	1.095266	-0.020556	19
1897.039104	273.037201	1.095234	-0.020771	21
1899.074304	273.023254	1.095695	-0.021156	23
1901.110912	273.013153	1.094450	-0.020999	25
1903.146880	273.003357	1.093403	-0.021189	27
1905.182976	272.974426	1.094423	-0.021328	29
1907.218944	272.985596	1.095398	-0.021311	31
1909.255040	272.941010	1.094819	-0.021438	33
1911.291136	272.937927	1.094788	-0.021540	35
1913.327232	272.932465	1.095842	-0.021228	37
1915.363200	272.917267	1.094708	-0.021084	39
1917.399296	272.913666	1.096199	-0.021126	41
1919.435264	272.907806	1.096217	-0.020956	43
1921.471232	272.893219	1.096586	-0.020546	45
1923.507200	272.910187	1.097419	-0.020769	47
1925.542784	272.847717	1.096345	-0.020934	49
1927.579008	272.856232	1.095587	-0.021026	51
1929.614720	272.839752	1.095548	-0.021084	53
1931.650688	272.800873	1.094399	-0.021162	55
1933.686272	272.798584	1.093302	-0.020983	57
1935.722624	272.789307	1.091977	-0.021028	59
1937.757824	272.745911	1.091922	-0.021516	61
1939.794816	272.730957	1.092540	-0.021270	63
1941.830272	272.718719	1.091214	-0.021330	65
1943.866496	272.724762	1.091524	-0.021357	67
1945.902336	272.684265	1.092109	-0.021638	69
1947.938560	272.689667	1.092648	-0.021825	71
1949.974400	272.675629	1.092745	-0.022031	73
1952.010496	272.688293	1.092394	-0.022231	75
1954.046592	272.693787	1.092664	-0.022108	77
1956.082816	272.655273	1.092232	-0.022199	79
1958.119040	272.656616	1.093313	-0.022349	81
1960.155008	272.657104	1.094615	-0.022662	83
1962.191232	272.627808	1.094578	-0.022454	85
1964.226688	272.607483	1.094317	-0.022439	87
1966.263296	272.617737	1.093653	-0.022422	89
1968.299008	272.588898	1.092924	-0.022651	91
1970.335104	272.581940	1.093775	-0.022602	93
1972.371072	272.594604	1.092764	-0.022894	95
1974.407040	272.568573	1.092639	-0.023075	97
1976.442752	272.529724	1.092914	-0.023058	99
1978.478976	272.514771	1.092661	-0.023207	101
1980.514560	272.523041	1.093347	-0.023189	103
1982.550784	272.477417	1.093674	-0.022835	105
1984.586752	272.480652	1.094295	-0.023038	107
1986.622592	272.472900	1.094622	-0.022749	109
1988.658176	272.460205	1.095081	-0.022430	111
1990.694656	272.431885	1.095055	-0.022113	113
1992.730240	272.417664	1.096044	-0.022144	115
1994.766336	272.406830	1.096460	-0.022204	117
1996.802304	272.398437	1.096511	-0.022320	119
1998.838272	272.361481	1.095973	-0.022669	121
2000.873984	272.373535	1.096540	-0.022426	123
2002.910208	272.338837	1.095655	-0.022381	125
2004.945664	272.349609	1.095216	-0.022505	127
2006.982144	272.283661	1.095453	-0.022516	129
2009.017856	272.322998	1.095400	-0.022224	131
2011.054208	272.289917	1.095501	-0.022223	133
2013.090432	272.316833	1.095439	-0.022204	135
2015.126144	272.297363	1.094097	-0.021823	137
2017.162496	272.294952	1.094366	-0.021656	139
2019.198464	272.273895	1.093271	-0.021453	141
2021.234816	272.244049	1.094000	-0.021106	143
2023.270784	272.263245	1.095052	-0.020858	145
2025.307136	272.260620	1.094225	-0.020667	147
2027.343360	272.246033	1.093528	-0.020580	149
2029.379200	272.246460	1.094085	-0.020609	151
2031.415296	272.224426	1.094454	-0.020382	153
2033.451520	272.200317	1.094586	-0.020406	155
2035.487360	272.182129	1.094792	-0.020314	157
2037.523840	272.150238	1.094955	-0.020611	159
2039.559424	272.211517	1.094325	-0.020339	161
2041.595392	272.172455	1.095004	-0.020188	163
2043.630976	272.136444	1.095319	-0.020013	165
2045.667328	272.154816	1.096029	-0.019855	167
2047.703424	272.125000	1.095704	-0.019580	169
2049.738880	272.123138	1.095910	-0.019502	171
2051.775232	272.107178	1.095510	-0.019171	173
2053.811072	272.102081	1.096646	-0.019105	175
2055.846784	272.111267	1.096898	-0.018959	177
2057.882624	272.079407	1.097237	-0.018804	179
2059.918464	272.084045	1.096903	-0.018481	181
2061.954304	272.049469	1.096970	-0.018104	183
2063.989760	272.004974	1.095970	-0.018715	185
2066.025984	271.971832	1.095724	-0.019241	187
2068.061824	272.003967	1.094595	-0.019566	189
2070.097792	271.996552	1.094782	-0.019651	191
2072.133376	271.912445	1.094404	-0.019717	193
2074.169728	271.898956	1.094293	-0.020380	195
2076.205440	271.938873	1.092599	-0.020757	197
2078.241920	271.906311	1.092581	-0.020626	199
2080.278016	271.880554	1.092406	-0.020524	201
2082.314112	271.856171	1.092477	-0.020926	203
2084.349952	271.847900	1.093237	-0.020774	205
2086.386560	271.861572	1.093355	-0.021233	207
2088.422400	271.830719	1.094484	-0.021437	209
2090.458624	271.826355	1.095317	-0.021837	211
2092.494848	271.836884	1.094948	-0.021650	213
2094.531072	271.810730	1.093790	-0.021506	215
2096.566912	271.816193	1.094424	-0.021582	217
2098.603264	271.780273	1.094896	-0.021537	219
2100.639232	271.781097	1.094464	-0.021572	221
2102.675456	271.762512	1.094458	-0.021727	223
2104.711296	271.775787	1.094480	-0.021743	225
2106.747520	271.748199	1.095294	-0.022061	227
2108.783104	271.711487	1.095484	-0.022149	229
2110.819200	271.723785	1.094891	-0.022278	231
2112.855040	271.641541	1.094253	-0.022470	233
2114.890496	271.640015	1.093861	-0.022612	235
2116.926464	271.591492	1.093942	-0.022952	237
2118.962176	271.577209	1.093713	-0.023010	239
2120.998016	271.576599	1.092721	-0.022947	241
2123.033984	271.558777	1.091831	-0.022735	243
2125.069824	271.525269	1.091486	-0.022741	245
2127.105664	271.515045	1.092090	-0.022527	247
2129.141504	271.455505	1.091197	-0.022743	249
2131.177600	271.449402	1.091742	-0.023062	251
2133.213440	271.483551	1.092943	-0.023102	253
2135.249792	271.456482	1.093458	-0.023027	255
2137.285760	271.425720	1.094178	-0.023051	1
2139.322112	271.456024	1.095312	-0.023158	3
2141.357952	271.449493	1.095986	-0.023243	5
2143.394304	271.449036	1.095342	-0.023438	7
2145.430272	271.419312	1.094891	-0.023346	9
2147.466240	271.425354	1.094684	-0.023443	11
2149.502720	271.384277	1.095172	-0.023694	13
2151.538688	271.396271	1.095252	-0.023459	15
2153.574912	271.380829	1.095442	-0.023623	17
2155.610880	271.386383	1.095459	-0.023602	19
2157.647104	271.358643	1.095325	-0.023258	21
2159.682816	271.366302	1.095928	-0.023256	23
2161.719040	271.353424	1.095276	-0.023273	25
2163.754752	271.341492	1.095411	-0.023159	27
2165.790720	271.301636	1.094924	-0.023458	29
2167.826688	271.293091	1.093883	-0.023588	31
2169.862656	271.296021	1.092782	-0.023647	33
2171.898112	271.253357	1.090738	-0.023631	35
2173.934080	271.258057	1.091990	-0.023646	37
2175.969792	271.223297	1.092466	-0.023685	39
2178.005760	271.218445	1.091813	-0.023670	41
2180.041728	271.212921	1.091858	-0.023604	43
2182.077952	271.203003	1.092683	-0.023709	45
2184.113664	271.182983	1.094525	-0.023450	47
2186.149888	271.166046	1.093565	-0.023607	49
2188.185600	271.195404	1.093235	-0.023728	51
2190.221568	271.147736	1.092319	-0.023579	53
2192.257536	271.119629	1.092757	-0.023738	55
2194.293504	271.137482	1.093101	-0.023662	57
2196.329216	271.119354	1.093128	-0.023687	59
2198.365696	271.124542	1.092162	-0.023745	61
2200.401920	271.065399	1.090983	-0.023570	63
2202.437632	271.066498	1.091923	-0.023853	65
2204.473600	271.106293	1.091856	-0.023788	67
2206.509824	271.048401	1.091997	-0.023783	69
2208.545536	271.037201	1.092788	-0.023974	71
2210.582272	271.037659	1.093717	-0.024218	73
2212.617728	271.035858	1.093711	-0.024360	75
2214.654464	271.016449	1.093201	-0.024488	77
2216.689920	271.000214	1.093464	-0.024487	79
2218.726400	271.024109	1.094270	-0.024285	81
2220.762624	271.003540	1.095140	-0.024361	83
2222.798592	270.980316	1.096132	-0.024298	85
2224.834304	270.972443	1.096397	-0.024395	87
2226.870272	270.945251	1.096943	-0.024534	89
2228.905984	270.930573	1.096564	-0.024425	91
2230.941952	270.908112	1.096171	-0.024632	93
2232.977664	270.915588	1.097175	-0.024427	95
2235.013120	270.833466	1.095823	-0.024817	97
2237.049344	270.846497	1.095091	-0.024877	99
2239.084800	270.825043	1.094401	-0.025108	101
2241.120768	270.801239	1.094522	-0.025262	103
2243.156224	270.749847	1.093279	-0.025062	105
2245.192192	270.738861	1.091441	-0.025533	107
2247.227904	270.755859	1.092774	-0.025381	109
2249.264128	270.701111	1.092154	-0.025286	111
2251.299840	270.709198	1.091749	-0.025130	113
2253.336064	270.704651	1.092414	-0.024868	115
2255.372288	270.700317	1.091932	-0.024787	117
2257.408512	270.658142	1.092237	-0.024654	119
2259.444480	270.641998	1.092420	-0.025134	121
2261.480704	270.633026	1.092985	-0.025042	123
2263.516672	270.616730	1.093239	-0.025021	125
2265.553152	270.645142	1.093635	-0.024877	127
2267.589376	270.640106	1.094734	-0.024907	129
2269.625344	270.637482	1.095166	-0.024790	131
2271.661824	270.617126	1.094148	-0.024760	133
2273.698048	270.617706	1.095035	-0.024711	135
2275.734016	270.622833	1.095120	-0.024344	137
2277.769984	270.602478	1.095834	-0.024561	139
2279.805952	270.590729	1.097479	-0.024700	141
2281.841920	270.588074	1.098427	-0.024419	143
2283.877632	270.619598	1.097537	-0.024403	145
2285.913600	270.573547	1.095679	-0.024020	147
2287.949312	270.539429	1.095454	-0.023763	149
2289.985024	270.507294	1.095925	-0.023623	151
2292.020480	270.469330	1.096106	-0.023471	153
2294.056448	270.519348	1.096859	-0.023075	155
2296.091904	270.449127	1.096725	-0.022653	157
2298.127872	270.442322	1.095085	-0.022632	159
2300.163584	270.402588	1.093717	-0.022465	161
2302.199552	270.411987	1.092012	-0.022375	163
2304.235520	270.347107	1.092492	-0.022427	165
2306.271488	270.357178	1.091978	-0.022532	167
2308.307456	270.332428	1.093127	-0.022517	169
2310.343424	270.319427	1.092826	-0.022859	171
2312.380160	270.328796	1.093413	-0.022923	173
2314.416384	270.313019	1.094114	-0.023042	175
2316.452864	270.351959	1.093014	-0.022924	177
2318.488832	270.327759	1.092079	-0.022863	179
2320.525312	270.303070	1.093351	-0.023003	181
2322.561536	270.332001	1.093758	-0.023303	183
2324.598016	270.291931	1.094750	-0.023223	185
2326.633984	270.280792	1.095206	-0.023379	187
2328.670208	270.281708	1.096253	-0.023409	189
2330.706176	270.270752	1.094900	-0.023659	191
2332.742400	270.233917	1.096439	-0.023627	193
2334.778112	270.264282	1.095489	-0.023776	195
2336.814592	270.239777	1.095271	-0.023644	197
2338.850304	270.226318	1.095251	-0.023502	199
2340.886016	270.169250	1.095550	-0.023795	201
2342.921728	270.165985	1.096096	-0.023767	203
2344.957696	270.146759	1.096367	-0.023576	205
2346.993152	270.150787	1.096516	-0.023651	207
2349.029120	270.119019	1.096094	-0.023667	209
2351.064576	270.088348	1.096366	-0.023473	211
2353.100288	270.060028	1.096518	-0.023494	213
2355.136256	270.065186	1.095793	-0.023694	215
2357.171456	270.036163	1.095555	-0.023746	217
2359.207680	270.034332	1.094788	-0.023758	219
2361.243648	269.997406	1.094940	-0.023568	221
2363.279360	270.004974	1.093234	-0.023553	223
2365.315328	269.966766	1.092089	-0.023280	225
2367.351296	269.985718	1.092761	-0.023225	227
2369.387776	269.978882	1.092992	-0.023548	229
2371.424000	269.988892	1.094350	-0.023672	231
2373.460224	269.987701	1.095732	-0.023457	233
2375.496704	269.980621	1.095690	-0.023702	235
2377.532928	269.972778	1.095527	-0.023505	237
2379.569152	269.957214	1.095062	-0.023508	239
2381.605632	269.961853	1.094902	-0.023315	241
2383.641600	269.955597	1.094957	-0.023792	243
2385.678592	269.948517	1.094667	-0.023882	245
2387.714560	269.923035	1.095216	-0.024083	247
2389.750528	269.907135	1.094839	-0.023992	249
2391.786752	269.925842	1.095523	-0.023986	251
2393.822720	269.906189	1.095959	-0.024006	253
2395.858688	269.901642	1.096617	-0.024193	255
2397.894656	269.864960	1.096295	-0.024554	1
2399.930368	269.848236	1.096935	-0.024816	3
2401.966336	269.838715	1.097265	-0.024735	5
2404.001792	269.808899	1.096884	-0.024490	7
2406.037504	269.805695	1.096359	-0.024366	9
2408.072960	269.766846	1.095970	-0.024620	11
2410.108672	269.711426	1.095008	-0.024768	13
2412.144128	269.668854	1.094727	-0.024951	15
2414.180096	269.678436	1.094139	-0.024982	17
2416.215808	269.631592	1.094814	-0.025071	19
2418.251520	269.588318	1.094304	-0.025203	21
2420.287488	269.586945	1.094889	-0.025164	23
2422.323712	269.594604	1.095021	-0.025230	25
2424.359424	269.577728	1.094841	-0.024797	27
2426.395648	269.547485	1.095037	-0.024805	29
2428.431872	269.544800	1.094895	-0.024702	31
2430.467840	269.542023	1.095426	-0.024513	33
2432.504064	269.549744	1.094885	-0.024161	35
2434.540544	269.528015	1.094814	-0.024207	37
2436.576768	269.544983	1.094954	-0.024054	39
2438.612992	269.524475	1.093996	-0.023669	41
2440.649472	269.537659	1.094619	-0.023493	43
2442.685696	269.534576	1.095980	-0.023365	45
2444.722176	269.522430	1.095595	-0.023315	47
2446.758400	269.512726	1.095359	-0.023457	49
2448.794624	269.497437	1.093958	-0.023397	51
2450.830848	269.521179	1.093712	-0.023579	53
2452.867072	269.504181	1.094774	-0.023605	55
2454.902784	269.505432	1.095557	-0.023648	57
2456.939008	269.471527	1.095949	-0.023797	59
2458.975232	269.466614	1.094620	-0.023880	61
2461.010944	269.487946	1.093945	-0.023720	63
2463.046912	269.447113	1.093801	-0.023559	65
2465.082624	269.436737	1.093683	-0.023686	67
2467.118336	269.423035	1.094947	-0.023995	69
2469.154304	269.411041	1.093925	-0.024361	71
2471.189760	269.412109	1.092018	-0.024456	73
2473.225472	269.366669	1.090507	-0.024168	75
2475.260928	269.380157	1.090889	-0.024149	77
2477.297152	269.330048	1.090899	-0.023737	79
2479.332864	269.298889	1.090545	-0.023947	81
2481.368832	269.284332	1.090650	-0.023907	83
2483.404544	269.295288	1.091690	-0.023681	85
2485.440512	269.279633	1.093767	-0.023419	87
2487.476736	269.276642	1.094965	-0.023460	89
2489.512960	269.252533	1.095079	-0.023572	91
2491.548928	269.231812	1.095110	-0.023542	93
2493.584896	269.295898	1.096129	-0.023700	95
2495.620864	269.242065	1.096432	-0.023690	97
2497.657344	269.239319	1.096750	-0.024307	99
2499.693568	269.236938	1.096188	-0.024528	101
2501.729792	269.231476	1.095995	-0.024614	103
2503.765504	269.214783	1.096505	-0.024644	105
2505.801984	269.171509	1.096361	-0.024860	107
2507.837952	269.182678	1.095638	-0.025013	109
2509.873920	269.173584	1.096718	-0.025015	111
2511.910144	269.198486	1.096778	-0.024850	113
2513.946112	269.175751	1.096274	-0.024569	115
2515.982080	269.140778	1.096431	-0.024621	117
2518.018048	269.140381	1.096850	-0.024735	119
2520.053760	269.106934	1.096878	-0.024966	121
2522.089728	269.145447	1.096074	-0.025077	123
2524.125696	269.055359	1.094565	-0.024642	125
2526.161664	269.061157	1.094294	-0.024694	127
2528.197120	269.046234	1.093889	-0.024666	129
2530.233600	269.023895	1.093742	-0.024570	131
2532.269312	269.025360	1.093947	-0.024621	133
2534.305024	269.000824	1.093957	-0.024638	135
2536.340992	268.993652	1.093189	-0.024834	137
2538.377216	269.003632	1.091752	-0.025045	139
2540.412928	268.991516	1.092157	-0.024751	141
2542.448896	268.967804	1.091778	-0.024737	143
2544.485120	268.952942	1.092700	-0.024643	145
2546.521600	268.944946	1.092177	-0.024701	147
2548.558080	268.923706	1.092608	-0.024287	149
2550.593792	268.935699	1.092862	-0.024445	151
2552.630016	268.910065	1.093103	-0.024518	153
2554.665984	268.878723	1.094341	-0.024776	155
2556.702208	268.886658	1.094582	-0.024809	157
2558.738688	268.895844	1.095140	-0.024557	159
2560.774656	268.866608	1.094824	-0.024610	161
2562.810624	268.856506	1.095342	-0.024636	163
2564.846592	268.877960	1.095029	-0.025009	165
2566.882816	268.835632	1.095198	-0.024906	167
2568.918272	268.827118	1.095104	-0.024849	169
2570.954752	268.798767	1.095030	-0.024898	171
2572.990464	268.802246	1.096235	-0.025007	173
2575.026176	268.781708	1.096590	-0.025129	175
2577.062144	268.756653	1.096707	-0.024833	177
2579.097600	268.708099	1.096456	-0.025238	179
2581.133312	268.719879	1.096087	-0.025344	181
2583.169024	268.677887	1.095518	-0.025664	183
2585.204992	268.616486	1.094760	-0.025699	185
2587.240704	268.645416	1.095442	-0.025582	187
2589.276672	268.614990	1.095403	-0.025532	189
2591.312640	268.590210	1.095028	-0.025777	191
2593.348352	268.556122	1.096034	-0.026103	193
2595.384320	268.555695	1.095966	-0.026260	195
2597.420288	268.532806	1.095967	-0.026619	197
2599.456512	268.522369	1.095432	-0.026753	199
2601.492736	268.496063	1.095119	-0.026980	201
2603.528960	268.492432	1.095061	-0.027075	203
2605.564928	268.461975	1.094787	-0.027170	205
2607.601152	268.468903	1.095142	-0.026854	207
2609.637376	268.462433	1.094565	-0.026942	209
2611.673600	268.447662	1.095384	-0.026922	211
2613.709824	268.463501	1.096549	-0.027055	213
2615.746048	268.475800	1.094987	-0.026659	215
2617.782016	268.444611	1.093598	-0.026596	217
2619.818240	268.407379	1.093917	-0.026746	219
2621.854720	268.406616	1.094482	-0.026862	221
2623.890688	268.438599	1.094567	-0.026793	223
2625.926912	268.389801	1.096363	-0.026615	225
2627.962880	268.396545	1.097144	-0.026444	227
2629.998848	268.336945	1.097042	-0.026894	229
2632.034560	268.337769	1.096908	-0.027019	231
2634.070528	268.343750	1.096384	-0.027008	233
2636.106240	268.328430	1.095925	-0.026687	235
2638.141952	268.286469	1.094278	-0.026687	237
2640.177920	268.259979	1.094844	-0.026321	239
2642.213376	268.248871	1.093928	-0.026131	241
2644.249600	268.230927	1.094387	-0.026088	243
2646.285056	268.221832	1.093474	-0.025836	245
2648.321280	268.202667	1.093866	-0.025586	247
2650.356992	268.157288	1.093323	-0.025228	249
2652.392704	268.130951	1.091089	-0.025301	251
2654.428928	268.154297	1.091138	-0.025199	253
2656.464896	268.118713	1.090564	-0.025027	255
2658.501120	268.115356	1.091902	-0.025089	1
2660.537088	268.109436	1.093835	-0.025559	3
2662.573312	268.091003	1.093465	-0.025535	5
2664.609792	268.053925	1.093857	-0.025456	7
2666.646016	268.063354	1.093999	-0.025699	9
2668.682240	268.056427	1.094179	-0.025755	11
2670.718464	268.043640	1.093752	-0.025876	13
2672.754688	268.053650	1.095306	-0.026001	15
2674.790912	268.045197	1.096248	-0.025855	17
2676.827392	268.060577	1.096198	-0.025842	19
2678.862592	268.044769	1.095479	-0.025573	21
2680.899328	268.022125	1.096276	-0.025584	23
2682.935040	267.997894	1.096717	-0.025716	25
2684.971008	268.013367	1.097620	-0.025508	27
2687.006976	268.000580	1.097240	-0.025395	29
2689.042432	267.978210	1.097443	-0.025521	31
2691.078400	267.948792	1.097997	-0.025374	33
2693.114112	267.958893	1.097405	-0.025524	35
2695.150336	267.879120	1.096984	-0.025255	37
2697.186048	267.915771	1.097516	-0.025316	39
2699.222016	267.868011	1.097236	-0.025061	41
2701.257728	267.864899	1.096699	-0.024995	43
2703.293184	267.884033	1.097919	-0.025026	45
2705.329664	267.837341	1.098265	-0.025109	47
2707.365376	267.852142	1.098115	-0.024905	49
2709.401088	267.831268	1.097591	-0.024834	51
2711.437568	267.797424	1.097328	-0.024471	53
2713.473024	267.784027	1.095803	-0.024631	55
2715.510272	267.794434	1.094181	-0.024517	57
2717.546240	267.758636	1.094387	-0.024916	59
2719.581696	267.778564	1.094154	-0.024900	61
2721.618432	267.777924	1.094178	-0.024974	63
2723.654912	267.764221	1.094829	-0.024740	65
2725.690880	267.797455	1.093930	-0.024691	67
2727.727104	267.772156	1.093410	-0.024479	69
2729.763584	267.763214	1.094096	-0.024476	71
2731.800064	267.787506	1.094445	-0.024464	73
2733.836288	267.773773	1.094582	-0.024500	75
2735.872256	267.764984	1.094804	-0.024788	77
2737.908736	267.765106	1.095214	-0.024792	79
2739.944448	267.743378	1.095403	-0.025043	81
2741.980672	267.733917	1.095933	-0.025132	83
2744.016640	267.753021	1.097320	-0.025166	85
2746.052608	267.778320	1.096590	-0.025273	87
2748.088320	267.722076	1.097148	-0.024911	89
2750.123776	267.719452	1.096540	-0.024770	91
2752.159744	267.686249	1.095684	-0.024747	93
2754.195456	267.676575	1.095866	-0.024544	95
2756.231168	267.647278	1.095418	-0.024556	97
2758.267136	267.632782	1.095220	-0.024692	99
2760.302848	267.595367	1.095133	-0.024763	101
2762.338304	267.554443	1.095959	-0.024435	103
2764.374272	267.606903	1.094890	-0.024341	105
2766.409984	267.562958	1.093987	-0.024120	107
2768.445952	267.535400	1.093389	-0.023963	109
2770.481920	267.523315	1.093146	-0.023976	111
2772.518144	267.520905	1.092848	-0.024029	113
2774.554112	267.525970	1.092313	-0.024215	115
2776.590336	267.471558	1.092496	-0.024410	117
2778.626560	267.476501	1.093460	-0.024767	119
2780.663040	267.464386	1.093096	-0.024959	121
2782.699520	267.464172	1.093507	-0.025255	123
2784.736000	267.486572	1.094407	-0.025352	125
2786.772224	267.478729	1.095022	-0.025591	127
2788.808704	267.484833	1.095395	-0.025376	129
2790.845184	267.487671	1.095984	-0.025526	131
2792.881408	267.490692	1.096431	-0.025728	133
2794.917632	267.457581	1.096972	-0.026288	135
2796.953856	267.517822	1.096563	-0.026217	137
2798.989824	267.481140	1.096591	-0.026011	139
2801.026048	267.460693	1.096898	-0.026169	141
2803.061760	267.466095	1.097240	-0.026014	143
2805.097472	267.454895	1.096697	-0.025840	145
2807.133184	267.354401	1.097116	-0.026224	147
2809.168640	267.494080	1.096931	-0.026461	149
2811.204608	267.318665	1.095906	-0.025661	151
2813.239808	267.324310	1.095922	-0.026059	153
2815.275520	267.302124	1.095792	-0.026131	155
2817.310976	267.276581	1.095856	-0.026203	157
2819.346688	267.237030	1.096897	-0.025837	159
2821.382400	267.231506	1.095062	-0.025758	161
2823.418624	267.195160	1.095970	-0.025946	163
2825.453824	267.198486	1.095913	-0.025807	165
2827.490304	267.175903	1.096091	-0.025292	167
2829.526016	267.155945	1.096161	-0.025210	169
2831.561984	267.157196	1.095297	-0.025496	171
2833.598464	267.131012	1.095299	-0.025578	173
2835.634432	267.146332	1.095021	-0.025496	175
2837.671168	267.152191	1.095572	-0.025628	177
2839.707136	267.149353	1.095635	-0.025382	179
2841.743872	267.143829	1.096064	-0.025282	181
2843.779840	267.125854	1.095131	-0.025486	183
2845.816320	267.150940	1.095221	-0.025621	185
2847.852800	267.119385	1.095518	-0.025684	187
2849.889024	267.153473	1.095461	-0.026005	189
2851.925504	267.131744	1.094984	-0.025694	191
2853.961728	267.106201	1.093986	-0.025856	193
2855.997952	267.107086	1.095303	-0.025916	195
2858.034176	267.121002	1.095290	-0.025913	197
2860.070400	267.097778	1.095106	-0.026068	199
2862.106112	267.106354	1.095654	-0.026343	201
2864.142336	267.111908	1.094994	-0.026411	203
2866.178304	267.046265	1.096167	-0.026422	205
2868.214272	267.067688	1.095100	-0.026401	207
