time (s)	energy (uJ)	charge (mC)	voltage (mV)	crossing#mod 255
1057.361819	51.498791	7.849865	6.560469	219
1058.382746	55.306850	7.847248	7.047931	220
1059.397849	50.984055	7.835346	6.506931	221
1060.407890	51.958759	7.814952	6.648634	222
1061.444395	54.989674	7.871975	6.985499	223
1062.454743	55.149830	7.854809	7.021155	224
1063.469950	51.290951	7.859446	6.526026	225
1064.479275	52.079067	7.817185	6.662126	226
1065.506072	51.104572	7.846584	6.512971	227
1066.525634	54.521996	7.853119	6.942719	228
1067.542034	49.671215	7.568359	6.563010	229
1068.561485	55.271561	7.866897	7.025841	230
1069.578343	50.981625	7.807985	6.529422	231
1070.586517	51.932667	7.853809	6.612418	232
1071.625820	54.409058	7.851578	6.929697	233
1072.632913	55.631966	7.866212	7.072269	234
1073.661454	54.569283	7.835347	6.964502	235
1074.668806	55.431717	7.838434	7.071785	236
1075.696998	53.145329	7.778432	6.832396	237
1076.693792	52.332378	7.855466	6.661906	238
1077.722946	50.718231	7.860586	6.452221	239
1078.729449	52.645527	7.846624	6.709322	240
1079.758997	50.539886	7.826463	6.457564	241
1080.776822	55.185165	7.849975	7.029981	242
1081.805642	54.403442	7.845946	6.933956	243
1082.801600	52.447765	7.849813	6.681403	244
1083.830564	51.133003	7.836630	6.524872	245
1084.837609	52.070511	7.824746	6.654595	246
1085.877496	53.952698	7.851775	6.871402	247
1086.884618	55.512589	7.850143	7.071538	248
1087.912938	54.730816	7.864311	6.959392	249
1088.909860	51.827785	7.825914	6.622586	250
1089.949113	54.114017	7.850502	6.893064	251
1090.946219	51.878567	7.846589	6.611608	252
1091.973730	50.949749	7.853079	6.487869	253
1092.982025	52.446247	7.862349	6.670557	254
1094.019419	54.046177	7.754949	6.969251	255
1095.029344	55.272533	7.843394	7.047018	0
1096.045336	51.104744	7.854241	6.506643	1
1097.054709	52.152359	7.856711	6.637938	2
1098.091608	54.232906	7.847728	6.910651	3
1099.101957	54.288101	7.843489	6.921423	4
1100.116704	51.104469	7.832756	6.524456	5
1101.138129	54.835300	7.853434	6.982335	6
1102.163363	54.811951	7.841141	6.990303	7
1103.174343	54.336555	7.854705	6.917708	8
1104.188435	51.339748	7.843885	6.545194	9
1105.199180	51.752632	7.849475	6.593133	10
1106.224136	51.641975	7.863566	6.567246	11
1107.235504	51.280857	7.826575	6.552146	12
1108.270859	54.121876	7.820164	6.920811	13
1109.282414	54.614567	7.835274	6.970345	14
1110.306716	55.068382	7.855460	7.010205	15
1111.318002	54.766796	7.835497	6.989575	16
1112.331638	51.567287	7.853748	6.565947	17
1113.343341	51.933830	7.851331	6.614654	18
1114.367785	51.345394	7.825183	6.561559	19
1115.389874	54.812504	7.844017	6.987811	20
1116.404089	51.070587	7.832699	6.520177	21
1117.414822	51.570496	7.818123	6.596276	22
1118.440202	51.372890	7.857988	6.537664	23
1119.450937	51.618423	7.873476	6.555990	24
1120.487355	54.576561	7.847907	6.954283	25
1121.496066	54.230965	7.746964	7.000287	26
1122.523289	54.228325	7.852875	6.905539	27
1123.532931	54.820946	7.845433	6.987626	28
1124.559614	54.522488	7.851881	6.943876	29
1125.568832	54.606594	7.861581	6.946007	30
1126.584573	51.207500	7.856688	6.517696	31
1127.593557	52.036118	7.846651	6.631634	32
1128.631907	53.793972	7.839852	6.861606	33
1129.629262	52.262745	7.841699	6.664723	34
1130.657072	50.581497	7.815620	6.471847	35
1131.676110	55.175331	7.853470	7.025599	36
1132.693019	51.173740	7.859872	6.510760	37
1133.711907	55.289680	7.847726	7.045312	38
1134.739983	54.290516	7.842046	6.923004	39
1135.736730	51.082722	7.679423	6.651896	40
1136.765187	51.110592	7.826108	6.530781	41
1137.772747	51.933716	7.856042	6.610672	42
1138.801161	50.930630	7.842476	6.494203	43
1139.808754	52.082222	7.869523	6.618219	44
1140.847903	53.938404	7.829931	6.888746	45
1141.855787	54.711735	7.844282	6.974729	46
1142.872897	50.900509	7.852196	6.482328	47
1143.880486	52.485367	7.853959	6.682664	48
1144.908882	50.665298	7.821930	6.477340	49
1145.916828	52.027203	7.865700	6.614440	50
1146.944814	51.056267	7.857756	6.497564	51
1147.963646	54.704937	7.830532	6.986107	52
1148.991279	53.926651	7.839237	6.879069	53
1149.988825	51.967785	7.847611	6.622116	54
1151.016320	51.195568	7.858454	6.514713	55
1152.025106	51.914417	7.857267	6.607185	56
1153.051898	51.284946	7.857901	6.526546	57
1154.060992	51.955326	7.824878	6.639762	58
1155.087460	51.430321	7.850791	6.550973	59
1156.108019	55.030777	7.851665	7.008804	60
1157.134634	54.339634	7.840114	6.930976	61
1158.133390	51.734238	7.831055	6.606293	62
1159.159598	51.578491	7.848240	6.571982	63
1160.169047	51.943321	7.824446	6.638594	64
1161.195551	51.446972	7.848311	6.555165	65
1162.205348	51.720608	7.857294	6.582497	66
1163.231426	51.457066	7.849922	6.555106	67
1164.241362	51.870472	7.857800	6.601144	68
1165.277416	53.746655	7.773805	6.913816	69
1166.288059	55.054440	7.863919	7.000892	70
1167.313496	53.820713	7.772275	6.924706	71
1168.323780	54.880901	7.854764	6.986957	72
1169.339276	51.140892	7.838374	6.524427	73
1170.349087	51.972977	7.817806	6.648026	74
1171.375469	51.285435	7.854627	6.529328	75
1172.384950	51.953739	7.863557	6.606900	76
1173.422436	54.555950	7.854221	6.946068	77
1174.431746	54.874325	7.847400	6.992676	78
1175.447508	51.403076	7.838580	6.557703	79
1176.456872	51.715992	7.852082	6.586278	80
1177.483868	51.364216	7.856642	6.537681	81
1178.492543	51.953777	7.828862	6.636186	82
1179.519870	49.369019	7.582540	6.510882	83
1180.539657	55.405369	7.867475	7.042332	84
1181.567000	54.673370	7.844326	6.969798	85
1182.575403	55.469368	7.856331	7.060467	86
1183.592131	50.910217	7.849996	6.485382	87
1184.600718	51.835003	7.833866	6.616785	88
1185.628116	51.135384	7.834693	6.526789	89
1186.636042	52.469303	7.857389	6.677702	90
1187.664051	51.485142	7.874087	6.538554	91
1188.683261	54.995232	7.855120	7.001196	92
1189.711188	54.205193	7.854021	6.901586	93
1190.719388	55.047043	7.866009	6.998091	94
1191.736411	50.949772	7.824603	6.511484	95
1192.744421	51.701096	7.862864	6.575352	96
1193.771984	51.310219	7.852712	6.534077	97
1194.780150	51.840294	7.822361	6.627193	98
1195.819281	54.156551	7.816373	6.928604	99
1196.827368	55.123024	7.870842	7.003447	100
1197.854535	54.014866	7.850881	6.880103	101
1198.852362	51.824638	7.826201	6.621941	102
1199.880488	50.452480	7.823175	6.449106	103
1200.888122	52.246811	7.857051	6.649672	104
1201.915833	50.784019	7.780498	6.527092	105
1202.935316	55.028885	7.833440	7.024868	106
1203.963085	54.434559	7.857674	6.927567	107
1204.970400	54.839783	7.852300	6.983914	108
1205.987933	51.318745	7.839569	6.546119	109
1206.995679	52.331757	7.848011	6.668155	110
1208.023839	51.503433	7.860661	6.552050	111
1209.032238	51.621006	7.803735	6.614911	112
1210.059325	51.258247	7.816745	6.557492	113
1211.068417	52.176464	7.857897	6.640004	114
1212.106501	54.624916	7.857063	6.952332	115
1213.115482	54.757603	7.858126	6.968278	116
1214.142115	54.263508	7.835459	6.925377	117
1215.140384	51.953960	7.834697	6.631267	118
1216.167141	51.016167	7.825130	6.519530	119
1217.176549	52.205933	7.837918	6.660689	120
1218.202828	51.385204	7.849840	6.546019	121
1219.212800	51.769299	7.853362	6.591992	122
1220.238783	51.496819	7.826855	6.579504	123
1221.248532	51.812222	7.824572	6.621733	124
1222.274282	50.104664	7.612737	6.581689	125
1223.295608	55.110863	7.841783	7.027849	126
1224.321433	55.017323	7.851244	7.007466	127
1225.331611	54.915375	7.854908	6.991218	128
1226.346534	51.423592	7.819872	6.576015	129
1227.356511	51.924473	7.829843	6.631611	130
1228.382519	51.137264	7.812631	6.545460	131
1229.392481	52.059299	7.848203	6.633277	132
1230.429510	54.383038	7.861146	6.917953	133
1231.439140	55.032276	7.823487	7.034239	134
1232.465338	54.251541	7.850908	6.910226	135
1233.475326	55.044914	7.845440	7.016167	136
1234.501421	54.179249	7.856427	6.896169	137
1235.511125	55.168514	7.842854	7.034239	138
1236.526257	51.475201	7.817750	6.584401	139
1237.547268	54.839619	7.842574	6.992554	140
1238.573734	54.742245	7.869806	6.955985	141
1239.583020	54.764179	7.855779	6.971197	142
1240.598555	51.029484	7.811613	6.532516	143
1241.607759	52.116859	7.830824	6.655348	144
1242.634443	51.460403	7.863188	6.544471	145
1243.654416	55.828033	7.869829	7.093932	146
1244.681737	54.648075	7.835428	6.974485	147
1245.690595	55.542130	7.855268	7.070686	148
1246.706917	51.231777	7.856593	6.520865	149
1247.714897	52.132732	7.858461	6.633963	150
1248.742811	51.438915	7.842905	6.558656	151
1249.751351	51.881992	7.842498	6.615494	152
1250.789825	54.270828	7.855983	6.908216	153
1251.796212	53.685852	7.661039	7.007646	154
1252.814884	51.228741	7.864301	6.514088	155
1253.823111	52.532681	7.874356	6.671362	156
1254.850651	50.992874	7.824565	6.517024	157
1255.870215	55.154999	7.832802	7.041542	158
1256.897475	54.755054	7.840097	6.983977	159
1257.895433	52.239822	7.872922	6.635379	160
1258.922539	51.395462	7.857983	6.540542	161
1259.931488	52.073044	7.860602	6.624562	162
1260.969202	54.710579	7.829911	6.987382	163
1261.978404	54.701595	7.856264	6.962801	164
1262.993984	51.668167	7.848852	6.582895	165
1264.003490	51.579247	7.824061	6.592388	166
1265.030135	51.245983	7.858284	6.521270	167
1266.049794	54.450130	7.781928	6.996998	168
1267.076813	54.095589	7.855107	6.886677	169
1268.075991	51.916229	7.822372	6.636891	170
1269.101782	51.344349	7.843248	6.546312	171
1270.112110	51.867279	7.853477	6.604372	172
1271.137223	50.904354	7.751663	6.566895	173
1272.148018	51.710735	7.832559	6.602024	174
1273.172973	51.790829	7.877835	6.574246	175
1274.195240	54.743702	7.861283	6.963711	176
1275.220262	54.522129	7.850797	6.944789	177
1276.220031	52.044086	7.870042	6.612936	178
1277.245152	51.565845	7.820939	6.593307	179
1278.256144	51.577065	7.825815	6.590632	180
1279.292075	54.471035	7.823355	6.962618	181
1280.292164	51.782707	7.845603	6.600220	182
1281.317205	51.368816	7.857746	6.537348	183
1282.338834	54.496422	7.860460	6.932982	184
1283.364077	54.660591	7.847150	6.965662	185
1284.363706	51.999203	7.825743	6.644635	186
1285.400334	55.054878	7.867055	6.998156	187
1286.410567	55.211075	7.833454	7.048114	188
1287.436106	54.218895	7.860095	6.897995	189
1288.435517	52.400829	7.855860	6.670286	190
1289.461542	51.368366	7.814046	6.573850	191
1290.482462	54.937019	7.855542	6.993409	192
1291.497567	51.457684	7.845999	6.558462	193
1292.507387	51.506844	7.807887	6.596772	194
1293.533710	51.783592	7.855579	6.591951	195
1294.542516	50.527874	7.587360	6.659481	196
1295.569440	50.200134	7.590742	6.613338	197
1296.578624	52.196560	7.845157	6.653349	198
1297.606086	50.991978	7.833035	6.509862	199
1298.625456	55.491486	7.850604	7.068436	200
1299.651783	53.596291	7.769015	6.898725	201
1300.661520	55.204811	7.861819	7.021888	202
1301.678527	50.739376	7.823040	6.485890	203
1302.686103	51.952900	7.809529	6.652501	204
1303.725501	54.453911	7.846887	6.939556	205
1304.732975	54.726452	7.823870	6.994807	206
1305.750773	51.098751	7.862158	6.499330	207
1306.758025	52.024357	7.851635	6.625926	208
1307.786767	51.155861	7.865030	6.504218	209
1308.804894	55.223591	7.831106	7.051826	210
1309.833488	54.408363	7.847001	6.933651	211
1310.830043	52.129318	7.856436	6.635237	212
1311.858488	51.098976	7.812304	6.540833	213
1312.865753	52.008610	7.840563	6.633275	214
1313.905448	54.471748	7.834071	6.953186	215
1314.901920	52.011955	7.836849	6.636846	216
1315.930312	50.983585	7.853844	6.491546	217
1316.937940	52.022251	7.833565	6.640942	218
1317.976836	54.235950	7.828730	6.927810	219
1318.985162	55.014030	7.851731	7.006612	220
1320.001869	50.974331	7.848652	6.494661	221
1321.010323	51.816650	7.826080	6.621022	222
1322.037527	51.196426	7.838421	6.531472	223
1323.046524	51.636597	7.838443	6.587609	224
1324.084495	54.674770	7.839462	6.974302	225
1325.093540	54.443714	7.839780	6.944546	226
1326.109026	51.641544	7.849174	6.579234	227
1327.118720	51.769165	7.855961	6.589795	228
1328.155896	54.515743	7.856351	6.939066	229
1329.165955	54.763100	7.831151	6.992982	230
1330.191794	54.956551	7.865042	6.987445	231
1331.190858	51.912582	7.854417	6.609349	232
1332.216891	51.127411	7.822589	6.535869	233
1333.227017	51.810520	7.824103	6.621912	234
1334.263570	54.774277	7.836842	6.989331	235
1335.273796	55.180054	7.848164	7.030951	236
1336.288615	51.345402	7.838508	6.550405	237
1337.299183	51.293362	7.813093	6.565053	238
1338.335532	54.841663	7.860855	6.976552	239
1339.344750	54.117207	7.748159	6.984525	240
1340.371447	55.036797	7.854503	7.007038	241
1341.381083	54.900032	7.850049	6.993591	242
1342.396752	51.576031	7.864283	6.558263	243
1343.417458	54.730259	7.856055	6.966634	244
1344.432629	51.331223	7.824478	6.560338	245
1345.442032	51.552338	7.772847	6.632362	246
1346.479924	54.448654	7.860328	6.927022	247
1347.478141	51.890121	7.837683	6.620595	248
1348.504992	51.483780	7.887291	6.527435	249
1349.513725	52.141769	7.846787	6.644983	250
1350.541067	50.949192	7.832511	6.504835	251
1351.549317	52.414162	7.861336	6.667335	252
1352.577581	51.187855	7.866282	6.507249	253
1353.596311	54.351715	7.853992	6.920267	254
1354.624672	54.093468	7.836106	6.903106	255
1355.620816	51.855579	7.848467	6.607097	0
1356.650081	50.760956	7.827624	6.484848	1
1357.656752	51.939503	7.832516	6.631268	2
1358.696758	53.649353	7.849753	6.834528	3
1359.692295	51.300819	7.687378	6.673383	4
1360.733200	53.747257	7.833669	6.861058	5
1361.738992	55.434792	7.855026	7.057239	6
1362.758235	50.849350	7.858931	6.470263	7
1363.763699	52.447796	7.842067	6.688007	8
1364.794385	50.755516	7.862654	6.455266	9
1365.800484	51.544548	7.822222	6.589503	10
1366.841331	54.002171	7.850700	6.878644	11
1367.847065	55.464340	7.848453	7.066914	12
1368.866247	50.909531	7.841704	6.492152	13
1369.872516	51.418556	7.820629	6.574734	14
1370.902411	50.658562	7.858850	6.446053	15
1371.908154	52.333439	7.846534	6.669625	16
1372.947943	52.661491	7.751801	6.793453	17
1373.955343	54.663887	7.848654	6.964747	18
1374.973634	50.735855	7.786141	6.516175	19
1375.980432	52.281868	7.852262	6.658193	20
1377.020521	53.913311	7.862754	6.856798	21
1378.027603	55.238422	7.852726	7.034299	22
1379.045190	51.080853	7.848498	6.508360	23
1380.063507	55.593704	7.858636	7.074218	24
1381.080870	50.739338	7.834505	6.476394	25
1382.088945	51.911930	7.838073	6.623048	26
1383.116525	50.524178	7.775651	6.497744	27
1384.135458	55.042732	7.868332	6.995477	28
1385.152335	51.036842	7.858681	6.494327	29
1386.161146	51.970333	7.856950	6.614569	30
1387.187749	51.126270	7.811587	6.544928	31
1388.197337	51.365139	7.823529	6.565469	32
1389.223896	51.489037	7.857372	6.552959	33
1390.243454	53.984879	7.763776	6.953431	34
1391.269760	53.545853	7.762664	6.897871	35
1392.269428	51.356770	7.815782	6.570907	36
1393.295594	51.506649	7.852326	6.559413	37
1394.305541	51.679932	7.840294	6.591581	38
1395.331479	51.400928	7.846902	6.550474	39
1396.341270	50.831272	7.677373	6.620920	40
1397.367356	49.598095	7.597553	6.528167	41
1398.377050	52.252342	7.865736	6.643033	42
1399.403833	51.168125	7.860093	6.509863	43
1400.413267	51.692139	7.830644	6.601264	44
1401.449577	53.893250	7.765758	6.939857	45
1402.460083	54.243244	7.818522	6.937788	46
1403.475728	51.220333	7.820475	6.549518	47
1404.484712	51.543961	7.821251	6.590246	48
1405.511866	51.372185	7.864197	6.532413	49
1406.520782	51.666351	7.864013	6.569973	50
1407.558895	54.663849	7.850225	6.963348	51
1408.567312	54.915962	7.847889	6.997546	52
1409.583672	51.149799	7.842958	6.521749	53
1410.592091	52.307278	7.872869	6.643992	54
1411.630838	54.102047	7.852093	6.890144	55
1412.638942	55.228985	7.865740	7.021461	56
1413.666957	54.207844	7.840097	6.914180	57
1414.674743	54.749439	7.840320	6.983062	58
1415.692117	51.132050	7.869697	6.497334	59
1416.699941	51.823277	7.848021	6.603356	60
1417.728058	50.725193	7.811160	6.493939	61
1418.735600	51.855698	7.854527	6.602015	62
1419.763720	49.668537	7.597437	6.537539	63
1420.782774	54.610332	7.870189	6.938885	64
1421.800094	51.052509	7.821973	6.526807	65
1422.807492	51.593781	7.823442	6.594768	66
1423.846823	54.565285	7.856944	6.944849	67
1424.843258	51.027679	7.695580	6.630777	68
1425.882886	54.209942	7.838192	6.916129	69
1426.890489	54.454376	7.841182	6.944665	70
1427.907533	51.260082	7.868280	6.514776	71
1428.915137	52.211174	7.845541	6.654886	72
1429.943650	50.710430	7.832508	6.474354	73
1430.962747	54.799263	7.831077	6.997666	74
1431.990422	54.191029	7.850379	6.902983	75
1432.987570	51.556202	7.768277	6.636762	76
1434.015126	51.194160	7.831010	6.537364	77
1435.034824	55.158791	7.868838	7.009776	78
1436.051158	51.363167	7.850018	6.543064	79
1437.060114	51.414959	7.818405	6.576145	80
1438.097662	54.519310	7.846816	6.947953	81
1439.106543	54.399254	7.863421	6.918014	82
1440.133335	54.542503	7.866483	6.933531	83
1441.143359	54.439705	7.844085	6.940224	84
1442.158420	51.166569	7.824752	6.539066	85
1443.168095	51.826054	7.830894	6.618154	86
1444.194192	51.542892	7.859925	6.557683	87
1445.204283	51.759018	7.843488	6.598980	88
1446.241322	54.016369	7.837927	6.891665	89
1447.249648	53.625702	7.674916	6.987139	90
1448.277218	54.604603	7.839664	6.965172	91
1449.287275	54.885509	7.847017	6.994443	92
1450.302470	51.395634	7.855968	6.542241	93
1451.312560	51.390766	7.860721	6.537666	94
1452.338415	51.800262	7.854795	6.594732	95
1453.348089	51.502361	7.821839	6.584432	96
1454.374365	51.472702	7.826615	6.576624	97
1455.384294	51.540325	7.852433	6.563612	98
1456.410685	51.317410	7.858778	6.529949	99
1457.430946	54.616909	7.845883	6.961219	100
1458.457532	54.179489	7.837791	6.912597	101
1459.466873	54.327709	7.839149	6.930308	102
1460.482749	51.075432	7.831816	6.521531	103
1461.491932	51.723320	7.841780	6.595865	104
1462.518803	51.132877	7.860605	6.504955	105
1463.527507	52.034477	7.832651	6.643278	106
1464.565217	53.214260	7.748222	6.867932	107
1465.574446	54.826756	7.838278	6.994746	108
1466.602133	53.813644	7.841118	6.863007	109
1467.610153	54.568695	7.827191	6.971684	110
1468.626979	51.574936	7.858964	6.562562	111
1469.635272	51.518101	7.847342	6.565038	112
1470.663338	50.865314	7.824558	6.500727	113
1471.681663	54.323681	7.838225	6.930610	114
1472.710382	54.362888	7.852293	6.923188	115
1473.706365	52.089199	7.853036	6.633001	116
1474.735533	50.631100	7.827863	6.468062	117
1475.742282	52.222847	7.824687	6.674114	118
1476.782494	53.611443	7.859742	6.821019	119
1477.788975	55.009598	7.854167	7.003875	120
1478.807510	49.197235	7.586480	6.484857	121
1479.814363	52.050510	7.816515	6.659043	122
1480.843247	51.373840	7.861515	6.534853	123
1481.850311	51.854420	7.813104	6.636853	124
1482.879496	51.067837	7.855780	6.500671	125
1483.886595	51.619720	7.856547	6.570281	126
1484.915164	50.971169	7.814240	6.522858	127
1485.933428	55.190956	7.850322	7.030407	128
1486.961647	54.541679	7.853132	6.945214	129
1487.969683	54.466927	7.848834	6.939493	130
1488.997514	53.847244	7.820154	6.885702	131
1489.994738	52.181465	7.859360	6.639404	132
1491.022530	50.989044	7.853162	6.492805	133
1492.031249	51.445396	7.806080	6.590426	134
1493.058188	50.833290	7.818939	6.501303	135
1494.078051	55.324730	7.856095	7.042269	136
1495.093481	49.958824	7.594054	6.578677	137
1496.114026	54.579174	7.858257	6.945456	138
1497.129571	51.088264	7.818145	6.534577	139
1498.140061	50.940681	7.818889	6.515079	140
1499.165375	51.517048	7.842615	6.568861	141
1500.186777	54.165703	7.860430	6.890934	142
1501.212100	54.506485	7.834539	6.957203	143
1502.222970	54.239140	7.839450	6.918743	144
1503.236998	51.380989	7.839165	6.554396	145
1504.248107	51.648045	7.855909	6.574420	146
1505.272763	51.489799	7.830647	6.575421	147
1506.295026	54.428997	7.849701	6.933895	148
1507.319395	53.912174	7.849352	6.868360	149
1508.319976	51.671371	7.855599	6.577649	150
1509.344946	51.137421	7.824261	6.535751	151
1510.355959	51.517834	7.858655	6.555554	152
1511.380708	51.632786	7.848279	6.578867	153
1512.392159	51.110939	7.820015	6.535913	154
1513.427924	54.579056	7.843122	6.958844	155
1514.438450	54.324299	7.850308	6.920022	156
1515.464031	54.880238	7.839988	7.000041	157
1516.463404	51.335442	7.827892	6.558016	158
1517.489283	51.621330	7.860441	6.567231	159
1518.509928	54.930805	7.828497	7.016776	160
1519.536561	54.072327	7.818707	6.915763	161
1520.545786	54.500435	7.843964	6.948074	162
1521.572576	54.690346	7.857188	6.960549	163
1522.581359	55.048180	7.834626	7.026268	164
1523.597821	50.970200	7.848090	6.494600	165
1524.606352	51.844242	7.831657	6.619831	166
1525.633925	51.144352	7.832328	6.529904	167
1526.641748	51.614185	7.767704	6.644716	168
1527.681432	54.547062	7.850261	6.948440	169
1528.688673	55.277565	7.860669	7.032170	170
1529.706284	51.047691	7.809563	6.536562	171
1530.713538	51.773743	7.849883	6.595479	172
1531.742642	51.115582	7.851325	6.510440	173
1532.749352	52.042919	7.855968	6.624635	174
1533.789530	53.838036	7.838905	6.868056	175
1534.795217	54.218803	7.750011	6.995965	176
1535.825815	53.512161	7.834285	6.830511	177
1536.821222	51.727978	7.852966	6.587063	178
1537.850793	50.793171	7.857549	6.464252	179
1538.868146	54.747066	7.821918	6.999188	180
1539.897653	53.755802	7.860989	6.838300	181
1540.893496	52.105228	7.862456	6.627093	182
1541.922794	50.614388	7.870940	6.430539	183
1542.929225	52.184258	7.814634	6.677762	184
1543.969532	54.118633	7.862903	6.882781	185
1544.975947	55.145035	7.852014	7.023044	186
1546.005127	54.367897	7.845156	6.930124	187
1547.001381	52.226437	7.858316	6.646009	188
1548.029843	51.296410	7.859794	6.526433	189
1549.037728	51.813866	7.843209	6.606208	190
1550.076619	54.038170	7.821199	6.909192	191
1551.084728	54.805168	7.859943	6.972719	192
1552.112292	54.266113	7.859523	6.904505	193
1553.110082	51.485703	7.827646	6.577418	194
1554.137418	51.139393	7.833587	6.528222	195
1555.146398	51.420193	7.849586	6.550690	196
1556.184161	54.572559	7.845891	6.955560	197
1557.193413	54.377422	7.819478	6.954099	198
1558.208612	50.352955	7.684643	6.552413	199
1559.218392	51.843735	7.854851	6.600219	200
1560.255591	54.310654	7.851168	6.917526	201
1561.265685	54.898964	7.854815	6.989212	202
1562.291427	53.946655	7.825736	6.893493	203
1563.290625	51.510323	7.767075	6.631882	204
1564.327482	54.555408	7.859308	6.941503	205
1565.337886	54.939842	7.840463	7.007219	206
1566.363046	54.345005	7.826393	6.943813	207
1567.363032	51.652363	7.859163	6.572248	208
1568.388242	51.506386	7.845280	6.565271	209
1569.399128	50.990280	7.805689	6.532451	210
1570.434969	54.813324	7.862829	6.971197	211
1571.434748	51.497292	7.850312	6.559904	212
1572.460200	51.428917	7.819643	6.576889	213
1573.481901	54.195698	7.855488	6.899088	214
1574.507126	54.916550	7.848315	6.997241	215
1575.517601	54.852631	7.841091	6.995536	216
1576.543261	55.160534	7.861170	7.016835	217
1577.542489	52.036785	7.851787	6.627382	218
1578.568320	51.193668	7.811728	6.553438	219
1579.578513	51.834930	7.858266	6.596231	220
1580.604411	50.995518	7.821211	6.520157	221
1581.625473	55.030148	7.862089	6.999431	222
1582.640736	49.758656	7.661922	6.494279	223
1583.660937	54.287380	7.835329	6.928539	224
1584.676778	51.150242	7.840601	6.523765	225
1585.686280	51.438461	7.848278	6.554108	226
1586.712997	51.306755	7.862306	6.525663	227
1587.722017	51.527569	7.862759	6.553370	228
1588.760229	54.319809	7.821598	6.944849	229
1589.768472	54.727337	7.837016	6.983187	230
1590.785307	51.307762	7.852858	6.533642	231
1591.793314	51.558247	7.826721	6.587465	232
1592.821477	50.430496	7.749900	6.507245	233
1593.840247	54.404686	7.836154	6.942780	234
1594.868594	53.956200	7.846864	6.876149	235
1595.865118	51.921589	7.862417	6.603770	236
1596.893965	50.422554	7.849105	6.423988	237
1597.900849	52.099396	7.869197	6.620675	238
1598.929868	50.857311	7.863423	6.467579	239
1599.946633	54.604099	7.776340	7.021825	240
1600.965944	50.457817	7.820009	6.452400	241
1601.972705	51.992405	7.824291	6.644999	242
1603.002018	51.205940	7.862781	6.512447	243
1604.019409	55.062412	7.846508	7.017442	244
1605.048178	53.103676	7.752244	6.850104	245
1606.044641	51.659222	7.826410	6.600628	246
1607.074105	51.157753	7.849726	6.517139	247
1608.080471	52.090549	7.861474	6.626055	248
1609.109959	50.439266	7.759554	6.500279	249
1610.116725	51.735031	7.862798	6.579723	250
1611.145874	51.028770	7.867393	6.486109	251
1612.152496	51.788765	7.842792	6.603359	252
1613.192633	54.034512	7.863890	6.871220	253
1614.198770	54.700352	7.769510	7.040387	254
1615.217741	50.381657	7.812155	6.449138	255
1616.225053	51.774826	7.825025	6.616570	0
1617.264055	53.993610	7.824194	6.900853	1
1618.271998	54.988865	7.867613	6.989269	2
1619.298951	53.399426	7.760194	6.881198	3
1620.308372	55.147438	7.850451	7.024748	4
1621.324407	51.418297	7.853175	6.547454	5
1622.333603	51.471123	7.819324	6.582554	6
1623.360138	51.563076	7.850130	6.568437	7
1624.380637	54.719868	7.838335	6.981058	8
1625.407131	54.400654	7.828915	6.948684	9
1626.416982	54.249786	7.824882	6.932985	10
1627.432145	51.436634	7.857477	6.546203	11
1628.442123	51.491703	7.842560	6.565676	12
1629.478880	54.827232	7.860229	6.975272	13
1630.478293	51.914089	7.866554	6.599343	14
1631.503578	51.259003	7.820704	6.554270	15
1632.525068	54.941040	7.830566	7.016228	16
1633.549667	54.013206	7.761737	6.958907	17
1634.561181	54.185505	7.863231	6.890997	18
1635.575694	51.120785	7.832893	6.526425	19
1636.586045	51.537277	7.843937	6.570333	20
1637.611716	51.232967	7.821368	6.550385	21
1638.621937	51.460823	7.842628	6.561682	22
1639.647764	51.583828	7.854804	6.567170	23
1640.658020	51.441216	7.839352	6.561923	24
1641.694626	54.162888	7.855304	6.895072	25
1642.705272	54.086536	7.850121	6.889899	26
1643.731724	53.548279	7.846560	6.824428	27
1644.740619	55.122509	7.850986	7.021094	28
1645.755300	51.745388	7.858358	6.584759	29
1646.766087	51.780685	7.852589	6.594091	30
1647.792909	50.095768	7.773841	6.444146	31
1648.801779	51.764706	7.843416	6.599766	32
1649.839165	54.210400	7.857130	6.899517	33
1650.846694	54.779770	7.751514	7.066977	34
1651.863885	51.474945	7.838330	6.567081	35
1652.873517	51.462242	7.826707	6.575210	36
1653.900793	50.773647	7.829566	6.484862	37
1654.908528	52.203163	7.877239	6.627090	38
1655.947323	54.074379	7.854318	6.884670	39
1656.955902	54.579964	7.838866	6.962737	40
1657.982597	54.044518	7.757352	6.966877	41
1658.991786	54.510834	7.831399	6.960549	42
1660.008358	51.101864	7.863327	6.498759	43
1661.016919	51.723637	7.859161	6.581318	44
1662.044638	50.454018	7.774498	6.489682	45
1663.052882	51.838505	7.818267	6.630435	46
1664.080472	50.688831	7.829921	6.473735	47
1665.098418	54.122452	7.741291	6.991400	48
1666.127179	54.653252	7.840618	6.970529	49
1667.125053	51.929893	7.825938	6.635613	50
1668.152089	50.931797	7.823246	6.510316	51
1669.161085	51.993484	7.851071	6.622471	52
1670.188095	51.070171	7.852649	6.503560	53
1671.197032	51.470005	7.825043	6.577601	54
1672.234737	54.607712	7.836273	6.968583	55
1673.244280	54.415512	7.852991	6.929272	56
1674.259551	50.649845	7.706514	6.572342	57
1675.269238	51.550579	7.846574	6.569821	58
1676.295737	51.167225	7.811199	6.550496	59
1677.305122	51.267212	7.809589	6.564650	60
1678.331808	51.318279	7.850518	6.536929	61
1679.341362	51.748909	7.866134	6.578697	62
1680.377070	53.493591	7.771403	6.883389	63
1681.388337	54.910576	7.835874	7.007588	64
1682.403268	50.194359	7.666515	6.547220	65
1683.413780	51.515537	7.825932	6.582672	66
1684.439354	51.275398	7.861784	6.522108	67
1685.449280	52.331326	7.855164	6.662029	68
1686.475106	51.321018	7.866508	6.523990	69
1687.496755	54.197254	7.845887	6.907728	70
1688.511298	50.882576	7.808651	6.516180	71
1689.521621	51.677643	7.834449	6.596207	72
1690.557793	54.834324	7.858499	6.977710	73
1691.568544	54.440536	7.857983	6.928055	74
1692.594224	54.829201	7.838559	6.994807	75
1693.593656	51.209579	7.828365	6.541542	76
1694.619096	51.359184	7.832428	6.557250	77
1695.629236	51.511238	7.831947	6.577067	78
1696.666020	54.901722	7.832097	7.009838	79
1697.676450	54.704628	7.837451	6.979900	80
1698.690907	51.543980	7.839427	6.574968	81
1699.701399	51.712490	7.848434	6.588892	82
1700.726886	51.080719	7.814912	6.536314	83
1701.737478	51.683952	7.836506	6.595280	84
1702.774166	54.005814	7.854497	6.875783	85
1703.784229	55.042912	7.872674	6.991641	86
1704.810197	53.927876	7.848023	6.871524	87
1705.809179	52.084099	7.860894	6.625722	88
1706.835319	51.020702	7.821476	6.523155	89
1707.845305	51.479969	7.825309	6.578650	90
1708.871274	51.551643	7.866726	6.553126	91
1709.881122	51.766113	7.855458	6.589828	92
1710.917889	54.482494	7.856727	6.934504	93
1711.928093	54.172409	7.822030	6.925621	94
1712.954348	54.250481	7.853590	6.907730	95
1713.963819	54.535137	7.862454	6.936148	96
1714.990319	54.577522	7.853957	6.949048	97
1715.997981	53.606369	7.681915	6.978256	98
1717.025969	54.215694	7.846135	6.909860	99
1718.035992	55.336472	7.862175	7.038316	100
1719.061886	54.338089	7.859074	6.914058	101
1720.072201	54.950111	7.845197	7.004300	102
1721.087049	51.251678	7.823410	6.551067	103
1722.096903	52.105724	7.832744	6.652296	104
1723.123058	51.242313	7.846885	6.530275	105
1724.132975	52.260612	7.864143	6.645431	106
1725.170072	54.093895	7.835964	6.903286	107
1726.179386	54.954395	7.841587	7.008071	108
1727.195000	51.547569	7.850043	6.566534	109
1728.204999	51.816929	7.857011	6.594993	110
1729.230763	51.757355	7.869253	6.577163	111
1730.241273	51.528625	7.841042	6.571656	112
1731.277493	55.124142	7.854280	7.018357	113
1732.288041	54.378300	7.866617	6.912540	114
1733.312505	54.410892	7.761941	7.009960	115
1734.313031	51.835381	7.865679	6.590071	116
1735.338131	52.180428	7.847390	6.649399	117
1736.349254	51.652157	7.823820	6.601911	118
1737.374222	51.698830	7.853128	6.583216	119
1738.385143	51.805908	7.828334	6.617744	120
1739.420879	54.572617	7.815540	6.982578	121
1740.432123	54.775833	7.827590	6.997791	122
1741.457152	54.895283	7.858601	6.985376	123
1742.468348	54.687325	7.839965	6.975456	124
1743.493067	54.134266	7.818926	6.923492	125
1744.493244	51.375565	7.750912	6.628325	126
1745.518042	51.438267	7.819023	6.578606	127
1746.529724	51.442085	7.848217	6.554620	128
1747.554105	51.748970	7.858811	6.584835	129
1748.565464	51.576962	7.843653	6.575631	130
1749.589810	50.705685	7.678281	6.603781	131
1750.612485	54.824471	7.852296	6.981967	132
1751.636754	55.561100	7.843434	7.083773	133
1752.646382	54.087910	7.679669	7.043000	134
1753.662113	52.085632	7.859917	6.626741	135
1754.673445	51.699879	7.832543	6.600650	136
1755.698246	51.722797	7.863286	6.577759	137
1756.719605	54.531654	7.848251	6.948256	138
1757.734237	51.340420	7.805851	6.577172	139
1758.755814	54.520588	7.814492	6.976857	140
1759.780840	54.927803	7.862778	6.985801	141
1760.791443	55.252926	7.865061	7.025112	142
1761.816887	55.061436	7.838685	7.024321	143
1762.816553	51.532303	7.829910	6.581469	144
1763.842776	51.427349	7.821309	6.575287	145
1764.852314	52.044106	7.863978	6.618038	146
1765.889849	54.799129	7.849826	6.980936	147
1766.888019	50.621742	7.668310	6.601421	148
1767.915216	51.288601	7.810762	6.566402	149
1768.924187	51.886166	7.848450	6.611009	150
1769.962085	54.706528	7.844429	6.973934	151
1770.970723	55.804165	7.850708	7.108171	152
1771.987449	50.844265	7.841844	6.483713	153
1772.995978	52.413380	7.839159	6.686098	154
1774.034120	54.070290	7.854835	6.883696	155
1775.031627	52.362522	7.830715	6.686812	156
1776.059221	50.942989	7.805914	6.526205	157
1777.079055	55.455048	7.849232	7.065029	158
1778.105357	54.602406	7.847163	6.958235	159
1779.104129	51.457478	7.805048	6.592846	160
1780.131295	51.199265	7.839790	6.530693	161
1781.151025	55.193806	7.832965	7.046350	162
1782.178056	54.780937	7.836158	6.990791	163
1783.187228	54.395302	7.839131	6.938946	164
1784.203052	51.474148	7.862126	6.547103	165
1785.212069	52.108803	7.854086	6.634611	166
1786.249745	54.760895	7.850443	6.975517	167
1787.248261	51.918835	7.859413	6.605943	168
1788.274618	51.396870	7.838940	6.556610	169
1789.284347	52.239235	7.839646	6.663469	170
1790.321532	54.225094	7.840591	6.915945	171
1791.331498	55.164452	7.846348	7.030590	172
1792.346107	51.257561	7.823508	6.551737	173
1793.356521	51.754471	7.818839	6.619201	174
1794.382335	51.438839	7.839393	6.561585	175
1795.392749	50.436554	7.676066	6.570625	176
1796.428945	54.642372	7.837484	6.971928	177
1797.439856	54.405441	7.844442	6.935541	178
1798.453611	52.159538	7.855702	6.639704	179
1799.465168	51.939167	7.868279	6.601083	180
1800.500759	54.692162	7.852850	6.964626	181
1801.511742	54.785439	7.821755	7.004239	182
1802.536481	55.210697	7.837257	7.044646	183
1803.537333	51.950851	7.858531	6.610759	184
1804.561899	51.267269	7.829512	6.547952	185
1805.573238	51.568050	7.817270	6.596684	186
1806.608271	55.310604	7.856192	7.040384	187
1807.620391	54.273594	7.855208	6.909250	188
1808.644369	55.236351	7.852432	7.034299	189
1809.645735	51.706314	7.861097	6.577494	190
1810.669462	52.138428	7.847541	6.643919	191
1811.681386	52.027557	7.851090	6.626795	192
1812.705635	51.734489	7.841698	6.597359	193
1813.728416	55.164982	7.840997	7.035455	194
1814.741387	50.187290	7.608684	6.596055	195
1815.764192	54.638123	7.840296	6.968885	196
1816.777833	51.632923	7.810987	6.610294	197
1817.789303	51.670555	7.851495	6.580983	198
1818.813880	51.802231	7.823650	6.621236	199
1819.825103	51.753307	7.841639	6.599808	200
1820.861127	54.732201	7.833074	6.987321	201
1821.872170	54.351681	7.846603	6.926778	202
1822.886168	51.608566	7.827000	6.593659	203
1823.896949	52.105766	7.816237	6.666349	204
1824.933064	55.078518	7.869407	6.999069	205
1825.944060	54.544071	7.839944	6.957202	206
1826.969355	55.150501	7.845317	7.029736	207
1827.968709	51.661560	7.845633	6.584754	208
1829.005421	55.404930	7.868909	7.040992	209
1830.015784	54.590359	7.866276	6.939797	210
1831.030483	51.724670	7.836822	6.600210	211
1832.040462	51.405983	7.760937	6.623683	212
1833.076869	53.536102	7.766456	6.893249	213
1834.076382	52.390858	7.838126	6.684105	214
1835.102405	51.384434	7.828921	6.563412	215
1836.112307	51.832790	7.832623	6.617553	216
1837.138533	51.686005	7.856307	6.578919	217
1838.148352	51.754108	7.846852	6.595525	218
1839.185686	54.430073	7.840636	6.942049	219
1840.195329	54.614807	7.833941	6.971563	220
1841.210605	51.500324	7.845482	6.564330	221
1842.220228	52.191570	7.848232	6.650105	222
1843.246737	51.397480	7.867061	6.533251	223
1844.267271	55.085152	7.852334	7.015132	224
1845.293726	54.648834	7.864014	6.949230	225
1846.292448	51.831440	7.844293	6.607535	226
1847.319059	51.053158	7.811688	6.535484	227
1848.339115	54.763153	7.858510	6.968644	228
1849.365546	54.715679	7.855059	6.965662	229
1850.375205	54.531002	7.815506	6.977283	230
1851.390920	51.129391	7.817876	6.540062	231
1852.400250	52.007999	7.842296	6.631732	232
1853.426755	51.460743	7.860877	6.546439	233
1854.447161	54.945477	7.853680	6.996145	234
1855.473793	54.045937	7.829565	6.902803	235
1856.472337	52.054012	7.846616	6.633944	236
1857.509421	54.696487	7.854846	6.963407	237
1858.507904	51.792625	7.828652	6.615779	238
1859.534687	51.525455	7.859093	6.556159	239
1860.555274	54.732430	7.866399	6.957749	240
1861.570341	51.538227	7.820200	6.590398	241
1862.580352	51.971760	7.854638	6.616698	242
1863.615552	53.080460	7.668808	6.921605	243
1864.616276	52.021767	7.832211	6.642029	244
1865.642352	51.185997	7.843545	6.525876	245
1866.652240	52.140831	7.861733	6.632232	246
1867.689439	54.186714	7.829187	6.921117	247
1868.698479	54.217533	7.758063	6.988540	248
1869.714289	51.740070	7.852223	6.589226	249
1870.724424	51.746277	7.844481	6.596520	250
1871.761389	54.569706	7.841433	6.959150	251
1872.771359	54.874924	7.861919	6.979839	252
1873.786707	51.294582	7.858479	6.527292	253
1874.796376	51.871933	7.829707	6.625016	254
1875.833375	54.374413	7.864258	6.914119	255
1876.843553	55.139656	7.860719	7.014583	0
1877.858518	51.051556	7.807342	6.538917	1
1878.868058	52.166771	7.829553	6.662804	2
1879.904006	54.001144	7.764213	6.955134	3
1880.904169	51.756664	7.833387	6.607188	4
1881.930275	51.713921	7.851874	6.586189	5
1882.939809	51.389999	7.771247	6.612839	6
1883.965946	50.631138	7.672236	6.599267	7
1884.976196	52.141022	7.847239	6.644506	8
1886.002029	51.622288	7.869999	6.559376	9
1887.023117	55.057232	7.843727	7.019270	10
1888.049064	54.115974	7.843656	6.899331	11
1889.048437	52.040535	7.863689	6.617827	12
1890.073966	51.429398	7.850725	6.550911	13
1891.084253	51.831314	7.854263	6.599132	14
1892.110123	51.521774	7.838812	6.572651	15
1893.131547	54.896301	7.860804	6.983549	16
1894.145988	50.679516	7.669596	6.607847	17
1895.156390	51.600254	7.815854	6.601999	18
1896.192600	55.637024	7.858949	7.079449	19
1897.203689	54.815407	7.853803	6.979474	20
1898.229234	55.009048	7.824585	7.030283	21
1899.227830	52.561424	7.848722	6.696813	22
1900.264774	54.661709	7.855133	6.958725	23
1901.275540	54.692913	7.862644	6.956046	24
1902.289940	51.233459	7.764878	6.598102	25
1903.311535	54.354321	7.844435	6.929029	26
1904.325824	51.801769	7.826427	6.618828	27
1905.336623	51.730267	7.837290	6.600530	28
1906.372973	54.964172	7.847614	7.003935	29
1907.383575	54.682259	7.862283	6.955010	30
1908.408239	54.814342	7.851390	6.981483	31
1909.408647	52.037052	7.845660	6.632592	32
1910.433759	51.652695	7.859195	6.572263	33
1911.444886	51.581806	7.852739	6.568639	34
1912.479762	54.299641	7.767311	6.990791	35
1913.491876	54.398293	7.826587	6.950449	36
1914.505482	51.955608	7.843447	6.624079	37
1915.516835	51.719379	7.857388	6.582261	38
1916.541518	51.882069	7.840803	6.616933	39
1917.563899	54.846684	7.833220	7.001806	40
1918.588731	54.629978	7.843235	6.965235	41
1919.588870	52.120865	7.851254	6.638540	42
1920.613733	51.474850	7.828081	6.575667	43
1921.624853	51.840004	7.849832	6.603964	44
1922.649773	51.654575	7.857121	6.574237	45
1923.660806	51.608208	7.819905	6.599596	46
1924.696749	54.685692	7.833785	6.980750	47
1925.707445	55.288570	7.850077	7.043061	48
1926.732786	55.056648	7.842354	7.020424	49
1927.743155	54.392937	7.828833	6.947771	50
1928.758074	51.608650	7.859249	6.566614	51
1929.779192	54.579327	7.853393	6.949777	52
1930.793988	51.347733	7.842346	6.547497	53
1931.804344	51.699726	7.813064	6.617088	54
1932.840969	54.832283	7.851359	6.983795	55
1933.839582	50.637035	7.592802	6.669084	56
1934.865805	51.582764	7.830742	6.587213	57
1935.876271	51.509499	7.846619	6.564548	58
1936.913164	54.513435	7.857120	6.938094	59
1937.922471	54.632278	7.816594	6.989269	60
1938.938454	51.275276	7.824399	6.553255	61
1939.948623	51.440067	7.824337	6.574368	62
1940.984958	54.899075	7.823096	7.017565	63
1941.994436	54.807178	7.816236	7.011966	64
1943.021310	54.475769	7.851280	6.938458	65
1944.019962	52.324863	7.859871	6.657217	66
1945.046234	51.769436	7.859103	6.587194	67
1946.055846	51.907909	7.829963	6.629395	68
1947.093271	54.544796	7.847531	6.950568	69
1948.091863	50.456825	7.604240	6.635354	70
1949.118154	51.876438	7.862566	6.597902	71
1950.128065	51.631775	7.816770	6.605257	72
1951.153860	51.969872	7.857941	6.613676	73
1952.175110	55.266342	7.856014	7.034909	74
1953.199056	53.723228	7.667972	7.006186	75
1954.210773	54.948730	7.829762	7.017932	76
1955.225558	51.746372	7.860109	6.583417	77
1956.236233	51.994480	7.846209	6.626701	78
1957.261731	51.335102	7.852113	6.537744	79
1958.283640	54.287430	7.844565	6.920387	80
1959.308454	55.015469	7.854663	7.004179	81
1960.319653	54.405159	7.830799	6.947587	82
1961.344546	54.833973	7.845997	6.988783	83
1962.344738	51.642361	7.860790	6.569615	84
1963.369201	52.194035	7.844323	6.653734	85
1964.380442	51.745979	7.827119	6.611115	86
1965.405391	51.897568	7.846368	6.614215	87
1966.427936	54.735943	7.855774	6.967607	88
1967.451638	53.666836	7.759665	6.916129	89
1968.452498	51.917049	7.819323	6.639585	90
1969.477680	51.558712	7.854343	6.564357	91
1970.488637	51.928474	7.860269	6.606451	92
1971.524212	55.357353	7.855499	7.046957	93
1972.535661	54.484356	7.846597	6.943693	94
1973.549366	51.836720	7.834131	6.616780	95
1974.560529	51.743835	7.847723	6.593484	96
1975.596313	54.696823	7.845500	6.971745	97
1976.607384	54.462452	7.845917	6.941503	98
1977.632590	54.869598	7.844265	6.994868	99
1978.632666	51.779068	7.856375	6.590707	100
1979.657622	51.583878	7.829696	6.588236	101
1980.668147	51.884010	7.814851	6.639155	102
1981.704460	55.294483	7.830280	7.061624	103
1982.715467	54.459255	7.835362	6.950445	104
1983.729860	51.390427	7.853519	6.543618	105
1984.740299	51.798557	7.863173	6.587488	106
1985.776869	55.034142	7.843226	7.016774	107
1986.787175	55.118618	7.856150	7.015984	108
1987.812923	55.105042	7.847886	7.021641	109
1988.811877	51.899990	7.867779	6.596524	110
1989.837975	51.887310	7.835556	6.622034	111
1990.859323	54.549320	7.866846	6.934078	112
1991.874176	51.480274	7.855517	6.553391	113
1992.883904	52.089249	7.829159	6.653237	114
1993.909941	51.228107	7.794062	6.572710	115
1994.930990	55.055660	7.859311	7.005152	116
1995.956571	54.158928	7.843999	6.904505	117
1996.955810	51.952084	7.831679	6.633582	118
1997.982315	51.741585	7.857676	6.584846	119
1998.991570	50.350670	7.581086	6.641617	120
2000.018250	51.552219	7.828160	6.585484	121
2001.027521	52.053318	7.853627	6.627934	122
2002.054264	51.891201	7.846538	6.613261	123
2003.074790	54.963650	7.854019	6.998156	124
2004.090302	51.558521	7.865858	6.554723	125
2005.099308	52.514790	7.854200	6.686204	126
2006.126435	51.269062	7.860037	6.522751	127
2007.135895	51.902332	7.845500	6.615555	128
2008.162448	50.066299	7.685619	6.514284	129
2009.171476	52.064442	7.815691	6.661528	130
2010.198033	51.401138	7.831505	6.563380	131
2011.207747	51.997887	7.863604	6.612476	132
2012.245155	54.533478	7.846655	6.949902	133
2013.244079	51.575832	7.817713	6.597305	134
2014.269861	51.992592	7.863338	6.612026	135
2015.290729	55.309189	7.851038	7.044826	136
2016.316025	54.088589	7.759546	6.970587	137
2017.327083	55.140846	7.845642	7.028214	138
2018.341955	51.468742	7.845749	6.560081	139
2019.352078	52.144989	7.861196	6.633214	140
2020.377879	51.554920	7.849409	6.568001	141
2021.388446	51.428154	7.748737	6.636973	142
2022.423667	54.035995	7.760943	6.962555	143
2023.424333	51.870377	7.838566	6.617330	144
2024.449597	51.461929	7.853122	6.553054	145
2025.460844	51.544830	7.825692	6.586617	146
2026.496307	54.913303	7.848873	6.996330	147
2027.508007	54.926727	7.858860	6.989147	148
2028.532221	55.462582	7.858353	7.057788	149
2029.532972	51.601112	7.823187	6.595920	150
2030.556902	51.999027	7.819607	6.649827	151
2031.579886	54.393650	7.849771	6.929330	152
2032.604183	54.315334	7.841979	6.926229	153
2033.605206	51.772465	7.821309	6.619412	154
2034.629379	51.379322	7.837037	6.555963	155
2035.641030	51.832851	7.857590	6.596533	156
2036.676124	55.149704	7.845746	7.029250	157
2037.677569	51.228306	7.844563	6.530422	158
2038.701078	51.975246	7.848954	6.621933	159
2039.713014	51.419605	7.816187	6.578605	160
2040.747128	54.640808	7.754554	7.046287	161
2041.759661	54.889896	7.859201	6.984157	162
2042.772880	52.175850	7.849031	6.647426	163
2043.784602	51.779705	7.819074	6.622230	164
2044.809330	51.041573	7.757725	6.579451	165
2045.831427	54.993084	7.833635	7.020123	166
2046.845040	51.711952	7.823510	6.609815	167
2047.868011	54.224838	7.842278	6.914425	168
2048.892332	54.925072	7.858143	6.989574	169
2049.892424	51.906086	7.855025	6.608011	170
2050.917005	51.887146	7.842587	6.616076	171
2051.939799	54.683285	7.829344	6.984402	172
2052.954125	51.209507	7.824486	6.544776	173
2053.964678	51.565208	7.847419	6.570977	174
2055.000238	54.764336	7.826561	6.997241	175
2056.011451	54.762592	7.854520	6.972112	176
2057.025622	51.800617	7.854389	6.595118	177
2058.036336	51.933460	7.850248	6.615519	178
2059.061627	51.015194	7.772634	6.563437	179
2060.083098	55.113567	7.820229	7.047565	180
2061.097891	51.329746	7.853105	6.536237	181
2062.108054	51.868042	7.856102	6.602262	182
2063.133619	51.480743	7.817574	6.585259	183
2064.154418	54.999279	7.860138	6.997241	184
2065.170046	51.580494	7.857524	6.564472	185
2066.179773	51.625031	7.817502	6.603776	186
2067.205692	51.860786	7.845440	6.610310	187
2068.226420	54.809151	7.830580	6.999373	188
2069.252701	54.512184	7.846893	6.946977	189
2070.251569	51.819828	7.841176	6.608681	190
2071.277899	51.526672	7.852216	6.562055	191
2072.297986	54.596634	7.823482	6.978560	192
2073.324511	54.671104	7.834563	6.978195	193
2074.323494	52.008862	7.848533	6.626572	194
2075.360730	54.543236	7.852116	6.946311	195
2076.359169	52.187420	7.814324	6.678431	196
2077.397239	54.705853	7.854543	6.964868	197
2078.406077	54.526310	7.882480	6.917405	198
2079.421728	51.566299	7.825810	6.589260	199
2080.431558	51.478260	7.816049	6.586226	200
2081.468840	54.656025	7.870765	6.944182	201
2082.478773	54.711384	7.842592	6.976187	202
2083.493157	51.340546	7.761973	6.614368	203
2084.503559	51.782234	7.818576	6.622975	204
2085.540243	54.430515	7.869185	6.916919	205
2086.549797	53.741920	7.749180	6.935175	206
2087.576224	54.712822	7.866676	6.955012	207
2088.576197	51.897648	7.849356	6.611708	208
2089.600726	51.652008	7.849792	6.580049	209
2090.623253	54.872570	7.825017	7.012454	210
2091.636652	51.372601	7.825661	6.564635	211
2092.648404	51.894382	7.851478	6.609506	212
2093.672583	51.712856	7.849285	6.588226	213
2094.694789	53.409924	7.753766	6.888257	214
2095.718283	54.306763	7.770086	6.989210	215
2096.731581	54.341732	7.858770	6.914789	216
2097.755192	54.856033	7.856680	6.982088	217
2098.757049	51.400272	7.851994	6.546144	218
2099.780360	51.923840	7.816527	6.642828	219
2100.803846	54.532455	7.853662	6.943570	220
2101.827240	54.696354	7.842833	6.974057	221
2102.839515	54.289043	7.832952	6.930853	222
2103.852304	51.708660	7.812624	6.618605	223
2104.864698	52.159828	7.863112	6.633484	224
2105.888136	52.037838	7.846619	6.631881	225
2106.912140	54.581528	7.825070	6.975213	226
2107.935326	54.527458	7.837078	6.957627	227
2108.936635	51.871262	7.854208	6.604265	228
2109.960367	51.901508	7.852795	6.609304	229
2110.972856	51.555378	7.855650	6.562841	230
2112.007544	55.310795	7.859886	7.037099	231
2113.019681	54.059132	7.856065	6.881198	232
2114.043770	55.128448	7.845031	7.027181	233
2115.055104	54.528690	7.815518	6.976977	234
2116.079922	54.821316	7.856772	6.977588	235
2117.080100	52.024395	7.860308	6.618620	236
2118.105111	51.381496	7.809663	6.579221	237
2119.126835	54.819809	7.868085	6.967363	238
2120.140843	50.898697	7.691245	6.617745	239
2121.162640	54.722786	7.861023	6.961280	240
2122.187953	55.053432	7.857970	7.006063	241
2123.187459	51.046276	7.703520	6.626358	242
2124.224463	55.079990	7.847513	7.018784	243
2125.234483	54.805798	7.835211	6.994809	244
2126.249665	51.508694	7.820742	6.586165	245
2127.259286	51.753040	7.827231	6.611922	246
2128.285163	52.086849	7.856131	6.630089	247
2129.306156	54.765400	7.819708	7.003510	248
2130.332797	54.612118	7.835265	6.970041	249
2131.342248	54.630959	7.859720	6.950751	250
2132.357776	51.389141	7.853415	6.543541	251
2133.366878	52.471565	7.867994	6.668989	252
2134.393888	51.315475	7.844648	6.541463	253
2135.403359	51.925518	7.825139	6.635732	254
2136.440495	54.651913	7.861563	6.951787	255
2137.449450	54.444252	7.764474	7.011970	0
2138.465442	51.213219	7.810416	6.557041	1
2139.475714	51.405334	7.810983	6.581161	2
2140.501071	51.829136	7.843360	6.608027	3
2141.522586	54.302620	7.836630	6.929334	4
2142.536873	51.335388	7.756947	6.617989	5
2143.548138	51.249039	7.823435	6.550708	6
2144.583592	54.718464	7.840189	6.979228	7
2145.583821	51.906940	7.855723	6.607532	8
2146.608683	51.822029	7.823332	6.624035	9
2147.619573	52.154068	7.851961	6.642171	10
2148.655559	54.744724	7.864933	6.960609	11
2149.667439	54.697456	7.828166	6.987263	12
2150.679900	52.013039	7.844666	6.630371	13
2151.692453	51.813114	7.854156	6.596905	14
2152.716437	51.594475	7.844565	6.577098	15
2153.728590	51.278732	7.819265	6.557999	16
2154.762616	54.737488	7.838402	6.983246	17
2155.775368	54.431156	7.848842	6.934928	18
2156.797788	54.439629	7.765298	7.010630	19
2157.800735	51.336823	7.841711	6.546636	20
2158.824074	51.904968	7.818319	6.638891	21
2159.836448	51.680180	7.855373	6.578959	22
2160.870779	55.581341	7.865821	7.066185	23
2161.883814	54.386772	7.831652	6.944483	24
2162.907316	54.612400	7.833935	6.971260	25
2163.908502	51.867615	7.849339	6.607896	26
2164.932566	51.376656	7.838520	6.554383	27
2165.944313	51.769543	7.852495	6.592752	28
2166.967901	51.324612	7.740092	6.631008	29
2167.991194	54.247913	7.857924	6.903594	30
2169.015691	54.457363	7.848211	6.938825	31
2170.015993	51.785004	7.856570	6.591300	32
2171.040024	52.192604	7.857178	6.642665	33
2172.062667	54.927120	7.855974	6.991765	34
2173.087644	54.746319	7.854041	6.970466	35
2174.087442	52.025600	7.844145	6.632412	36
2175.112395	51.735466	7.814807	6.620185	37
2176.123412	52.041176	7.844016	6.634507	38
2177.159800	54.933586	7.857445	6.991279	39
2178.170257	55.269905	7.864686	7.027606	40
2179.184614	51.494717	7.820202	6.584833	41
2180.195207	51.921673	7.820570	6.639117	42
2181.220594	51.665569	7.840609	6.589485	43
2182.242702	54.376247	7.847258	6.929332	44
2183.266570	54.167885	7.757648	6.982515	45
2184.267004	51.826527	7.824804	6.623364	46
2185.292995	51.636703	7.842478	6.584233	47
2186.303505	51.670383	7.853837	6.578999	48
2187.339283	55.023457	7.830159	7.027119	49
2188.349155	54.720169	7.756507	7.054745	50
2189.364648	51.779583	7.850999	6.595286	51
2190.375123	52.008141	7.853557	6.622241	52
2191.401485	51.057686	7.840462	6.512076	53
2192.411036	52.083218	7.831727	6.650286	54
2193.447804	55.086758	7.855630	7.012393	55
2194.457974	55.037792	7.846809	7.014035	56
2195.472845	51.608017	7.828542	6.592290	57
2196.482587	51.930901	7.820849	6.640059	58
2197.508635	51.885509	7.855318	6.605145	59
2198.519400	51.447758	7.851880	6.552286	60
2199.555452	54.769909	7.829878	6.994988	61
2200.566718	54.178391	7.812664	6.934689	62
2201.580669	51.414429	7.856458	6.544225	63
2202.591065	52.037319	7.851357	6.627813	64
2203.616092	51.673798	7.839596	6.591385	65
2204.638085	54.629406	7.842675	6.965660	66
2205.661904	54.255024	7.761198	6.990548	67
2206.674572	54.908432	7.858227	6.987382	68
2207.687991	51.455643	7.809974	6.588453	69
2208.699058	51.733524	7.819395	6.616053	70
2209.734807	54.587429	7.824823	6.976187	71
2210.746104	53.403408	7.779412	6.864710	72
2211.759287	52.376156	7.851164	6.671133	73
2212.771063	51.774982	7.814982	6.625093	74
2213.795909	51.667553	7.844757	6.586253	75
2214.808337	51.324116	7.837591	6.548456	76
2215.842202	54.653725	7.863065	6.950690	77
2216.842987	50.404282	7.590504	6.640440	78
2217.878172	54.983871	7.841433	7.011968	79
2218.880072	51.434608	7.824564	6.573480	80
2219.913830	54.552956	7.838480	6.959635	81
2220.927421	53.738140	7.848492	6.846939	82
2221.939166	50.908058	7.681210	6.627610	83
2222.951978	51.564827	7.862518	6.558310	84
2223.974778	52.614319	7.848142	6.704048	85
2224.987859	51.460278	7.824561	6.576763	86
2226.022270	54.929268	7.853002	6.994684	87
2227.034769	54.100132	7.845233	6.895924	88
2228.046874	52.256115	7.835859	6.668843	89
2229.059445	51.681675	7.824195	6.605366	90
2230.083104	52.094387	7.822648	6.659432	91
2231.095476	51.900482	7.845438	6.615372	92
2232.130460	55.102943	7.847040	7.022131	93
2233.142150	54.667980	7.829268	6.982515	94
2234.154688	50.970749	7.659368	6.654694	95
2235.166660	52.106117	7.845423	6.641594	96
2236.191660	51.538410	7.847939	6.567128	97
2237.203138	51.384323	7.820424	6.570529	98
2238.238430	54.382427	7.857395	6.921178	99
2239.247891	54.411091	7.745767	7.024623	100
2240.263629	51.385944	7.771266	6.612301	101
2241.274310	51.647400	7.839066	6.588465	102
2242.300293	51.657734	7.857130	6.574632	103
2243.309439	52.220745	7.854480	6.648530	104
2244.336162	51.443439	7.803164	6.592639	105
2245.356675	55.062904	7.842429	7.021155	106
2246.382054	54.079571	7.759064	6.969857	107
2247.381289	51.858040	7.808353	6.641355	108
2248.408023	51.336990	7.811918	6.571625	109
2249.417922	51.601318	7.817075	6.601104	110
2250.443915	51.781124	7.864953	6.583781	111
2251.464390	55.053486	7.845643	7.017078	112
2252.490680	54.496502	7.853577	6.939068	113
2253.489701	50.881413	7.666574	6.636786	114
2254.515942	51.527496	7.850106	6.563924	115
2255.526058	51.892178	7.857561	6.604108	116
2256.563197	54.506390	7.854246	6.939736	117
2257.573291	54.538578	7.840389	6.956107	118
2258.597877	54.440693	7.759795	7.015738	119
2259.608969	54.811562	7.825827	7.003933	120
2260.634545	54.954262	7.852609	6.998218	121
2261.645438	54.192482	7.843193	6.909493	122
2262.659059	51.754700	7.813434	6.623810	123
2263.670195	51.913834	7.859323	6.605383	124
2264.694900	51.936584	7.854708	6.612160	125
2265.706843	51.965023	7.841796	6.626674	126
2266.741525	54.859085	7.846310	6.991706	127
2267.743141	51.615650	7.825685	6.595672	128
2268.766416	51.762726	7.819560	6.619648	129
2269.779006	52.070900	7.858439	6.626113	130
2270.802248	52.336212	7.891571	6.631914	131
2271.826540	54.527653	7.858961	6.938278	132
2272.848006	53.905174	7.756594	6.949594	133
2273.862838	54.356815	7.830150	6.941989	134
2274.885207	55.062374	7.826005	7.035822	135
2275.887727	51.186958	7.835686	6.532544	136
2276.910323	52.336399	7.847403	6.669264	137
2277.923302	51.594501	7.852384	6.570553	138
2278.957075	55.604465	7.855159	7.078720	139
2279.970296	54.740494	7.852653	6.970956	140
2280.982158	52.302166	7.825896	6.683218	141
2281.995346	51.889782	7.863269	6.599009	142
2283.018341	51.769371	7.812270	6.626675	143
2284.031264	51.959339	7.856684	6.613393	144
2285.065580	54.912842	7.859950	6.986412	145
2286.078130	54.510239	7.842421	6.950690	146
2287.100930	54.340248	7.766087	6.997121	147
2288.113824	53.956566	7.822411	6.897691	148
2289.127075	51.381073	7.812984	6.576370	149
2290.138733	51.680786	7.856936	6.577728	150
2291.163385	51.858242	7.849337	6.606704	151
2292.173968	51.918095	7.835022	6.626413	152
2293.210506	55.235096	7.837607	7.047444	153
2294.220902	55.209743	7.837935	7.043915	154
2295.235913	51.530922	7.842468	6.570754	155
2296.245519	51.936619	7.848391	6.617487	156
2297.272067	51.471214	7.858112	6.550075	157
2298.292276	54.775059	7.862213	6.966876	158
2299.319512	54.014065	7.872069	6.861483	159
2300.317092	51.771511	7.809852	6.629001	160
2301.344628	50.411385	7.743791	6.509911	161
2302.364072	55.358929	7.847388	7.054440	162
2303.391057	54.913704	7.849887	6.995477	163
2304.388978	51.847393	7.809455	6.639054	164
2305.416885	50.526424	7.815331	6.465039	165
2306.436038	55.112267	7.854291	7.016835	166
2307.463366	54.168373	7.843984	6.905722	167
2308.460911	52.395344	7.837781	6.684971	168
2309.487673	51.726742	7.853508	6.586451	169
2310.496784	52.265972	7.867384	6.643373	170
2311.535166	54.957832	7.844187	7.006186	171
2312.543987	54.014568	7.743247	6.975701	172
2313.570700	55.138157	7.852331	7.021884	173
2314.570268	51.601501	7.855413	6.568910	174
2315.595479	51.913662	7.861112	6.603858	175
2316.606718	51.578323	7.837532	6.580939	176
2317.642120	54.727638	7.858220	6.964381	177
2318.642313	50.896202	7.688107	6.620122	178
2319.678115	54.476578	7.843961	6.945034	179
2320.678951	51.653656	7.850588	6.579591	180
2321.702404	52.230591	7.845736	6.657195	181
2322.715484	51.587612	7.836327	6.583137	182
2323.749267	54.621792	7.834945	6.971561	183
2324.762743	54.530701	7.843305	6.952516	184
2325.774090	51.885593	7.835479	6.621879	185
2326.787575	51.495808	7.842059	6.566618	186
2327.810414	51.785843	7.831138	6.612813	187
2328.823816	51.334724	7.837002	6.550302	188
2329.856697	55.249832	7.848101	7.039899	189
2330.870694	53.917778	7.820304	6.894588	190
2331.881955	52.116642	7.815044	6.668758	191
2332.896043	51.436340	7.832688	6.566882	192
2333.928608	55.004986	7.828886	7.025902	193
2334.942657	54.183826	7.833590	6.916858	194
2335.965050	55.279625	7.859331	7.033631	195
2336.968373	51.111332	7.804507	6.548951	196
2337.989671	52.330013	7.851443	6.665019	197
2339.014763	54.271217	7.847538	6.915700	198
2340.026454	51.615860	7.819095	6.601258	199
2341.039288	50.597748	7.695094	6.575326	200
2342.062628	51.960777	7.840104	6.627563	201
2343.075254	51.448181	7.831742	6.569188	202
2344.099135	51.774410	7.831382	6.611146	203
2345.111367	51.432045	7.866219	6.538344	204
2346.145689	55.107357	7.843797	7.025598	205
2347.157632	54.067837	7.832600	6.902924	206
2348.171262	51.513779	7.822865	6.585027	207
2349.182742	51.939816	7.855882	6.611584	208
2350.207733	51.270081	7.822047	6.554561	209
2351.218097	51.909889	7.807988	6.648306	210
2352.243979	51.397057	7.846932	6.549956	211
2353.264769	55.146927	7.841684	7.032536	212
2354.290801	54.330116	7.846526	6.924098	213
2355.299384	54.545097	7.772853	7.017385	214
2356.326766	55.530067	7.839458	7.083407	215
2357.324934	52.103333	7.849316	6.637946	216
2358.352654	51.474583	7.847358	6.559480	217
2359.372378	55.261410	7.862592	7.028396	218
2360.399485	54.947132	7.849273	7.000283	219
2361.397097	51.808422	7.832029	6.614943	220
2362.435243	54.319866	7.858166	6.912538	221
2363.443075	55.138210	7.835227	7.037220	222
2364.460980	51.000027	7.854185	6.493357	223
2365.468875	52.157475	7.823316	6.666927	224
2366.496505	51.150475	7.819706	6.541228	225
2367.515719	55.280960	7.838026	7.052918	226
2368.543424	54.461033	7.866192	6.923430	227
2369.552611	54.407429	7.861146	6.921055	228
2370.579083	54.862743	7.848062	6.990611	229
2371.588184	54.475639	7.823268	6.963284	230
2372.603704	51.863373	7.851729	6.605345	231
2373.613826	51.684868	7.848350	6.585444	232
2374.639414	52.138161	7.847369	6.644031	233
2375.650519	51.514030	7.858273	6.555389	234
2376.675682	51.691593	7.833447	6.598831	235
2377.697699	54.851242	7.869845	6.969800	236
2378.710718	50.519901	7.577021	6.667516	237
2379.733414	54.990547	7.859641	6.996573	238
2380.746642	51.904335	7.844989	6.616241	239
2381.770324	54.730755	7.856536	6.966270	240
2382.782364	51.974369	7.854006	6.617562	241
2383.794915	51.979042	7.851990	6.619857	242
2384.828874	54.900429	7.861940	6.983064	243
2385.843320	53.968098	7.831612	6.891058	244
2386.854003	52.063271	7.826063	6.652550	245
2387.867961	51.240273	7.841362	6.534614	246
2388.889691	52.483204	7.859942	6.677302	247
2389.903974	51.344120	7.849336	6.541205	248
2390.936204	54.857651	7.846515	6.991340	249
2391.950614	53.030788	7.751588	6.841280	250
2392.961432	52.591782	7.849659	6.699881	251
2393.976058	51.941742	7.853061	6.614203	252
2394.997399	52.370354	7.830491	6.688004	253
2396.022695	54.064980	7.841587	6.894648	254
2397.033475	52.298306	7.856684	6.656537	255
2398.048373	51.608784	7.855806	6.569509	0
2399.069929	51.966503	7.827071	6.639329	1
2400.083732	51.442772	7.818368	6.579733	2
2401.116600	55.143330	7.840023	7.033568	3
2402.130849	54.272907	7.852133	6.911868	4
2403.142278	52.062286	7.838538	6.641837	5
2404.155408	51.228413	7.826868	6.545200	6
2405.178222	52.158607	7.844505	6.649064	7
2406.190946	51.245430	7.757861	6.605613	8
2407.214343	50.655983	7.592911	6.671484	9
2408.237426	55.094509	7.842919	7.024746	10
2409.251017	51.509270	7.830194	6.578288	11
2410.262105	52.163170	7.867504	6.630206	12
2411.286949	51.651325	7.840873	6.587446	13
2412.297590	52.058170	7.846934	6.634206	14
2413.334403	54.125973	7.846835	6.897810	15
2414.344596	54.914848	7.822559	7.020062	16
2415.370596	54.914959	7.843110	7.001682	17
2416.369366	51.879951	7.863337	6.597702	18
2417.395809	51.678974	7.863167	6.572285	19
2418.404965	51.884563	7.839323	6.618501	20
2419.432354	51.258682	7.839506	6.538509	21
2420.440809	51.590584	7.780057	6.631132	22
2421.478659	53.485157	7.761603	6.890994	23
2422.487881	55.055225	7.858771	7.005577	24
2423.504887	51.099831	7.840463	6.517451	25
2424.512795	52.204533	7.845994	6.653654	26
2425.540345	50.866005	7.788023	6.531312	27
2426.560478	54.572662	7.841791	6.959209	28
2427.586957	54.327030	7.818935	6.948137	29
2428.585871	51.775017	7.827817	6.614234	30
2429.612317	51.153893	7.842505	6.522648	31
2430.632390	54.853008	7.863855	6.975334	32
2431.658372	54.359268	7.803825	6.965721	33
2432.668824	54.908619	7.817266	7.024018	34
2433.694316	55.049549	7.846441	7.015863	35
2434.694653	51.318012	7.850526	6.536888	36
2435.719511	51.700333	7.846756	6.588753	37
2436.741434	54.442051	7.852685	6.932922	38
2437.765979	54.780636	7.847112	6.980993	39
2438.777729	54.645111	7.851445	6.959879	40
2439.790472	51.546062	7.749061	6.651911	41
2440.803121	51.812408	7.866052	6.586838	42
2441.826440	52.220058	7.842649	6.658472	43
2442.839545	51.682690	7.832483	6.598507	44
2443.872565	55.726551	7.861117	7.088885	45
2444.886925	54.264057	7.859225	6.904505	46
2445.898097	51.791077	7.818207	6.624418	47
2446.912193	51.474701	7.845417	6.561117	48
2447.933757	52.157127	7.838942	6.653594	49
2448.948317	51.373875	7.824548	6.565732	50
2449.980509	55.683018	7.859430	7.084867	51
2450.984760	51.091526	7.851670	6.507090	52
2452.005349	52.251011	7.853514	6.653202	53
2453.020650	51.041874	7.823073	6.524529	54
2454.041204	52.298180	7.829493	6.679639	55
2455.056117	51.725986	7.850763	6.588657	56
2456.088232	55.464497	7.860862	7.055778	57
2457.092482	49.801483	7.585626	6.565244	58
2458.122334	53.995255	7.669296	7.040445	59
2459.129052	51.415821	7.843468	6.555241	60
2460.149593	52.195419	7.827955	6.667824	61
2461.164617	51.314606	7.837819	6.547052	62
2462.196842	54.819534	7.839358	6.992860	63
2463.211430	54.402973	7.862367	6.919415	64
2464.233101	54.475422	7.819682	6.966450	65
2465.236063	51.126522	7.816096	6.541184	66
2466.258530	52.043591	7.851089	6.628838	67
2467.272007	51.381416	7.840650	6.553209	68
2468.305025	55.410110	7.827902	7.078539	69
2469.318753	54.554424	7.827534	6.969555	70
2470.330477	52.209507	7.856202	6.645643	71
2471.343271	51.968357	7.866594	6.606209	72
2472.377941	55.062798	7.859374	7.006004	73
2473.389976	54.540470	7.856675	6.941928	74
2474.414228	54.307980	7.845465	6.922214	75
2475.425438	54.501072	7.839043	6.952516	76
2476.439013	51.974609	7.850138	6.620853	77
2477.450994	50.962391	7.826824	6.511249	78
2478.475629	51.745449	7.849250	6.592407	79
2479.497397	54.286057	7.851825	6.913815	80
2480.511954	51.436783	7.810108	6.585925	81
2481.522545	51.587719	7.813171	6.602661	82
2482.558601	54.783916	7.844913	6.983368	83
2483.569022	55.167427	7.845078	7.032107	84
2484.583747	51.381416	7.821838	6.568970	85
2485.594111	51.752422	7.817121	6.620395	86
2486.619606	51.576950	7.853729	6.567193	87
2487.630470	51.518818	7.841224	6.570253	88
2488.666525	55.050697	7.850280	7.012578	89
2489.677773	54.295246	7.864780	6.903594	90
2490.690922	51.188427	7.684116	6.661590	91
2491.713424	54.763657	7.838667	6.986349	92
2492.727671	51.325390	7.840380	6.546289	93
2493.738462	51.783405	7.851946	6.594978	94
2494.762928	51.848145	7.822130	6.628392	95
2495.774440	51.807270	7.822326	6.623001	96
2496.798718	50.545452	7.655274	6.602696	97
2497.811233	51.508430	7.864720	6.549303	98
2498.834709	52.034931	7.853608	6.625609	99
2499.847474	51.328323	7.852781	6.536325	100
2500.881524	54.875740	7.841663	6.997972	101
2501.894580	54.433952	7.862352	6.923368	102
2502.906673	52.235424	7.851613	6.652827	103
2503.918996	51.836525	7.823915	6.625395	104
2504.942630	51.937637	7.837761	6.626591	105
2505.955721	51.752518	7.854200	6.589152	106
2506.989207	55.375858	7.838427	7.064665	107
2507.991684	51.306892	7.837902	6.545999	108
2509.014801	51.495136	7.831026	6.575784	109
2510.038425	54.499275	7.851291	6.941442	110
2511.060848	55.541962	7.834879	7.089065	111
2512.063868	51.090450	7.828697	6.526048	112
2513.086717	51.984505	7.853417	6.619349	113
2514.099719	51.589577	7.870171	6.555077	114
2515.133330	54.838448	7.854640	6.981663	115
2516.135812	51.495728	7.852245	6.558090	116
2517.158304	52.317162	7.832861	6.679190	117
2518.171718	51.510349	7.818738	6.588065	118
2519.194899	51.551907	7.811815	6.599223	119
2520.218246	54.395908	7.841349	6.937060	120
2521.241256	54.779293	7.845550	6.982213	121
2522.254203	54.625179	7.836114	6.970953	122
2523.266621	51.634846	7.821064	6.602023	123
2524.279322	51.648251	7.876253	6.557465	124
2525.302991	51.674095	7.846832	6.585346	125
2526.325660	54.059875	7.825516	6.908155	126
2527.338624	52.249504	7.854709	6.651998	127
2528.350677	51.707092	7.854172	6.583392	128
2529.375173	52.085781	7.868981	6.619127	129
2530.387296	51.163155	7.828322	6.535648	130
2531.422351	55.168427	7.845081	7.032232	131
2532.422862	51.567921	7.812674	6.600547	132
2533.446919	52.220963	7.846776	6.655086	133
2534.469530	54.906441	7.853629	6.991220	134
2535.494087	54.867470	7.865445	6.975762	135
2536.505419	54.974167	7.843658	7.008741	136
2537.519125	51.599194	7.819945	6.598409	137
2538.530790	51.529060	7.849756	6.564415	138
2539.555327	51.363041	7.777921	6.603699	139
2540.577423	54.678902	7.857949	6.958419	140
2541.591053	51.958889	7.830319	6.635603	141
2542.602422	51.768833	7.832736	6.609292	142
2543.627632	51.820576	7.851167	6.600366	143
2544.638830	51.635677	7.829531	6.594991	144
2545.662602	51.705063	7.754026	6.668157	145
2546.686384	54.439041	7.861359	6.924889	146
2547.699382	51.700825	7.854010	6.582730	147
2548.711903	51.193195	7.817968	6.548146	148
2549.735060	51.498268	7.818983	6.586313	149
2550.758333	54.205902	7.857309	6.898787	150
2551.770456	52.330711	7.831408	6.682159	151
2552.794813	53.921925	7.856477	6.863372	152
2553.818049	54.756329	7.856022	6.969982	153
2554.819298	51.697979	7.830653	6.602001	154
2555.842309	52.255974	7.847656	6.658801	155
2556.866525	54.064980	7.865053	6.874078	156
2557.889446	55.127308	7.841404	7.030285	157
2558.892558	51.219917	7.840030	6.533128	158
2559.914201	52.222057	7.854059	6.649054	159
2560.939144	53.973904	7.811900	6.909190	160
2561.961635	54.445656	7.836902	6.947344	161
2562.964056	51.591404	7.846476	6.575105	162
2563.986135	52.603123	7.856633	6.695378	163
2565.011107	54.383812	7.867625	6.912354	164
2566.021822	52.567394	7.843281	6.702220	165
2567.036567	51.283756	7.817064	6.560488	166
2568.067425	53.803810	7.667286	7.017322	167
2569.082719	54.547245	7.827392	6.968764	168
2570.094495	51.967335	7.839813	6.628645	169
2571.108425	51.034157	7.848115	6.502728	170
2572.141695	55.046097	7.846357	7.015497	171
2573.143891	51.624348	7.864195	6.564480	172
2574.166325	51.951603	7.758102	6.696432	173
2575.179727	51.668915	7.839208	6.591089	174
2576.214160	54.720657	7.848096	6.972476	175
2577.215533	51.631256	7.834857	6.589943	176
2578.238490	52.084564	7.831028	6.651051	177
2579.262071	54.611511	7.850393	6.956532	178
2580.286124	55.107925	7.842927	7.026449	179
2581.286703	51.802147	7.851632	6.597629	180
2582.311095	51.929077	7.819816	6.640704	181
2583.322455	51.570038	7.814219	6.599513	182
2584.358617	54.662006	7.858476	6.955802	183
2585.369417	54.322315	7.856034	6.914726	184
2586.383680	51.472214	7.818643	6.583267	185
2587.394377	51.889057	7.843741	6.615345	186
2588.430460	54.674835	7.816150	6.995111	187
2589.430117	51.709908	7.812619	6.618768	188
2590.456031	51.648415	7.857146	6.573432	189
2591.477128	55.166542	7.853991	7.024015	190
2592.503194	54.230408	7.828548	6.927263	191
2593.512871	54.708481	7.852517	6.967000	192
2594.538823	54.317398	7.850553	6.918927	193
2595.537855	52.238327	7.856536	6.649028	194
2596.563657	50.747761	7.688216	6.600720	195
2597.584813	55.293800	7.852243	7.041785	196
2598.600440	51.183659	7.839067	6.529305	197
2599.610317	51.558136	7.856527	6.562459	198
2600.646737	55.267708	7.857230	7.033995	199
2601.657471	54.078449	7.857619	6.882295	200
2602.682786	54.891014	7.827852	7.012270	201
2603.682602	51.692131	7.854419	6.581280	202
2604.718445	55.077000	7.867208	7.000832	203
2605.729458	54.607803	7.838271	6.966818	204
2606.743342	50.802170	7.698037	6.599368	205
2607.754907	51.480251	7.821119	6.582211	206
2608.779285	51.928368	7.845805	6.618616	207
2609.791127	51.524544	7.859813	6.555441	208
2610.825359	55.666752	7.861391	7.081032	209
2611.838376	53.962189	7.816677	6.903470	210
2612.850867	52.212143	7.837472	6.661860	211
2613.863470	51.538395	7.834770	6.578163	212
2614.897806	54.589573	7.829569	6.972233	213
2615.910760	54.090633	7.829897	6.908218	214
2616.933145	55.417011	7.857317	7.052918	215
2617.935412	51.594784	7.853883	6.569335	216
2618.969218	54.845875	7.850367	6.986410	217
2619.983035	53.756561	7.864250	6.835561	218
2620.993961	52.382725	7.841874	6.679874	219
2622.008569	51.501148	7.852971	6.558174	220
2623.040696	54.950325	7.841479	7.007648	221
2624.055237	54.175114	7.833572	6.915761	222
2625.066421	51.739513	7.824272	6.612694	223
2626.080505	50.967072	7.828217	6.510687	224
2627.112853	54.747772	7.846026	6.977772	225
2628.116119	51.350044	7.821676	6.565095	226
2629.149274	55.460007	7.866668	7.050000	227
2630.163365	54.038834	7.836414	6.895863	228
2631.174197	52.592003	7.857256	6.693432	229
2632.198977	54.533470	7.845008	6.951360	230
2633.210498	50.932056	7.671926	6.638758	231
2634.235002	53.976471	7.860593	6.866718	232
2635.246901	52.020031	7.857866	6.620122	233
2636.259629	51.284401	7.808685	6.567611	234
2637.292900	54.991749	7.861524	6.995050	235
2638.295590	51.454365	7.829390	6.571951	236
2639.319294	52.096191	7.834255	6.649796	237
2640.342414	54.485378	7.830000	6.958541	238
2641.354880	51.878674	7.830114	6.625533	239
2642.366949	52.063709	7.869421	6.615952	240
2643.402654	54.658001	7.868848	6.946126	241
2644.414326	54.362732	7.832102	6.941015	242
2645.427846	51.507816	7.820576	6.586192	243
2646.438715	51.628078	7.855605	6.572133	244
2647.464100	51.773197	7.861214	6.585904	245
2648.486023	54.562080	7.863441	6.938703	246
2649.511313	54.372501	7.827472	6.946369	247
2650.510487	51.989113	7.820725	6.647608	248
2651.547035	54.564953	7.872694	6.930912	249
2652.557217	55.177723	7.819071	7.056814	250
2653.583515	54.582439	7.849374	6.953732	251
2654.582544	51.619259	7.843482	6.581167	252
2655.607944	51.915623	7.823783	6.635617	253
2656.628892	54.976238	7.832051	7.019392	254
2657.644575	51.557682	7.858815	6.560491	255
2658.654836	51.775757	7.860938	6.586462	0
2659.680433	51.263130	7.836718	6.541404	1
2660.690596	50.948860	7.693080	6.622687	2
2661.726546	55.069874	7.836764	7.027119	3
2662.726910	51.504406	7.833271	6.575083	4
2663.762775	54.938148	7.849967	6.998520	5
2664.774534	54.623100	7.852468	6.956170	6
2665.787874	51.990620	7.848483	6.624290	7
2666.799857	51.331669	7.815486	6.567944	8
2667.824121	51.482677	7.824427	6.579738	9
2668.847004	54.209301	7.857806	6.898784	10
2669.870265	54.899937	7.837421	7.004848	11
2670.872346	50.810993	7.800561	6.513762	12
2671.895717	51.643547	7.821648	6.602643	13
2672.908359	51.346779	7.863372	6.529868	14
2673.941960	54.770927	7.846062	6.980690	15
2674.955721	53.627682	7.838696	6.841403	16
2675.966996	52.114578	7.858416	6.631691	17
2676.980937	50.941032	7.822845	6.511830	18
2678.002745	52.072830	7.827470	6.652575	19
2679.027045	54.137009	7.807931	6.933592	20
2680.049378	54.194736	7.771379	6.973632	21
2681.064054	54.259872	7.840171	6.920751	22
2682.074934	52.374557	7.852745	6.669587	23
2683.088581	51.561989	7.849164	6.569106	24
2684.110598	52.470322	7.858155	6.677181	25
2685.135507	54.354568	7.858136	6.916980	26
2686.158248	55.342697	7.842043	7.057179	27
2687.160412	51.332485	7.814442	6.568926	28
2688.183006	52.059380	7.850387	6.631442	29
2689.206810	54.748959	7.843940	6.979778	30
2690.230445	55.037708	7.840537	7.019635	31
2691.242908	54.580292	7.864066	6.940467	32
2692.254908	52.487282	7.846093	6.689608	33
2693.267675	51.765728	7.830401	6.610866	34
2694.301159	54.716373	7.775414	7.037101	35
2695.314744	54.449253	7.835500	6.949046	36
2696.328173	51.525768	7.859874	6.555547	37
2697.339380	51.618736	7.846731	6.578374	38
2698.374766	55.514809	7.859993	7.062960	39
2699.375505	51.295612	7.822624	6.557342	40
2700.411450	54.711166	7.847489	6.971806	41
2701.411081	51.966908	7.845484	6.623799	42
2702.447007	55.139359	7.868797	7.007344	43
2703.457706	54.987823	7.860483	6.995477	44
2704.471942	51.600540	7.816555	6.601443	45
2705.483424	51.335911	7.854227	6.536088	46
2706.508477	50.134304	7.612983	6.585370	47
2707.529889	54.851971	7.868029	6.971501	48
2708.544666	51.477909	7.826598	6.577303	49
2709.554599	52.038887	7.833203	6.643373	50
2710.580662	51.563225	7.849158	6.569269	51
2711.591129	52.014317	7.864324	6.613959	52
2712.627571	55.034359	7.840062	7.019634	53
2713.637531	55.031895	7.857349	7.003875	54
2714.652331	52.042664	7.862364	6.619214	55
2715.663709	51.011379	7.830118	6.514766	56
2716.689132	51.240166	7.821722	6.551009	57
2717.710709	53.957199	7.829065	6.891909	58
2718.724573	51.613968	7.834383	6.588135	59
2719.746135	54.538708	7.836021	6.960000	60
2720.760486	51.248146	7.774204	6.592076	61
2721.783109	54.485031	7.833719	6.955194	62
2722.796551	51.570927	7.829593	6.586668	63
2723.808762	50.958626	7.851214	6.490541	64
2724.832101	52.119270	7.845136	6.643514	65
2725.855393	54.410351	7.850525	6.930792	66
2726.878918	54.793167	7.852466	6.977829	67
2727.891836	54.409660	7.850288	6.930912	68
2728.903698	51.916130	7.857247	6.607420	69
2729.917331	51.247833	7.856278	6.523170	70
2730.939139	52.331474	7.858727	6.659028	71
2731.964813	54.185028	7.844531	6.907364	72
2732.986244	54.737545	7.837728	6.983855	73
2733.989961	51.234863	7.830911	6.542645	74
2735.010606	52.667774	7.851150	6.708288	75
2736.025933	51.532501	7.837110	6.575448	76
2737.057650	55.799084	7.862980	7.096430	77
2738.073531	53.545982	7.834768	6.834405	78
2739.082618	52.327579	7.859757	6.657659	79
2740.097928	51.237537	7.851232	6.526051	80
2741.118704	52.463940	7.862794	6.672430	81
2742.144515	53.579689	7.765852	6.899396	82
2743.154518	52.529732	7.830083	6.708707	83
2744.170149	51.630520	7.849351	6.577680	84
2745.190243	52.688896	7.845709	6.715632	85
2746.217050	53.743637	7.832029	6.862032	86
2747.237600	54.987061	7.822133	7.029676	87
2748.241768	51.276630	7.835039	6.544528	88
2749.262150	52.936386	7.863791	6.731662	89
2750.277252	51.707012	7.858397	6.579843	90
2751.309774	55.179405	7.819445	7.056691	91
2752.324220	54.088036	7.842720	6.896592	92
2753.346598	55.316284	7.859035	7.038559	93
2754.359900	54.628693	7.823029	6.983062	94
2755.371915	51.756599	7.856398	6.587828	95
2756.384615	51.823757	7.853437	6.598863	96
2757.408078	51.900494	7.823698	6.633755	97
2758.431588	54.149990	7.851493	6.896776	98
2759.444805	52.053070	7.849324	6.631536	99
2760.456320	51.738129	7.865181	6.578123	100
2761.481068	50.417969	7.683800	6.561594	101
2762.491709	50.944386	7.680495	6.632956	102
2763.517276	51.569469	7.856903	6.563588	103
2764.527739	51.907097	7.847415	6.614548	104
2765.562188	53.989059	7.687286	7.023163	105
2766.563290	51.844837	7.849018	6.605264	106
2767.589703	51.338589	7.822877	6.562623	107
2768.599732	51.350662	7.832922	6.555748	108
2769.637061	54.863178	7.859618	6.980388	109
2770.646496	54.563423	7.835326	6.963773	110
2771.661424	51.281071	7.817358	6.559898	111
2772.671872	51.773201	7.849797	6.595483	112
2773.707928	55.104671	7.839611	7.029006	113
2774.718550	55.048111	7.830074	7.030344	114
2775.733624	51.581791	7.841758	6.577836	115
2776.744066	51.771500	7.848300	6.596524	116
2777.780122	54.771839	7.827224	6.997607	117
2778.791274	54.333511	7.836410	6.933470	118
2779.804729	51.787567	7.835298	6.609521	119
2780.827838	54.171635	7.851930	6.899149	120
2781.849747	53.528591	7.670302	6.978681	121
2782.853097	51.581734	7.854741	6.566956	122
2783.876167	51.742111	7.858723	6.584036	123
2784.889500	50.041084	7.665268	6.528289	124
2785.911400	50.686600	7.603480	6.666237	125
2786.925906	51.202606	7.857296	6.516569	126
2787.947408	52.033802	7.821857	6.652359	127
2788.973475	53.824093	7.874341	6.835378	128
2789.993864	55.172112	7.828534	7.047567	129
2790.998912	51.380489	7.851015	6.544440	130
2792.029605	55.164337	7.874002	7.005883	131
2793.046194	53.471573	7.844136	6.816758	132
2794.064606	54.907207	7.775506	7.061560	133
2795.071621	50.861607	7.863210	6.468300	134
2796.090303	52.752747	7.842176	6.726799	135
2797.107717	51.118668	7.853091	6.509369	136
2798.137211	55.279915	7.858760	7.034178	137
2799.143187	50.467789	7.690735	6.562154	138
2800.172262	54.481239	7.747497	7.032109	139
2801.179744	50.943413	7.843446	6.495030	140
2802.198453	52.402187	7.852892	6.672980	141
2803.226294	53.488632	7.845028	6.818157	142
2804.245911	55.027748	7.824808	7.032473	143
2805.251041	51.102104	7.853358	6.507039	144
2806.271239	52.365108	7.844093	6.675738	145
2807.296758	53.351627	7.742359	6.890875	146
2808.317710	54.605125	7.743138	7.052067	147
2809.322127	51.564495	7.855065	6.564490	148
2810.343711	52.064938	7.840279	6.640700	149
2811.369037	54.206276	7.854942	6.900914	150
2812.391292	55.034832	7.837680	7.021827	151
2813.393332	51.450539	7.842911	6.560133	152
2814.416400	52.157700	7.857897	6.637616	153
2815.429141	51.308727	7.847821	6.537959	154
2816.464019	55.007717	7.841501	7.014948	155
2817.475469	54.559040	7.850199	6.950020	156
2818.489753	51.393047	7.854427	6.543195	157
2819.500256	51.667477	7.841724	6.588790	158
2820.525200	51.462643	7.822218	6.579035	159
2821.546022	53.932602	7.755852	6.953795	160
2822.562016	50.933464	7.856177	6.483238	161
2823.572278	51.308567	7.847462	6.538238	162
2824.598437	51.121319	7.831323	6.527802	163
2825.618384	54.376884	7.874108	6.905783	164
2826.633964	51.712566	7.856982	6.581735	165
2827.643961	51.613514	7.840216	6.583176	166
2828.670854	51.245964	7.853010	6.525646	167
2829.690519	54.646275	7.864540	6.948440	168
2830.715704	54.197796	7.745258	6.997546	169
2831.726485	54.641464	7.838036	6.971322	170
2832.742615	50.936680	7.820102	6.513557	171
2833.752200	51.595585	7.823687	6.594792	172
2834.789013	54.538151	7.843828	6.953002	173
2835.798917	54.650391	7.824223	6.984769	174
2836.814097	51.683624	7.848287	6.585339	175
2837.824521	51.452438	7.860793	6.545451	176
2838.860681	54.776222	7.860182	6.968824	177
2839.860754	51.754333	7.860205	6.584349	178
2840.885507	51.583027	7.825084	6.592010	179
2841.897624	51.429779	7.849194	6.552237	180
2842.921186	50.558231	7.681181	6.582091	181
2843.933391	51.853680	7.853130	6.602932	182
2844.957035	51.539307	7.848883	6.566451	183
2845.981062	53.504990	7.833931	6.829904	184
2847.002978	55.126968	7.858567	7.014889	185
2848.006557	51.010639	7.854093	6.494785	186
2849.027762	52.174744	7.818902	6.672899	187
2850.042463	50.212864	7.673301	6.543841	188
2851.074709	55.040096	7.818104	7.040083	189
2852.079292	51.078072	7.850836	6.506068	190
2853.110444	55.070099	7.826359	7.036490	191
2854.126427	53.889275	7.848034	6.866596	192
2855.135768	51.882580	7.845107	6.613369	193
2856.162566	53.478859	7.852562	6.810371	194
2857.171345	51.878342	7.820512	6.633625	195
2858.188260	50.427540	7.822320	6.446622	196
2859.206909	51.278172	7.683928	6.673432	197
2860.234814	53.345325	7.859785	6.787123	198
2861.243181	52.119328	7.818362	6.666272	199
2862.259454	51.295830	7.838439	6.544139	200
2863.289704	55.792877	7.849115	7.108174	201
2864.306626	53.836216	7.865609	6.844508	202
2865.326772	55.026711	7.837070	7.021337	203
2866.331997	51.045860	7.841452	6.509747	204
2867.350976	52.549221	7.872578	6.674971	205
2868.378695	53.819168	7.851045	6.855033	206
2869.398958	54.760052	7.845188	6.980082	207
2870.414725	53.564552	7.838116	6.833856	208
