crossing time (s)	slope (V/s)	crossing number
281474976710655.000000	6.868331	987	1057358336.000000
281474976710655.000000	7.656531	988	1058368384.000000
281474976710655.000000	6.897466	989	1059394304.000000
281474976710655.000000	7.531257	990	1060404352.000000
281474976710655.000000	7.467336	991	1061430400.000000
281474976710655.000000	7.604977	992	1062440256.000000
281474976710655.000000	7.509739	993	1063466496.000000
281474976710655.000000	7.536096	994	1064475776.000000
281474976710655.000000	7.387916	995	1065502656.000000
281474976710655.000000	7.334797	996	1066511616.000000
281474976710655.000000	7.487412	997	1067538752.000000
281474976710655.000000	7.563508	998	1068547008.000000
281474976710655.000000	7.534520	999	1069574848.000000
281474976710655.000000	7.401005	1000	1070582976.000000
281474976710655.000000	7.317099	1001	1071611328.000000
281474976710655.000000	7.753338	1002	1072618496.000000
281474976710655.000000	7.204638	1003	1073647040.000000
281474976710655.000000	7.824142	1004	1074654336.000000
281474976710655.000000	7.389128	1005	1075683456.000000
281474976710655.000000	7.347661	1006	1076690304.000000
281474976710655.000000	7.473699	1007	1077719552.000000
281474976710655.000000	7.608719	1008	1078725888.000000
281474976710655.000000	7.607431	1009	1079755520.000000
281474976710655.000000	7.492874	1010	1080762368.000000
281474976710655.000000	7.772382	1011	1081791104.000000
281474976710655.000000	7.443460	1012	1082798080.000000
281474976710655.000000	7.344702	1013	1083827072.000000
281474976710655.000000	7.513931	1014	1084834048.000000
281474976710655.000000	7.353136	1015	1085863040.000000
281474976710655.000000	7.551761	1016	1086870144.000000
281474976710655.000000	7.375111	1017	1087898496.000000
281474976710655.000000	7.674235	1018	1088906368.000000
281474976710655.000000	7.325321	1019	1089934720.000000
281474976710655.000000	7.518740	1020	1090942720.000000
281474976710655.000000	7.458988	1021	1091970304.000000
281474976710655.000000	7.759686	1022	1092978432.000000
281474976710655.000000	7.515905	1023	1094005888.000000
281474976710655.000000	7.323015	1024	1095014912.000000
281474976710655.000000	7.353181	1025	1096041856.000000
281474976710655.000000	7.532425	1026	1097051136.000000
281474976710655.000000	7.750569	1027	1098077184.000000
281474976710655.000000	7.431108	1028	1099087488.000000
281474976710655.000000	7.428718	1029	1100113152.000000
281474976710655.000000	7.476960	1030	1101123712.000000
281474976710655.000000	7.626684	1031	1102148864.000000
281474976710655.000000	7.574082	1032	1103159808.000000
281474976710655.000000	7.443916	1033	1104184832.000000
281474976710655.000000	7.557576	1034	1105195648.000000
281474976710655.000000	7.365585	1035	1106220544.000000
281474976710655.000000	7.502737	1036	1107232000.000000
281474976710655.000000	7.364896	1037	1108256384.000000
281474976710655.000000	7.719206	1038	1109267968.000000
281474976710655.000000	7.515410	1039	1110292224.000000
281474976710655.000000	7.548666	1040	1111303552.000000
281474976710655.000000	7.311947	1041	1112328192.000000
281474976710655.000000	7.362074	1042	1113339904.000000
281474976710655.000000	7.639824	1043	1114364288.000000
281474976710655.000000	7.491370	1044	1115375488.000000
281474976710655.000000	7.479350	1045	1116400512.000000
281474976710655.000000	7.250508	1046	1117411328.000000
281474976710655.000000	7.512424	1047	1118436736.000000
281474976710655.000000	7.392843	1048	1119447424.000000
281474976710655.000000	7.508409	1049	1120472832.000000
281474976710655.000000	7.663565	1050	1121482496.000000
281474976710655.000000	7.262174	1051	1122508800.000000
281474976710655.000000	7.492178	1052	1123518464.000000
281474976710655.000000	7.331165	1053	1124545152.000000
281474976710655.000000	7.813046	1054	1125554304.000000
281474976710655.000000	7.472094	1055	1126581120.000000
281474976710655.000000	7.848953	1056	1127590016.000000
281474976710655.000000	7.445168	1057	1128617472.000000
281474976710655.000000	7.432142	1058	1129625728.000000
281474976710655.000000	7.636034	1059	1130653568.000000
281474976710655.000000	7.548420	1060	1131661696.000000
281474976710655.000000	7.651443	1061	1132689536.000000
281474976710655.000000	7.553441	1062	1133697408.000000
281474976710655.000000	7.436565	1063	1134725504.000000
281474976710655.000000	7.629964	1064	1135733504.000000
281474976710655.000000	7.426029	1065	1136761728.000000
281474976710655.000000	7.728175	1066	1137769344.000000
281474976710655.000000	7.219335	1067	1138797696.000000
281474976710655.000000	7.656070	1068	1139805312.000000
281474976710655.000000	7.564204	1069	1140833408.000000
281474976710655.000000	7.644916	1070	1141841280.000000
281474976710655.000000	7.508941	1071	1142869376.000000
281474976710655.000000	7.678833	1072	1143876992.000000
281474976710655.000000	7.481522	1073	1144905344.000000
281474976710655.000000	7.415584	1074	1145913216.000000
281474976710655.000000	7.535320	1075	1146941312.000000
281474976710655.000000	7.407373	1076	1147949184.000000
281474976710655.000000	7.164840	1077	1148976768.000000
281474976710655.000000	7.478367	1078	1149985408.000000
281474976710655.000000	7.305755	1079	1151012864.000000
281474976710655.000000	7.634375	1080	1152021632.000000
281474976710655.000000	7.485458	1081	1153048448.000000
281474976710655.000000	7.717136	1082	1154057472.000000
281474976710655.000000	7.592675	1083	1155083904.000000
281474976710655.000000	7.734743	1084	1156093568.000000
281474976710655.000000	7.504767	1085	1157120128.000000
281474976710655.000000	7.473372	1086	1158129920.000000
281474976710655.000000	7.833248	1087	1159156096.000000
281474976710655.000000	7.589717	1088	1160165632.000000
281474976710655.000000	7.371595	1089	1161192064.000000
281474976710655.000000	7.906209	1090	1162201856.000000
281474976710655.000000	7.458531	1091	1163227904.000000
281474976710655.000000	7.574873	1092	1164237824.000000
281474976710655.000000	7.211109	1093	1165263872.000000
281474976710655.000000	7.509830	1094	1166273536.000000
281474976710655.000000	7.614824	1095	1167299968.000000
281474976710655.000000	7.460794	1096	1168309760.000000
281474976710655.000000	7.557853	1097	1169335808.000000
281474976710655.000000	7.220047	1098	1170345600.000000
281474976710655.000000	7.541119	1099	1171371904.000000
281474976710655.000000	7.672913	1100	1172381440.000000
281474976710655.000000	7.574857	1101	1173408000.000000
281474976710655.000000	7.534555	1102	1174417280.000000
281474976710655.000000	7.430026	1103	1175444096.000000
281474976710655.000000	7.672394	1104	1176453376.000000
281474976710655.000000	7.526132	1105	1177480320.000000
281474976710655.000000	7.647263	1106	1178489088.000000
281474976710655.000000	7.269996	1107	1179516672.000000
281474976710655.000000	7.712443	1108	1180525184.000000
281474976710655.000000	7.669271	1109	1181552512.000000
281474976710655.000000	7.485804	1110	1182560896.000000
281474976710655.000000	7.566615	1111	1183588736.000000
281474976710655.000000	7.501160	1112	1184597120.000000
281474976710655.000000	7.523857	1113	1185624704.000000
281474976710655.000000	7.486213	1114	1186632576.000000
281474976710655.000000	7.463519	1115	1187660544.000000
281474976710655.000000	7.673428	1116	1188668800.000000
281474976710655.000000	7.811716	1117	1189696640.000000
281474976710655.000000	7.501833	1118	1190704896.000000
281474976710655.000000	7.364344	1119	1191732992.000000
281474976710655.000000	7.813287	1120	1192740864.000000
281474976710655.000000	7.074035	1121	1193768448.000000
281474976710655.000000	7.471849	1122	1194776576.000000
281474976710655.000000	7.384657	1123	1195804800.000000
281474976710655.000000	7.422811	1124	1196812800.000000
281474976710655.000000	7.423041	1125	1197840512.000000
281474976710655.000000	7.827464	1126	1198848896.000000
281474976710655.000000	8.318231	1127	1199876992.000000
281474976710655.000000	7.667205	1128	1200884608.000000
281474976710655.000000	7.261765	1129	1201912448.000000
281474976710655.000000	7.552378	1130	1202920832.000000
281474976710655.000000	7.844196	1131	1203948544.000000
281474976710655.000000	7.847981	1132	1204956416.000000
281474976710655.000000	7.584915	1133	1205984384.000000
281474976710655.000000	7.562933	1134	1206992256.000000
281474976710655.000000	7.588132	1135	1208020224.000000
281474976710655.000000	7.871066	1136	1209028736.000000
281474976710655.000000	7.473934	1137	1210055936.000000
281474976710655.000000	7.570061	1138	1211064832.000000
281474976710655.000000	7.281484	1139	1212092032.000000
281474976710655.000000	7.582286	1140	1213100928.000000
281474976710655.000000	7.515100	1141	1214127616.000000
281474976710655.000000	7.476681	1142	1215136896.000000
281474976710655.000000	7.500434	1143	1216163584.000000
281474976710655.000000	7.326030	1144	1217172992.000000
281474976710655.000000	7.632768	1145	1218199424.000000
281474976710655.000000	7.505464	1146	1219209344.000000
281474976710655.000000	7.671182	1147	1220235264.000000
281474976710655.000000	7.295438	1148	1221245056.000000
281474976710655.000000	7.407064	1149	1222271104.000000
281474976710655.000000	7.639223	1150	1223281152.000000
281474976710655.000000	7.564737	1151	1224306944.000000
281474976710655.000000	7.753182	1152	1225317120.000000
281474976710655.000000	7.144442	1153	1226343040.000000
281474976710655.000000	7.564069	1154	1227352960.000000
281474976710655.000000	7.362550	1155	1228379008.000000
281474976710655.000000	7.418501	1156	1229389056.000000
281474976710655.000000	7.489421	1157	1230414976.000000
281474976710655.000000	7.481603	1158	1231424640.000000
281474976710655.000000	7.383292	1159	1232450816.000000
281474976710655.000000	7.417706	1160	1233460864.000000
281474976710655.000000	7.681364	1161	1234487040.000000
281474976710655.000000	7.670025	1162	1235496704.000000
281474976710655.000000	7.378664	1163	1236522880.000000
281474976710655.000000	7.502395	1164	1237532800.000000
281474976710655.000000	7.368338	1165	1238559232.000000
281474976710655.000000	7.598283	1166	1239568512.000000
281474976710655.000000	7.425331	1167	1240595072.000000
281474976710655.000000	7.697187	1168	1241604224.000000
281474976710655.000000	7.412566	1169	1242631040.000000
281474976710655.000000	7.352922	1170	1243639936.000000
281474976710655.000000	7.506934	1171	1244667264.000000
281474976710655.000000	7.508498	1172	1245676160.000000
281474976710655.000000	7.547021	1173	1246703360.000000
281474976710655.000000	7.459480	1174	1247711488.000000
281474976710655.000000	7.456027	1175	1248739328.000000
281474976710655.000000	7.568454	1176	1249747840.000000
281474976710655.000000	7.399473	1177	1250775296.000000
281474976710655.000000	7.765683	1178	1251783552.000000
281474976710655.000000	7.376854	1179	1252811264.000000
281474976710655.000000	7.682845	1180	1253819520.000000
281474976710655.000000	7.629848	1181	1254847232.000000
281474976710655.000000	7.567848	1182	1255855744.000000
281474976710655.000000	7.743058	1183	1256882944.000000
281474976710655.000000	7.476247	1184	1257891968.000000
281474976710655.000000	7.365531	1185	1258919040.000000
281474976710655.000000	7.304675	1186	1259927936.000000
281474976710655.000000	7.526800	1187	1260954752.000000
281474976710655.000000	7.621623	1188	1261963904.000000
281474976710655.000000	7.093133	1189	1262990336.000000
281474976710655.000000	7.839074	1190	1264000000.000000
281474976710655.000000	7.430991	1191	1265026560.000000
281474976710655.000000	7.459506	1192	1266036224.000000
281474976710655.000000	7.306199	1193	1267062272.000000
281474976710655.000000	7.624970	1194	1268072448.000000
281474976710655.000000	7.469419	1195	1269098240.000000
281474976710655.000000	7.310935	1196	1270108544.000000
281474976710655.000000	7.355695	1197	1271133952.000000
281474976710655.000000	7.431780	1198	1272144512.000000
281474976710655.000000	7.727979	1199	1273169408.000000
281474976710655.000000	7.435796	1200	1274180736.000000
281474976710655.000000	7.310491	1201	1275205760.000000
281474976710655.000000	7.578967	1202	1276216576.000000
281474976710655.000000	7.532707	1203	1277241600.000000
281474976710655.000000	7.605240	1204	1278252672.000000
281474976710655.000000	7.320836	1205	1279277568.000000
281474976710655.000000	7.499889	1206	1280288640.000000
281474976710655.000000	7.438193	1207	1281313792.000000
281474976710655.000000	7.549694	1208	1282324352.000000
281474976710655.000000	7.470254	1209	1283349632.000000
281474976710655.000000	7.434591	1210	1284360320.000000
281474976710655.000000	7.541433	1211	1285385856.000000
281474976710655.000000	7.679607	1212	1286396032.000000
281474976710655.000000	7.616834	1213	1287422080.000000
281474976710655.000000	7.296402	1214	1288432000.000000
281474976710655.000000	7.447297	1215	1289458048.000000
281474976710655.000000	7.508327	1216	1290467968.000000
281474976710655.000000	7.442097	1217	1291494144.000000
281474976710655.000000	7.584797	1218	1292503808.000000
281474976710655.000000	7.331901	1219	1293530240.000000
281474976710655.000000	7.679912	1220	1294539264.000000
281474976710655.000000	7.509809	1221	1295566208.000000
281474976710655.000000	7.695602	1222	1296575232.000000
281474976710655.000000	7.236401	1223	1297602688.000000
281474976710655.000000	7.606781	1224	1298610944.000000
281474976710655.000000	7.231100	1225	1299638656.000000
281474976710655.000000	7.683459	1226	1300647040.000000
281474976710655.000000	7.561859	1227	1301675008.000000
281474976710655.000000	7.451725	1228	1302682496.000000
281474976710655.000000	7.500187	1229	1303710976.000000
281474976710655.000000	7.314964	1230	1304718464.000000
281474976710655.000000	7.607445	1231	1305747200.000000
281474976710655.000000	7.635871	1232	1306754432.000000
281474976710655.000000	7.301596	1233	1307783168.000000
281474976710655.000000	7.427842	1234	1308790400.000000
281474976710655.000000	7.498879	1235	1309819008.000000
281474976710655.000000	7.672250	1236	1310826624.000000
281474976710655.000000	7.292583	1237	1311854976.000000
281474976710655.000000	7.589703	1238	1312862208.000000
281474976710655.000000	7.175501	1239	1313890944.000000
281474976710655.000000	7.592710	1240	1314898304.000000
281474976710655.000000	7.502884	1241	1315926784.000000
281474976710655.000000	7.665757	1242	1316934400.000000
281474976710655.000000	7.392829	1243	1317962368.000000
281474976710655.000000	7.427372	1244	1318970624.000000
281474976710655.000000	7.604036	1245	1319998336.000000
281474976710655.000000	7.590304	1246	1321006720.000000
281474976710655.000000	7.448240	1247	1322034048.000000
281474976710655.000000	7.216901	1248	1323042944.000000
281474976710655.000000	7.445532	1249	1324070016.000000
281474976710655.000000	7.599313	1250	1325079040.000000
281474976710655.000000	7.454669	1251	1326105600.000000
281474976710655.000000	7.488988	1252	1327115392.000000
281474976710655.000000	7.297286	1253	1328141440.000000
281474976710655.000000	7.613547	1254	1329151488.000000
281474976710655.000000	7.474150	1255	1330177280.000000
281474976710655.000000	7.569551	1256	1331187456.000000
281474976710655.000000	7.218024	1257	1332213376.000000
281474976710655.000000	7.370623	1258	1333223552.000000
281474976710655.000000	7.413486	1259	1334249088.000000
281474976710655.000000	7.323868	1260	1335259264.000000
281474976710655.000000	7.366786	1261	1336285056.000000
281474976710655.000000	7.206565	1262	1337295616.000000
281474976710655.000000	7.538125	1263	1338321024.000000
281474976710655.000000	7.483324	1264	1339331200.000000
281474976710655.000000	7.313489	1265	1340356992.000000
281474976710655.000000	7.439516	1266	1341367168.000000
281474976710655.000000	7.373122	1267	1342393216.000000
281474976710655.000000	7.527753	1268	1343403008.000000
281474976710655.000000	7.158643	1269	1344429184.000000
281474976710655.000000	7.740785	1270	1345438720.000000
281474976710655.000000	7.316760	1271	1346465408.000000
281474976710655.000000	7.405851	1272	1347474560.000000
281474976710655.000000	7.572419	1273	1348501504.000000
281474976710655.000000	7.550310	1274	1349510272.000000
281474976710655.000000	7.472363	1275	1350537600.000000
281474976710655.000000	7.253977	1276	1351545856.000000
281474976710655.000000	7.604639	1277	1352574080.000000
281474976710655.000000	7.328764	1278	1353581824.000000
281474976710655.000000	7.375268	1279	1354610176.000000
281474976710655.000000	7.546875	1280	1355617408.000000
281474976710655.000000	7.318218	1281	1356646528.000000
281474976710655.000000	7.823035	1282	1357653376.000000
281474976710655.000000	7.027050	1283	1358682368.000000
281474976710655.000000	7.538706	1284	1359688960.000000
281474976710655.000000	7.354251	1285	1360718720.000000
281474976710655.000000	7.621663	1286	1361724544.000000
281474976710655.000000	7.444224	1287	1362754688.000000
281474976710655.000000	7.605569	1288	1363760256.000000
281474976710655.000000	7.757805	1289	1364790784.000000
281474976710655.000000	7.097060	1290	1365796992.000000
281474976710655.000000	7.266900	1291	1366826880.000000
281474976710655.000000	7.798516	1292	1367832576.000000
281474976710655.000000	7.506279	1293	1368862592.000000
281474976710655.000000	7.596263	1294	1369869056.000000
281474976710655.000000	7.598891	1295	1370898816.000000
281474976710655.000000	7.766506	1296	1371904640.000000
281474976710655.000000	7.618690	1297	1372934784.000000
281474976710655.000000	7.435599	1298	1373940864.000000
281474976710655.000000	7.632966	1299	1374970240.000000
281474976710655.000000	7.453970	1300	1375976960.000000
281474976710655.000000	7.478655	1301	1377006080.000000
281474976710655.000000	7.662317	1302	1378013184.000000
281474976710655.000000	7.354861	1303	1379041664.000000
281474976710655.000000	7.563915	1304	1380049024.000000
281474976710655.000000	7.279542	1305	1381077376.000000
281474976710655.000000	7.618870	1306	1382085504.000000
281474976710655.000000	7.575048	1307	1383113088.000000
281474976710655.000000	7.416007	1308	1384121344.000000
281474976710655.000000	7.302158	1309	1385148800.000000
281474976710655.000000	7.201709	1310	1386157696.000000
281474976710655.000000	7.632115	1311	1387184384.000000
281474976710655.000000	7.508899	1312	1388193792.000000
281474976710655.000000	7.205120	1313	1389220480.000000
281474976710655.000000	7.380187	1314	1390229888.000000
281474976710655.000000	7.324356	1315	1391256192.000000
281474976710655.000000	7.680527	1316	1392265856.000000
281474976710655.000000	7.437231	1317	1393292032.000000
281474976710655.000000	7.462976	1318	1394301952.000000
281474976710655.000000	7.279514	1319	1395328000.000000
281474976710655.000000	7.476088	1320	1396337920.000000
281474976710655.000000	7.722836	1321	1397364096.000000
281474976710655.000000	7.395063	1322	1398373632.000000
281474976710655.000000	7.452823	1323	1399400192.000000
281474976710655.000000	7.365436	1324	1400409728.000000
281474976710655.000000	7.629300	1325	1401436032.000000
281474976710655.000000	7.257954	1326	1402445568.000000
281474976710655.000000	7.382144	1327	1403472256.000000
281474976710655.000000	7.516778	1328	1404481280.000000
281474976710655.000000	7.370656	1329	1405508224.000000
281474976710655.000000	7.541052	1330	1406517248.000000
281474976710655.000000	7.237151	1331	1407544448.000000
281474976710655.000000	7.650856	1332	1408552832.000000
281474976710655.000000	7.138295	1333	1409580288.000000
281474976710655.000000	7.635878	1334	1410588672.000000
281474976710655.000000	7.570565	1335	1411616384.000000
281474976710655.000000	7.559135	1336	1412624512.000000
281474976710655.000000	7.414223	1337	1413652480.000000
281474976710655.000000	7.506259	1338	1414660224.000000
281474976710655.000000	7.614252	1339	1415688576.000000
281474976710655.000000	7.536678	1340	1416696448.000000
281474976710655.000000	7.551940	1341	1417724544.000000
281474976710655.000000	7.395538	1342	1418732160.000000
281474976710655.000000	7.381779	1343	1419760512.000000
281474976710655.000000	7.427514	1344	1420768256.000000
281474976710655.000000	7.384611	1345	1421796480.000000
281474976710655.000000	7.551713	1346	1422803968.000000
281474976710655.000000	7.215954	1347	1423832448.000000
281474976710655.000000	7.675035	1348	1424839936.000000
281474976710655.000000	7.648113	1349	1425868416.000000
281474976710655.000000	7.670628	1350	1426876032.000000
281474976710655.000000	7.454982	1351	1427904000.000000
281474976710655.000000	7.576435	1352	1428911744.000000
281474976710655.000000	7.609631	1353	1429940096.000000
281474976710655.000000	7.354310	1354	1430948224.000000
281474976710655.000000	7.460288	1355	1431975936.000000
281474976710655.000000	7.484416	1356	1432984192.000000
281474976710655.000000	7.523599	1357	1434011648.000000
281474976710655.000000	7.330597	1358	1435020416.000000
281474976710655.000000	7.215183	1359	1436047616.000000
281474976710655.000000	7.608206	1360	1437056640.000000
281474976710655.000000	7.330227	1361	1438083200.000000
281474976710655.000000	7.546923	1362	1439092480.000000
281474976710655.000000	7.377133	1363	1440119296.000000
281474976710655.000000	7.617929	1364	1441128832.000000
281474976710655.000000	7.324610	1365	1442155008.000000
281474976710655.000000	7.593039	1366	1443164672.000000
281474976710655.000000	7.438704	1367	1444190848.000000
281474976710655.000000	7.272039	1368	1445200896.000000
281474976710655.000000	7.430781	1369	1446226816.000000
281474976710655.000000	7.442131	1370	1447236992.000000
281474976710655.000000	7.645406	1371	1448262784.000000
281474976710655.000000	7.200900	1372	1449272832.000000
281474976710655.000000	7.485305	1373	1450298880.000000
281474976710655.000000	7.294754	1374	1451309056.000000
281474976710655.000000	7.327502	1375	1452334848.000000
281474976710655.000000	7.518762	1376	1453344512.000000
281474976710655.000000	7.349844	1377	1454370944.000000
281474976710655.000000	7.640042	1378	1455380736.000000
281474976710655.000000	7.366758	1379	1456407040.000000
281474976710655.000000	7.678540	1380	1457416448.000000
281474976710655.000000	7.492580	1381	1458443008.000000
281474976710655.000000	7.525039	1382	1459452416.000000
281474976710655.000000	7.738117	1383	1460479360.000000
281474976710655.000000	7.404379	1384	1461488512.000000
281474976710655.000000	7.487087	1385	1462515456.000000
281474976710655.000000	7.409994	1386	1463523968.000000
281474976710655.000000	7.557174	1387	1464551680.000000
281474976710655.000000	7.484945	1388	1465559936.000000
281474976710655.000000	7.523925	1389	1466587648.000000
281474976710655.000000	7.450300	1390	1467595648.000000
281474976710655.000000	7.379293	1391	1468623616.000000
281474976710655.000000	7.672255	1392	1469631616.000000
281474976710655.000000	7.326827	1393	1470659840.000000
281474976710655.000000	7.669207	1394	1471667200.000000
281474976710655.000000	7.228257	1395	1472695936.000000
281474976710655.000000	7.769293	1396	1473703040.000000
281474976710655.000000	7.551255	1397	1474731904.000000
281474976710655.000000	7.779470	1398	1475738880.000000
281474976710655.000000	7.473843	1399	1476768000.000000
281474976710655.000000	7.475572	1400	1477774976.000000
281474976710655.000000	7.725589	1401	1478804352.000000
281474976710655.000000	7.167016	1402	1479810944.000000
281474976710655.000000	7.463668	1403	1480839680.000000
281474976710655.000000	7.556138	1404	1481846912.000000
281474976710655.000000	7.337296	1405	1482875904.000000
281474976710655.000000	7.607655	1406	1483883136.000000
281474976710655.000000	7.350446	1407	1484911616.000000
281474976710655.000000	7.462425	1408	1485918976.000000
281474976710655.000000	7.319592	1409	1486947584.000000
281474976710655.000000	7.484437	1410	1487955200.000000
281474976710655.000000	7.736475	1411	1488983040.000000
281474976710655.000000	7.611315	1412	1489991296.000000
281474976710655.000000	7.513715	1413	1491019008.000000
281474976710655.000000	7.426044	1414	1492027648.000000
281474976710655.000000	7.709663	1415	1493054592.000000
281474976710655.000000	7.631620	1416	1494063616.000000
281474976710655.000000	7.480985	1417	1495090304.000000
281474976710655.000000	7.327062	1418	1496099968.000000
281474976710655.000000	7.642678	1419	1497126016.000000
281474976710655.000000	7.585062	1420	1498136448.000000
281474976710655.000000	7.436707	1421	1499161856.000000
281474976710655.000000	7.407732	1422	1500172288.000000
281474976710655.000000	7.300007	1423	1501197568.000000
281474976710655.000000	7.707645	1424	1502208512.000000
281474976710655.000000	7.448064	1425	1503233408.000000
281474976710655.000000	7.335959	1426	1504244608.000000
281474976710655.000000	7.213883	1427	1505269248.000000
281474976710655.000000	7.567393	1428	1506280576.000000
281474976710655.000000	7.563433	1429	1507305344.000000
281474976710655.000000	7.453967	1430	1508316544.000000
281474976710655.000000	7.517581	1431	1509341440.000000
281474976710655.000000	7.257194	1432	1510352384.000000
281474976710655.000000	7.582832	1433	1511377152.000000
281474976710655.000000	7.628082	1434	1512388608.000000
281474976710655.000000	7.456311	1435	1513413376.000000
281474976710655.000000	7.398782	1436	1514423936.000000
281474976710655.000000	7.288545	1437	1515449600.000000
281474976710655.000000	7.664068	1438	1516460032.000000
281474976710655.000000	7.053744	1439	1517485696.000000
281474976710655.000000	7.824519	1440	1518495488.000000
281474976710655.000000	7.560981	1441	1519522048.000000
281474976710655.000000	7.596165	1442	1520531328.000000
281474976710655.000000	7.446911	1443	1521558144.000000
281474976710655.000000	7.458109	1444	1522566912.000000
281474976710655.000000	7.622159	1445	1523594368.000000
281474976710655.000000	7.693259	1446	1524602880.000000
281474976710655.000000	7.733591	1447	1525630592.000000
281474976710655.000000	7.385133	1448	1526638336.000000
281474976710655.000000	7.441904	1449	1527666944.000000
281474976710655.000000	7.441446	1450	1528674176.000000
281474976710655.000000	7.256941	1451	1529702784.000000
281474976710655.000000	7.332879	1452	1530710016.000000
281474976710655.000000	7.432770	1453	1531739136.000000
281474976710655.000000	7.565442	1454	1532745856.000000
281474976710655.000000	7.237897	1455	1533774976.000000
281474976710655.000000	7.591804	1456	1534781696.000000
281474976710655.000000	7.499148	1457	1535811328.000000
281474976710655.000000	7.872631	1458	1536817792.000000
281474976710655.000000	7.399292	1459	1537847296.000000
281474976710655.000000	7.793694	1460	1538853632.000000
281474976710655.000000	7.539670	1461	1539883136.000000
281474976710655.000000	7.671115	1462	1540889856.000000
281474976710655.000000	7.574920	1463	1541919232.000000
281474976710655.000000	7.621130	1464	1542925696.000000
281474976710655.000000	7.431746	1465	1543955072.000000
281474976710655.000000	7.499373	1466	1544961920.000000
281474976710655.000000	7.707312	1467	1545990656.000000
281474976710655.000000	7.347787	1468	1546997888.000000
281474976710655.000000	7.500385	1469	1548026496.000000
281474976710655.000000	7.188513	1470	1549034240.000000
281474976710655.000000	7.576900	1471	1550062208.000000
281474976710655.000000	7.465697	1472	1551070208.000000
281474976710655.000000	7.304009	1473	1552097792.000000
281474976710655.000000	7.608057	1474	1553106432.000000
281474976710655.000000	7.290550	1475	1554133888.000000
281474976710655.000000	7.663315	1476	1555142912.000000
281474976710655.000000	7.373464	1477	1556169728.000000
281474976710655.000000	7.528241	1478	1557178880.000000
281474976710655.000000	7.336089	1479	1558205312.000000
281474976710655.000000	7.413803	1480	1559215104.000000
281474976710655.000000	7.580028	1481	1560241152.000000
281474976710655.000000	7.602963	1482	1561251200.000000
281474976710655.000000	7.372849	1483	1562276992.000000
281474976710655.000000	7.288496	1484	1563287296.000000
281474976710655.000000	7.546949	1485	1564312960.000000
281474976710655.000000	7.302729	1486	1565323392.000000
281474976710655.000000	7.679564	1487	1566348544.000000
281474976710655.000000	7.256405	1488	1567359488.000000
281474976710655.000000	7.499173	1489	1568384768.000000
281474976710655.000000	7.412732	1490	1569395584.000000
281474976710655.000000	7.463731	1491	1570420608.000000
281474976710655.000000	7.592376	1492	1571431296.000000
281474976710655.000000	7.301246	1493	1572456704.000000
281474976710655.000000	7.365203	1494	1573467392.000000
281474976710655.000000	7.336720	1495	1574492672.000000
281474976710655.000000	7.644580	1496	1575503104.000000
281474976710655.000000	7.015661	1497	1576528768.000000
281474976710655.000000	7.326927	1498	1577539072.000000
281474976710655.000000	7.422362	1499	1578564864.000000
281474976710655.000000	7.471666	1500	1579575040.000000
281474976710655.000000	7.541657	1501	1580600960.000000
281474976710655.000000	7.309549	1502	1581611008.000000
281474976710655.000000	7.420091	1503	1582637312.000000
281474976710655.000000	7.356303	1504	1583646464.000000
281474976710655.000000	7.506947	1505	1584673152.000000
281474976710655.000000	7.454938	1506	1585682688.000000
281474976710655.000000	7.450219	1507	1586709504.000000
281474976710655.000000	7.610636	1508	1587718400.000000
281474976710655.000000	7.309504	1509	1588745728.000000
281474976710655.000000	7.590295	1510	1589753984.000000
281474976710655.000000	7.336694	1511	1590781696.000000
281474976710655.000000	7.889031	1512	1591789952.000000
281474976710655.000000	7.179539	1513	1592818048.000000
281474976710655.000000	7.710834	1514	1593825792.000000
281474976710655.000000	7.440570	1515	1594854144.000000
281474976710655.000000	7.682949	1516	1595861632.000000
281474976710655.000000	7.566389	1517	1596890368.000000
281474976710655.000000	7.731436	1518	1597897472.000000
281474976710655.000000	7.570899	1519	1598926208.000000
281474976710655.000000	7.457429	1520	1599933056.000000
281474976710655.000000	7.664470	1521	1600962432.000000
281474976710655.000000	7.423051	1522	1601969152.000000
281474976710655.000000	7.492835	1523	1602998528.000000
281474976710655.000000	7.490999	1524	1604004864.000000
281474976710655.000000	7.441211	1525	1605034624.000000
281474976710655.000000	7.509279	1526	1606041088.000000
281474976710655.000000	7.321423	1527	1607070592.000000
281474976710655.000000	7.458511	1528	1608076928.000000
281474976710655.000000	7.326785	1529	1609106560.000000
281474976710655.000000	7.567718	1530	1610113152.000000
281474976710655.000000	7.464835	1531	1611142400.000000
281474976710655.000000	7.812063	1532	1612149120.000000
281474976710655.000000	7.150603	1533	1613178112.000000
281474976710655.000000	7.887418	1534	1614185216.000000
281474976710655.000000	7.414585	1535	1615214208.000000
281474976710655.000000	7.441572	1536	1616221568.000000
281474976710655.000000	7.615588	1537	1617249536.000000
281474976710655.000000	7.521035	1538	1618257536.000000
281474976710655.000000	7.493286	1539	1619285376.000000
281474976710655.000000	7.236042	1540	1620293888.000000
281474976710655.000000	7.632065	1541	1621320960.000000
281474976710655.000000	7.478408	1542	1622330112.000000
281474976710655.000000	7.350876	1543	1623356672.000000
281474976710655.000000	7.577984	1544	1624366208.000000
281474976710655.000000	7.561999	1545	1625392640.000000
281474976710655.000000	7.618322	1546	1626402560.000000
281474976710655.000000	7.426850	1547	1627428480.000000
281474976710655.000000	7.626843	1548	1628438656.000000
281474976710655.000000	7.220971	1549	1629464448.000000
281474976710655.000000	7.328879	1550	1630474752.000000
281474976710655.000000	7.441628	1551	1631500032.000000
281474976710655.000000	7.522856	1552	1632510592.000000
281474976710655.000000	7.478407	1553	1633536128.000000
281474976710655.000000	7.263901	1554	1634546688.000000
281474976710655.000000	7.568393	1555	1635572096.000000
281474976710655.000000	7.388220	1556	1636582528.000000
281474976710655.000000	7.737070	1557	1637608192.000000
281474976710655.000000	7.190112	1558	1638618624.000000
281474976710655.000000	7.185119	1559	1639644288.000000
281474976710655.000000	7.625059	1560	1640654592.000000
281474976710655.000000	7.398378	1561	1641680128.000000
281474976710655.000000	7.421771	1562	1642690816.000000
281474976710655.000000	7.077491	1563	1643717248.000000
281474976710655.000000	7.654345	1564	1644726144.000000
281474976710655.000000	7.518281	1565	1645751680.000000
281474976710655.000000	8.381227	1566	1646762624.000000
281474976710655.000000	7.775436	1567	1647789440.000000
281474976710655.000000	6.790214	1568	1648798336.000000
281474976710655.000000	7.314177	1569	1649824640.000000
281474976710655.000000	8.001491	1570	1650833664.000000
281474976710655.000000	8.178974	1571	1651860480.000000
281474976710655.000000	7.761543	1572	1652870144.000000
281474976710655.000000	7.293223	1573	1653897344.000000
281474976710655.000000	7.525324	1574	1654905088.000000
281474976710655.000000	7.254999	1575	1655932800.000000
281474976710655.000000	7.506411	1576	1656941440.000000
281474976710655.000000	7.379381	1577	1657969024.000000
281474976710655.000000	7.839135	1578	1658977280.000000
281474976710655.000000	7.287600	1579	1660004864.000000
281474976710655.000000	7.690083	1580	1661013504.000000
281474976710655.000000	7.151775	1581	1662041088.000000
281474976710655.000000	7.752108	1582	1663049216.000000
281474976710655.000000	7.386390	1583	1664077056.000000
281474976710655.000000	7.523887	1584	1665085312.000000
281474976710655.000000	7.528393	1585	1666112640.000000
281474976710655.000000	7.507071	1586	1667121408.000000
281474976710655.000000	7.647968	1587	1668148736.000000
281474976710655.000000	7.226973	1588	1669157632.000000
281474976710655.000000	7.592978	1589	1670184576.000000
281474976710655.000000	7.224446	1590	1671193472.000000
281474976710655.000000	7.541419	1591	1672220288.000000
281474976710655.000000	7.367796	1592	1673229824.000000
281474976710655.000000	7.580075	1593	1674256128.000000
281474976710655.000000	7.538279	1594	1675265792.000000
281474976710655.000000	7.150217	1595	1676292096.000000
281474976710655.000000	7.632751	1596	1677301760.000000
281474976710655.000000	7.319890	1597	1678328192.000000
281474976710655.000000	7.610434	1598	1679337984.000000
281474976710655.000000	7.219588	1599	1680364032.000000
281474976710655.000000	7.454450	1600	1681373824.000000
281474976710655.000000	7.136871	1601	1682399872.000000
281474976710655.000000	7.396682	1602	1683410176.000000
281474976710655.000000	7.455881	1603	1684435840.000000
281474976710655.000000	7.480476	1604	1685445760.000000
281474976710655.000000	7.484409	1605	1686471552.000000
281474976710655.000000	7.360202	1606	1687482368.000000
281474976710655.000000	7.651133	1607	1688507776.000000
281474976710655.000000	7.268824	1608	1689518080.000000
281474976710655.000000	7.512084	1609	1690543360.000000
281474976710655.000000	7.503428	1610	1691554048.000000
281474976710655.000000	7.599643	1611	1692579712.000000
281474976710655.000000	7.324915	1612	1693590272.000000
281474976710655.000000	7.323144	1613	1694615552.000000
281474976710655.000000	7.480174	1614	1695625856.000000
281474976710655.000000	7.287256	1615	1696651520.000000
281474976710655.000000	7.513626	1616	1697661952.000000
281474976710655.000000	7.326455	1617	1698687488.000000
281474976710655.000000	7.693032	1618	1699697920.000000
281474976710655.000000	7.301633	1619	1700723456.000000
281474976710655.000000	7.422899	1620	1701733888.000000
281474976710655.000000	7.589357	1621	1702759680.000000
281474976710655.000000	7.395096	1622	1703769728.000000
281474976710655.000000	7.448318	1623	1704795648.000000
281474976710655.000000	7.318994	1624	1705805696.000000
281474976710655.000000	7.657772	1625	1706831872.000000
281474976710655.000000	7.426988	1626	1707841792.000000
281474976710655.000000	7.600120	1627	1708867712.000000
281474976710655.000000	7.439121	1628	1709877504.000000
281474976710655.000000	7.483224	1629	1710903808.000000
281474976710655.000000	7.555581	1630	1711913600.000000
281474976710655.000000	7.254761	1631	1712939904.000000
281474976710655.000000	7.588742	1632	1713949312.000000
281474976710655.000000	7.329230	1633	1714975872.000000
281474976710655.000000	7.715602	1634	1715985408.000000
281474976710655.000000	7.391877	1635	1717011456.000000
281474976710655.000000	7.961707	1636	1718021504.000000
281474976710655.000000	7.406494	1637	1719047808.000000
281474976710655.000000	7.458859	1638	1720057728.000000
281474976710655.000000	7.497277	1639	1721083648.000000
281474976710655.000000	7.618536	1640	1722093312.000000
281474976710655.000000	7.548079	1641	1723119616.000000
281474976710655.000000	7.359550	1642	1724129536.000000
281474976710655.000000	7.466586	1643	1725155584.000000
281474976710655.000000	7.476021	1644	1726165376.000000
281474976710655.000000	7.571903	1645	1727191424.000000
281474976710655.000000	7.377522	1646	1728201472.000000
281474976710655.000000	7.585943	1647	1729227264.000000
281474976710655.000000	7.604362	1648	1730237696.000000
281474976710655.000000	7.498675	1649	1731262976.000000
281474976710655.000000	7.459658	1650	1732273536.000000
281474976710655.000000	7.491338	1651	1733298944.000000
281474976710655.000000	7.720062	1652	1734309504.000000
281474976710655.000000	7.385568	1653	1735334656.000000
281474976710655.000000	7.617395	1654	1736345728.000000
281474976710655.000000	7.345502	1655	1737370880.000000
281474976710655.000000	7.683641	1656	1738381696.000000
281474976710655.000000	7.362117	1657	1739406464.000000
281474976710655.000000	7.428355	1658	1740417664.000000
281474976710655.000000	7.507697	1659	1741442688.000000
281474976710655.000000	7.428469	1660	1742453888.000000
281474976710655.000000	7.460713	1661	1743478528.000000
281474976710655.000000	7.273346	1662	1744489984.000000
281474976710655.000000	7.560153	1663	1745514496.000000
281474976710655.000000	7.553852	1664	1746526208.000000
281474976710655.000000	7.639282	1665	1747550464.000000
281474976710655.000000	7.314912	1666	1748561920.000000
281474976710655.000000	7.316642	1667	1749586432.000000
281474976710655.000000	7.714966	1668	1750598016.000000
281474976710655.000000	7.140314	1669	1751622272.000000
281474976710655.000000	7.990258	1670	1752633728.000000
281474976710655.000000	7.278721	1671	1753658752.000000
281474976710655.000000	7.337857	1672	1754669952.000000
281474976710655.000000	7.533948	1673	1755694592.000000
281474976710655.000000	7.596140	1674	1756705280.000000
281474976710655.000000	7.298097	1675	1757730816.000000
281474976710655.000000	7.356711	1676	1758741376.000000
281474976710655.000000	7.733369	1677	1759766912.000000
281474976710655.000000	7.534851	1678	1760776960.000000
281474976710655.000000	7.729656	1679	1761802880.000000
281474976710655.000000	7.340641	1680	1762813056.000000
281474976710655.000000	7.716340	1681	1763839232.000000
281474976710655.000000	7.506549	1682	1764848896.000000
281474976710655.000000	7.421092	1683	1765875328.000000
281474976710655.000000	7.535738	1684	1766884736.000000
281474976710655.000000	7.369349	1685	1767911680.000000
281474976710655.000000	7.744208	1686	1768920704.000000
281474976710655.000000	7.323919	1687	1769947648.000000
281474976710655.000000	7.588633	1688	1770956288.000000
281474976710655.000000	7.522559	1689	1771983872.000000
281474976710655.000000	7.716829	1690	1772992640.000000
281474976710655.000000	7.657352	1691	1774019712.000000
281474976710655.000000	7.374845	1692	1775028352.000000
281474976710655.000000	7.520285	1693	1776055680.000000
281474976710655.000000	7.418492	1694	1777064576.000000
281474976710655.000000	7.737368	1695	1778091776.000000
281474976710655.000000	7.404121	1696	1779100544.000000
281474976710655.000000	7.427197	1697	1780127744.000000
281474976710655.000000	7.468280	1698	1781136512.000000
281474976710655.000000	7.343760	1699	1782163584.000000
281474976710655.000000	7.730363	1700	1783172736.000000
281474976710655.000000	7.368111	1701	1784199424.000000
281474976710655.000000	7.656049	1702	1785208576.000000
281474976710655.000000	7.331368	1703	1786235392.000000
281474976710655.000000	7.679860	1704	1787244800.000000
281474976710655.000000	7.621525	1705	1788271104.000000
281474976710655.000000	7.463484	1706	1789280768.000000
281474976710655.000000	7.577580	1707	1790307072.000000
281474976710655.000000	7.357418	1708	1791316992.000000
281474976710655.000000	7.643326	1709	1792342656.000000
281474976710655.000000	7.272199	1710	1793353088.000000
281474976710655.000000	7.419977	1711	1794378752.000000
281474976710655.000000	7.452372	1712	1795389440.000000
281474976710655.000000	7.392884	1713	1796414464.000000
281474976710655.000000	7.510780	1714	1797425408.000000
281474976710655.000000	7.478033	1715	1798450176.000000
281474976710655.000000	7.534100	1716	1799461632.000000
281474976710655.000000	7.412462	1717	1800486272.000000
281474976710655.000000	7.455532	1718	1801497728.000000
281474976710655.000000	7.556067	1719	1802521984.000000
281474976710655.000000	7.168360	1720	1803533952.000000
281474976710655.000000	7.341558	1721	1804558336.000000
281474976710655.000000	7.362803	1722	1805569792.000000
281474976710655.000000	7.658092	1723	1806593792.000000
281474976710655.000000	7.582710	1724	1807605888.000000
281474976710655.000000	7.276335	1725	1808629888.000000
281474976710655.000000	7.518109	1726	1809642112.000000
281474976710655.000000	7.150465	1727	1810665984.000000
281474976710655.000000	7.476585	1728	1811677824.000000
281474976710655.000000	7.318645	1729	1812702208.000000
281474976710655.000000	7.091914	1730	1813713920.000000
281474976710655.000000	7.646113	1731	1814738304.000000
281474976710655.000000	7.375650	1732	1815749760.000000
281474976710655.000000	7.582668	1733	1816774272.000000
281474976710655.000000	7.343910	1734	1817785856.000000
281474976710655.000000	7.509153	1735	1818810240.000000
281474976710655.000000	7.777039	1736	1819821696.000000
281474976710655.000000	7.394721	1737	1820846592.000000
281474976710655.000000	7.369003	1738	1821857664.000000
281474976710655.000000	7.459143	1739	1822882688.000000
281474976710655.000000	7.556253	1740	1823893376.000000
281474976710655.000000	7.566768	1741	1824918656.000000
281474976710655.000000	7.269252	1742	1825929600.000000
281474976710655.000000	7.745787	1743	1826954880.000000
281474976710655.000000	7.649926	1744	1827965184.000000
281474976710655.000000	7.507846	1745	1828990976.000000
281474976710655.000000	7.026609	1746	1830001280.000000
281474976710655.000000	7.339491	1747	1831026816.000000
281474976710655.000000	7.826031	1748	1832037120.000000
281474976710655.000000	7.718770	1749	1833063296.000000
281474976710655.000000	7.133144	1750	1834072960.000000
281474976710655.000000	7.509777	1751	1835099008.000000
281474976710655.000000	7.712269	1752	1836108800.000000
281474976710655.000000	7.779163	1753	1837134976.000000
281474976710655.000000	7.515638	1754	1838144896.000000
281474976710655.000000	7.579181	1755	1839171200.000000
281474976710655.000000	7.821949	1756	1840180864.000000
281474976710655.000000	7.254457	1757	1841207168.000000
281474976710655.000000	7.668182	1758	1842216576.000000
281474976710655.000000	7.537716	1759	1843243264.000000
281474976710655.000000	7.674020	1760	1844252800.000000
281474976710655.000000	7.601886	1761	1845279232.000000
281474976710655.000000	7.470151	1762	1846288768.000000
281474976710655.000000	7.597984	1763	1847315456.000000
281474976710655.000000	7.721559	1764	1848324608.000000
281474976710655.000000	7.327097	1765	1849351040.000000
281474976710655.000000	7.702669	1766	1850360704.000000
281474976710655.000000	7.500501	1767	1851387392.000000
281474976710655.000000	7.627576	1768	1852396800.000000
281474976710655.000000	7.446310	1769	1853423232.000000
281474976710655.000000	7.470590	1770	1854432640.000000
281474976710655.000000	7.377989	1771	1855459328.000000
281474976710655.000000	7.440830	1772	1856468864.000000
281474976710655.000000	7.575876	1773	1857495040.000000
281474976710655.000000	7.581128	1774	1858504448.000000
281474976710655.000000	7.301971	1775	1859531136.000000
281474976710655.000000	7.482339	1776	1860540800.000000
281474976710655.000000	7.467056	1777	1861566848.000000
281474976710655.000000	7.689896	1778	1862576640.000000
281474976710655.000000	7.410470	1779	1863602944.000000
281474976710655.000000	7.414641	1780	1864612736.000000
281474976710655.000000	7.749879	1781	1865638784.000000
281474976710655.000000	7.252555	1782	1866648832.000000
281474976710655.000000	7.423894	1783	1867675008.000000
281474976710655.000000	7.347850	1784	1868684928.000000
281474976710655.000000	7.348414	1785	1869710720.000000
281474976710655.000000	7.637572	1786	1870720896.000000
281474976710655.000000	7.381046	1787	1871746944.000000
281474976710655.000000	7.650418	1788	1872756864.000000
281474976710655.000000	7.167896	1789	1873783040.000000
281474976710655.000000	7.690455	1790	1874792832.000000
281474976710655.000000	7.426908	1791	1875818880.000000
281474976710655.000000	7.363480	1792	1876829056.000000
281474976710655.000000	7.512912	1793	1877855104.000000
281474976710655.000000	7.526085	1794	1878864640.000000
281474976710655.000000	7.458526	1795	1879890816.000000
281474976710655.000000	7.456760	1796	1880900736.000000
281474976710655.000000	7.638199	1797	1881926784.000000
281474976710655.000000	7.763003	1798	1882936576.000000
281474976710655.000000	7.376322	1799	1883962624.000000
281474976710655.000000	7.507861	1800	1884972672.000000
281474976710655.000000	7.321473	1801	1885998720.000000
281474976710655.000000	7.555998	1802	1887008640.000000
281474976710655.000000	7.517867	1803	1888034560.000000
281474976710655.000000	7.281353	1804	1889044864.000000
281474976710655.000000	7.752017	1805	1890070528.000000
281474976710655.000000	7.391645	1806	1891080960.000000
281474976710655.000000	7.452713	1807	1892106752.000000
281474976710655.000000	7.418782	1808	1893117056.000000
281474976710655.000000	7.573815	1809	1894142592.000000
281474976710655.000000	7.777566	1810	1895152896.000000
281474976710655.000000	7.404100	1811	1896178176.000000
281474976710655.000000	7.254592	1812	1897189248.000000
281474976710655.000000	7.304437	1813	1898214784.000000
281474976710655.000000	7.652713	1814	1899224320.000000
281474976710655.000000	7.655641	1815	1900250368.000000
281474976710655.000000	7.409904	1816	1901261056.000000
281474976710655.000000	7.564071	1817	1902286464.000000
281474976710655.000000	7.541254	1818	1903297024.000000
281474976710655.000000	7.347548	1819	1904322304.000000
281474976710655.000000	7.630666	1820	1905333120.000000
281474976710655.000000	7.262561	1821	1906358528.000000
281474976710655.000000	7.547673	1822	1907369088.000000
281474976710655.000000	7.314072	1823	1908394240.000000
281474976710655.000000	7.296257	1824	1909405184.000000
281474976710655.000000	7.460339	1825	1910430208.000000
281474976710655.000000	7.477734	1826	1911441280.000000
281474976710655.000000	7.586695	1827	1912466176.000000
281474976710655.000000	7.292759	1828	1913477376.000000
281474976710655.000000	7.425374	1829	1914502016.000000
281474976710655.000000	7.748707	1830	1915513344.000000
281474976710655.000000	7.271070	1831	1916538112.000000
281474976710655.000000	7.495276	1832	1917549440.000000
281474976710655.000000	7.439111	1833	1918574208.000000
281474976710655.000000	7.544179	1834	1919585408.000000
281474976710655.000000	7.633582	1835	1920610048.000000
281474976710655.000000	7.206628	1836	1921621376.000000
281474976710655.000000	7.701953	1837	1922646272.000000
281474976710655.000000	7.593768	1838	1923657344.000000
281474976710655.000000	7.468455	1839	1924682240.000000
281474976710655.000000	7.306488	1840	1925692928.000000
281474976710655.000000	7.311962	1841	1926718336.000000
281474976710655.000000	7.654283	1842	1927729152.000000
281474976710655.000000	7.416483	1843	1928754432.000000
281474976710655.000000	7.316654	1844	1929764864.000000
281474976710655.000000	7.257689	1845	1930790400.000000
281474976710655.000000	7.551406	1846	1931800832.000000
281474976710655.000000	7.839049	1847	1932826496.000000
281474976710655.000000	7.416802	1848	1933836416.000000
281474976710655.000000	7.294967	1849	1934862464.000000
281474976710655.000000	7.695975	1850	1935872768.000000
281474976710655.000000	7.205914	1851	1936898688.000000
281474976710655.000000	7.738495	1852	1937907968.000000
281474976710655.000000	7.520943	1853	1938934912.000000
281474976710655.000000	7.386614	1854	1939945088.000000
281474976710655.000000	7.238082	1855	1940970496.000000
281474976710655.000000	7.567223	1856	1941980416.000000
281474976710655.000000	7.512501	1857	1943006848.000000
281474976710655.000000	7.442678	1858	1944016640.000000
281474976710655.000000	7.705789	1859	1945042688.000000
281474976710655.000000	7.488478	1860	1946052480.000000
281474976710655.000000	7.525194	1861	1947078784.000000
281474976710655.000000	7.227527	1862	1948088704.000000
281474976710655.000000	7.416293	1863	1949114624.000000
281474976710655.000000	7.780272	1864	1950124544.000000
281474976710655.000000	7.390579	1865	1951150464.000000
281474976710655.000000	7.483654	1866	1952160640.000000
281474976710655.000000	7.208005	1867	1953186432.000000
281474976710655.000000	7.625376	1868	1954196736.000000
281474976710655.000000	7.408682	1869	1955222016.000000
281474976710655.000000	7.337045	1870	1956232960.000000
281474976710655.000000	7.596490	1871	1957258240.000000
281474976710655.000000	7.168278	1872	1958269184.000000
281474976710655.000000	7.493235	1873	1959293952.000000
281474976710655.000000	7.432633	1874	1960305152.000000
281474976710655.000000	7.596434	1875	1961330048.000000
281474976710655.000000	7.697176	1876	1962341376.000000
281474976710655.000000	7.478366	1877	1963365632.000000
281474976710655.000000	7.696159	1878	1964376832.000000
281474976710655.000000	7.249260	1879	1965401856.000000
281474976710655.000000	7.554190	1880	1966413440.000000
281474976710655.000000	7.397883	1881	1967438080.000000
281474976710655.000000	7.369221	1882	1968449152.000000
281474976710655.000000	7.120576	1883	1969474176.000000
281474976710655.000000	7.129633	1884	1970485248.000000
281474976710655.000000	7.284600	1885	1971509760.000000
281474976710655.000000	7.310508	1886	1972521216.000000
281474976710655.000000	7.312965	1887	1973545856.000000
281474976710655.000000	7.409221	1888	1974557184.000000
281474976710655.000000	7.399054	1889	1975581824.000000
281474976710655.000000	7.497379	1890	1976592896.000000
281474976710655.000000	7.365807	1891	1977618048.000000
281474976710655.000000	7.526809	1892	1978629120.000000
281474976710655.000000	7.245200	1893	1979654144.000000
281474976710655.000000	7.328540	1894	1980664704.000000
281474976710655.000000	7.297262	1895	1981689984.000000
281474976710655.000000	7.438050	1896	1982700928.000000
281474976710655.000000	7.640843	1897	1983726336.000000
281474976710655.000000	7.198000	1898	1984736896.000000
281474976710655.000000	7.339901	1899	1985762432.000000
281474976710655.000000	7.261871	1900	1986772736.000000
281474976710655.000000	7.424093	1901	1987798528.000000
281474976710655.000000	7.785798	1902	1988808320.000000
281474976710655.000000	7.350533	1903	1989834368.000000
281474976710655.000000	7.756292	1904	1990844800.000000
281474976710655.000000	7.361420	1905	1991870592.000000
281474976710655.000000	7.356925	1906	1992880384.000000
281474976710655.000000	7.568055	1907	1993906560.000000
281474976710655.000000	7.470401	1908	1994916480.000000
281474976710655.000000	7.613702	1909	1995942528.000000
281474976710655.000000	7.415590	1910	1996952448.000000
281474976710655.000000	7.530827	1911	1997978752.000000
281474976710655.000000	7.562324	1912	1998988416.000000
281474976710655.000000	7.332563	1913	2000014976.000000
281474976710655.000000	7.368619	1914	2001024128.000000
281474976710655.000000	7.403665	1915	2002050688.000000
281474976710655.000000	7.739930	1916	2003060352.000000
281474976710655.000000	7.441603	1917	2004086784.000000
281474976710655.000000	7.358846	1918	2005095808.000000
281474976710655.000000	7.522682	1919	2006122752.000000
281474976710655.000000	7.609024	1920	2007132288.000000
281474976710655.000000	7.452567	1921	2008158976.000000
281474976710655.000000	7.341302	1922	2009168000.000000
281474976710655.000000	7.844677	1923	2010194816.000000
281474976710655.000000	7.415667	1924	2011204352.000000
281474976710655.000000	7.433757	1925	2012230656.000000
281474976710655.000000	7.421918	1926	2013240576.000000
281474976710655.000000	7.484094	1927	2014266496.000000
281474976710655.000000	7.665516	1928	2015276288.000000
281474976710655.000000	7.421478	1929	2016302464.000000
281474976710655.000000	7.479499	1930	2017312640.000000
281474976710655.000000	7.255255	1931	2018338432.000000
281474976710655.000000	7.399216	1932	2019348608.000000
281474976710655.000000	7.395373	1933	2020374144.000000
281474976710655.000000	7.344009	1934	2021384960.000000
281474976710655.000000	7.565293	1935	2022410112.000000
281474976710655.000000	7.464539	1936	2023420928.000000
281474976710655.000000	7.584887	1937	2024446080.000000
281474976710655.000000	7.314357	1938	2025457280.000000
281474976710655.000000	7.605942	1939	2026481792.000000
281474976710655.000000	7.396237	1940	2027493504.000000
281474976710655.000000	7.191842	1941	2028517760.000000
281474976710655.000000	7.415535	1942	2029529344.000000
281474976710655.000000	7.245458	1943	2030553472.000000
281474976710655.000000	7.442394	1944	2031565440.000000
281474976710655.000000	7.094484	1945	2032589696.000000
281474976710655.000000	7.248757	1946	2033601664.000000
281474976710655.000000	7.522131	1947	2034625664.000000
281474976710655.000000	7.293431	1948	2035637504.000000
281474976710655.000000	7.440004	1949	2036661632.000000
281474976710655.000000	7.280448	1950	2037673984.000000
281474976710655.000000	7.607309	1951	2038697600.000000
281474976710655.000000	7.422378	1952	2039709568.000000
281474976710655.000000	7.077835	1953	2040733568.000000
281474976710655.000000	7.471834	1954	2041745536.000000
281474976710655.000000	7.376232	1955	2042769408.000000
281474976710655.000000	7.272174	1956	2043781120.000000
281474976710655.000000	7.203070	1957	2044805760.000000
281474976710655.000000	7.285372	1958	2045817472.000000
281474976710655.000000	7.258772	1959	2046841600.000000
281474976710655.000000	7.126491	1960	2047853568.000000
281474976710655.000000	7.734226	1961	2048877824.000000
281474976710655.000000	7.636429	1962	2049889024.000000
281474976710655.000000	7.987806	1963	2050913536.000000
281474976710655.000000	7.688594	1964	2051925376.000000
281474976710655.000000	7.700647	1965	2052950656.000000
281474976710655.000000	7.204027	1966	2053961216.000000
281474976710655.000000	7.448085	1967	2054985728.000000
281474976710655.000000	7.629313	1968	2055996928.000000
281474976710655.000000	7.488173	1969	2057022208.000000
281474976710655.000000	7.399836	1970	2058032768.000000
281474976710655.000000	7.747815	1971	2059058304.000000
281474976710655.000000	7.283788	1972	2060068608.000000
281474976710655.000000	7.351464	1973	2061094400.000000
281474976710655.000000	7.414508	1974	2062104448.000000
281474976710655.000000	7.506657	1975	2063130240.000000
281474976710655.000000	7.552207	1976	2064139904.000000
281474976710655.000000	7.578619	1977	2065166592.000000
281474976710655.000000	7.443785	1978	2066176128.000000
281474976710655.000000	7.360302	1979	2067202432.000000
281474976710655.000000	7.601531	1980	2068211968.000000
281474976710655.000000	7.261590	1981	2069238656.000000
281474976710655.000000	7.638288	1982	2070247936.000000
281474976710655.000000	7.343722	1983	2071274496.000000
281474976710655.000000	7.466087	1984	2072283520.000000
281474976710655.000000	7.285748	1985	2073310592.000000
281474976710655.000000	7.518517	1986	2074319872.000000
281474976710655.000000	7.653000	1987	2075346304.000000
281474976710655.000000	7.417276	1988	2076355584.000000
281474976710655.000000	7.429759	1989	2077382784.000000
281474976710655.000000	7.222904	1990	2078392064.000000
281474976710655.000000	7.806366	1991	2079418112.000000
281474976710655.000000	7.418132	1992	2080428160.000000
281474976710655.000000	7.501498	1993	2081454336.000000
281474976710655.000000	7.295152	1994	2082464256.000000
281474976710655.000000	7.326428	1995	2083489792.000000
281474976710655.000000	7.648049	1996	2084500096.000000
281474976710655.000000	7.218485	1997	2085525760.000000
281474976710655.000000	7.750374	1998	2086536704.000000
281474976710655.000000	7.417605	1999	2087561728.000000
281474976710655.000000	7.387208	2000	2088572544.000000
281474976710655.000000	7.333031	2001	2089597312.000000
281474976710655.000000	7.214285	2002	2090608768.000000
281474976710655.000000	7.597787	2003	2091633280.000000
281474976710655.000000	7.161793	2004	2092644992.000000
281474976710655.000000	7.356196	2005	2093669120.000000
281474976710655.000000	7.289654	2006	2094681216.000000
281474976710655.000000	7.518933	2007	2095704704.000000
281474976710655.000000	7.519362	2008	2096717056.000000
281474976710655.000000	7.328953	2009	2097740800.000000
281474976710655.000000	7.538559	2010	2098753408.000000
281474976710655.000000	7.501398	2011	2099776896.000000
281474976710655.000000	7.214244	2012	2100789376.000000
281474976710655.000000	7.242605	2013	2101812736.000000
281474976710655.000000	7.481177	2014	2102825600.000000
281474976710655.000000	7.239507	2015	2103848704.000000
281474976710655.000000	7.256561	2016	2104861440.000000
281474976710655.000000	7.506515	2017	2105884800.000000
281474976710655.000000	7.374934	2018	2106897664.000000
281474976710655.000000	7.416911	2019	2107920896.000000
281474976710655.000000	7.257183	2020	2108933248.000000
281474976710655.000000	7.519392	2021	2109956864.000000
281474976710655.000000	7.560803	2022	2110969344.000000
281474976710655.000000	7.425861	2023	2111993088.000000
281474976710655.000000	7.384077	2024	2113005184.000000
281474976710655.000000	7.365407	2025	2114029312.000000
281474976710655.000000	7.644747	2026	2115040640.000000
281474976710655.000000	7.346054	2027	2116065536.000000
281474976710655.000000	7.642995	2028	2117076608.000000
281474976710655.000000	7.433665	2029	2118101504.000000
281474976710655.000000	7.534863	2030	2119112320.000000
281474976710655.000000	7.267045	2031	2120137600.000000
281474976710655.000000	7.378858	2032	2121148160.000000
281474976710655.000000	7.598932	2033	2122173952.000000
281474976710655.000000	7.489581	2034	2123184128.000000
281474976710655.000000	7.760832	2035	2124209920.000000
281474976710655.000000	7.206647	2036	2125219968.000000
281474976710655.000000	7.469519	2037	2126246272.000000
281474976710655.000000	7.593683	2038	2127255808.000000
281474976710655.000000	7.399349	2039	2128281984.000000
281474976710655.000000	7.560571	2040	2129291648.000000
281474976710655.000000	7.323190	2041	2130318336.000000
281474976710655.000000	7.663403	2042	2131327744.000000
281474976710655.000000	7.275732	2043	2132354176.000000
281474976710655.000000	7.623358	2044	2133363584.000000
281474976710655.000000	7.422925	2045	2134390272.000000
281474976710655.000000	7.452028	2046	2135399936.000000
281474976710655.000000	7.502392	2047	2136425984.000000
281474976710655.000000	7.339770	2048	2137435904.000000
281474976710655.000000	7.458231	2049	2138461952.000000
281474976710655.000000	7.328088	2050	2139472256.000000
281474976710655.000000	7.470074	2051	2140497536.000000
281474976710655.000000	7.536626	2052	2141508096.000000
281474976710655.000000	7.417628	2053	2142533504.000000
281474976710655.000000	7.726873	2054	2143544448.000000
281474976710655.000000	7.429847	2055	2144569216.000000
281474976710655.000000	7.456499	2056	2145580416.000000
281474976710655.000000	7.303047	2057	2146605184.000000
281474976710655.000000	7.464944	2058	2147616256.000000
281474976710655.000000	7.218933	2059	2148641024.000000
281474976710655.000000	7.202766	2060	2149652992.000000
281474976710655.000000	7.458044	2061	2150676480.000000
281474976710655.000000	7.106608	2062	2151688704.000000
281474976710655.000000	7.544269	2063	2152712960.000000
281474976710655.000000	7.160068	2064	2153725184.000000
281474976710655.000000	7.643550	2065	2154748160.000000
281474976710655.000000	7.426966	2066	2155760896.000000
281474976710655.000000	7.412184	2067	2156784640.000000
281474976710655.000000	7.390139	2068	2157797376.000000
281474976710655.000000	7.500621	2069	2158820352.000000
281474976710655.000000	7.464591	2070	2159832832.000000
281474976710655.000000	7.255466	2071	2160856320.000000
281474976710655.000000	7.442494	2072	2161869312.000000
281474976710655.000000	7.449926	2073	2162892800.000000
281474976710655.000000	7.139278	2074	2163904768.000000
281474976710655.000000	7.126411	2075	2164929024.000000
281474976710655.000000	7.284794	2076	2165940736.000000
281474976710655.000000	7.436449	2077	2166964480.000000
281474976710655.000000	7.238577	2078	2167976704.000000
281474976710655.000000	7.549538	2079	2169001216.000000
281474976710655.000000	7.271856	2080	2170012672.000000
281474976710655.000000	7.314237	2081	2171036672.000000
281474976710655.000000	7.403249	2082	2172048128.000000
281474976710655.000000	7.422326	2083	2173073152.000000
281474976710655.000000	7.625464	2084	2174084096.000000
281474976710655.000000	7.372423	2085	2175108864.000000
281474976710655.000000	7.441128	2086	2176119808.000000
281474976710655.000000	7.302830	2087	2177145344.000000
281474976710655.000000	7.423418	2088	2178155776.000000
281474976710655.000000	7.539470	2089	2179181056.000000
281474976710655.000000	7.260928	2090	2180191744.000000
281474976710655.000000	7.540712	2091	2181217024.000000
281474976710655.000000	7.187027	2092	2182228224.000000
281474976710655.000000	7.629804	2093	2183252992.000000
281474976710655.000000	7.550636	2094	2184263680.000000
281474976710655.000000	7.271189	2095	2185289472.000000
281474976710655.000000	7.247899	2096	2186300160.000000
281474976710655.000000	7.320146	2097	2187325184.000000
281474976710655.000000	7.621069	2098	2188335616.000000
281474976710655.000000	7.359207	2099	2189361152.000000
281474976710655.000000	7.465084	2100	2190371584.000000
281474976710655.000000	7.576248	2101	2191397888.000000
281474976710655.000000	7.312854	2102	2192407552.000000
281474976710655.000000	7.475646	2103	2193433344.000000
281474976710655.000000	7.302937	2104	2194443520.000000
281474976710655.000000	7.599233	2105	2195469312.000000
281474976710655.000000	7.600329	2106	2196479232.000000
281474976710655.000000	7.379207	2107	2197505024.000000
281474976710655.000000	7.736584	2108	2198515968.000000
281474976710655.000000	7.346775	2109	2199540992.000000
281474976710655.000000	7.842507	2110	2200552192.000000
281474976710655.000000	7.674604	2111	2201577472.000000
281474976710655.000000	7.236645	2112	2202587648.000000
281474976710655.000000	7.379386	2113	2203612672.000000
281474976710655.000000	7.322120	2114	2204623616.000000
281474976710655.000000	7.721352	2115	2205648384.000000
281474976710655.000000	7.186751	2116	2206660096.000000
281474976710655.000000	7.431159	2117	2207684352.000000
281474976710655.000000	7.623437	2118	2208695552.000000
281474976710655.000000	7.598204	2119	2209720320.000000
281474976710655.000000	7.594378	2120	2210732544.000000
281474976710655.000000	7.452604	2121	2211755776.000000
281474976710655.000000	7.342070	2122	2212767744.000000
281474976710655.000000	7.455375	2123	2213792256.000000
281474976710655.000000	7.711303	2124	2214804736.000000
281474976710655.000000	7.336003	2125	2215827712.000000
281474976710655.000000	7.162835	2126	2216839936.000000
281474976710655.000000	7.198036	2127	2217863680.000000
281474976710655.000000	7.201141	2128	2218876672.000000
281474976710655.000000	7.614606	2129	2219899392.000000
281474976710655.000000	7.093079	2130	2220912896.000000
281474976710655.000000	7.328085	2131	2221935872.000000
281474976710655.000000	7.327204	2132	2222948608.000000
281474976710655.000000	7.587140	2133	2223971328.000000
281474976710655.000000	7.383437	2134	2224984320.000000
281474976710655.000000	7.430081	2135	2226007808.000000
281474976710655.000000	7.551098	2136	2227020288.000000
281474976710655.000000	7.445708	2137	2228043264.000000
281474976710655.000000	7.407090	2138	2229056000.000000
281474976710655.000000	7.396107	2139	2230079744.000000
281474976710655.000000	7.432667	2140	2231091968.000000
281474976710655.000000	7.298695	2141	2232115968.000000
281474976710655.000000	7.239712	2142	2233127680.000000
281474976710655.000000	7.355460	2143	2234151424.000000
281474976710655.000000	7.349661	2144	2235163136.000000
281474976710655.000000	7.474784	2145	2236188160.000000
281474976710655.000000	7.292555	2146	2237199616.000000
281474976710655.000000	7.432508	2147	2238224384.000000
281474976710655.000000	7.405451	2148	2239234816.000000
281474976710655.000000	7.536067	2149	2240260096.000000
281474976710655.000000	7.327574	2150	2241270784.000000
281474976710655.000000	7.549425	2151	2242296832.000000
281474976710655.000000	7.647317	2152	2243306240.000000
281474976710655.000000	7.408684	2153	2244332544.000000
281474976710655.000000	7.431265	2154	2245342208.000000
281474976710655.000000	7.402636	2155	2246368512.000000
281474976710655.000000	7.632556	2156	2247377920.000000
281474976710655.000000	7.188567	2157	2248404480.000000
281474976710655.000000	7.700993	2158	2249414400.000000
281474976710655.000000	7.525777	2159	2250440448.000000
281474976710655.000000	7.627364	2160	2251449856.000000
281474976710655.000000	7.532582	2161	2252476160.000000
281474976710655.000000	7.346434	2162	2253486336.000000
281474976710655.000000	7.605404	2163	2254512640.000000
281474976710655.000000	7.350697	2164	2255522560.000000
281474976710655.000000	7.301620	2165	2256548864.000000
281474976710655.000000	7.389729	2166	2257558784.000000
281474976710655.000000	7.601692	2167	2258584320.000000
281474976710655.000000	7.574018	2168	2259594496.000000
281474976710655.000000	7.219197	2169	2260620032.000000
281474976710655.000000	7.500071	2170	2261630976.000000
281474976710655.000000	7.215897	2171	2262655488.000000
281474976710655.000000	7.690068	2172	2263666688.000000
281474976710655.000000	7.158129	2173	2264691456.000000
281474976710655.000000	7.386286	2174	2265703424.000000
281474976710655.000000	7.374493	2175	2266727168.000000
281474976710655.000000	7.433877	2176	2267739648.000000
281474976710655.000000	7.477801	2177	2268762880.000000
281474976710655.000000	7.241390	2178	2269775360.000000
281474976710655.000000	7.695132	2179	2270798848.000000
281474976710655.000000	7.264042	2180	2271812096.000000
281474976710655.000000	7.426273	2181	2272834816.000000
281474976710655.000000	7.258000	2182	2273848320.000000
281474976710655.000000	7.419854	2183	2274870784.000000
281474976710655.000000	7.362625	2184	2275884032.000000
281474976710655.000000	7.514541	2185	2276906752.000000
281474976710655.000000	7.216023	2186	2277920000.000000
281474976710655.000000	7.114276	2187	2278942720.000000
281474976710655.000000	7.403336	2188	2279955968.000000
281474976710655.000000	7.169227	2189	2280978432.000000
281474976710655.000000	7.321699	2190	2281991936.000000
281474976710655.000000	7.314937	2191	2283014912.000000
281474976710655.000000	7.323023	2192	2284027648.000000
281474976710655.000000	7.300361	2193	2285051136.000000
281474976710655.000000	7.308856	2194	2286063616.000000
281474976710655.000000	7.530800	2195	2287087360.000000
281474976710655.000000	7.281983	2196	2288099328.000000
281474976710655.000000	8.865153	2197	2289123584.000000
281474976710655.000000	7.202677	2198	2290135040.000000
281474976710655.000000	7.740280	2199	2291159808.000000
281474976710655.000000	7.277146	2200	2292170496.000000
281474976710655.000000	7.372745	2201	2293196032.000000
281474976710655.000000	7.367441	2202	2294206464.000000
281474976710655.000000	7.588684	2203	2295232256.000000
281474976710655.000000	7.670413	2204	2296241920.000000
281474976710655.000000	7.361695	2205	2297268480.000000
281474976710655.000000	7.863979	2206	2298277888.000000
281474976710655.000000	7.172309	2207	2299304960.000000
281474976710655.000000	7.175438	2208	2300313600.000000
281474976710655.000000	7.322917	2209	2301341184.000000
281474976710655.000000	7.238344	2210	2302349568.000000
281474976710655.000000	7.258592	2211	2303376640.000000
281474976710655.000000	7.262178	2212	2304385536.000000
281474976710655.000000	8.006055	2213	2305413376.000000
281474976710655.000000	7.535444	2214	2306421504.000000
281474976710655.000000	7.704776	2215	2307448832.000000
281474976710655.000000	7.106093	2216	2308457472.000000
281474976710655.000000	7.730818	2217	2309484288.000000
281474976710655.000000	7.653725	2218	2310493440.000000
281474976710655.000000	8.007439	2219	2311520768.000000
281474976710655.000000	7.195414	2220	2312530432.000000
281474976710655.000000	7.455266	2221	2313556224.000000
281474976710655.000000	7.409528	2222	2314566656.000000
281474976710655.000000	7.117619	2223	2315591936.000000
281474976710655.000000	7.187709	2224	2316603136.000000
281474976710655.000000	7.330628	2225	2317627648.000000
281474976710655.000000	7.505375	2226	2318638848.000000
281474976710655.000000	7.388326	2227	2319663616.000000
281474976710655.000000	7.253907	2228	2320675584.000000
281474976710655.000000	7.236799	2229	2321699072.000000
281474976710655.000000	7.078039	2230	2322711808.000000
281474976710655.000000	7.712786	2231	2323734784.000000
281474976710655.000000	7.411827	2232	2324748288.000000
281474976710655.000000	7.320114	2233	2325770496.000000
281474976710655.000000	7.438063	2234	2326784000.000000
281474976710655.000000	7.487012	2235	2327806976.000000
281474976710655.000000	7.208997	2236	2328820480.000000
281474976710655.000000	7.490586	2237	2329842176.000000
281474976710655.000000	7.416009	2238	2330856192.000000
281474976710655.000000	7.373645	2239	2331878656.000000
281474976710655.000000	7.244807	2240	2332892672.000000
281474976710655.000000	7.265604	2241	2333914112.000000
281474976710655.000000	7.284601	2242	2334928128.000000
281474976710655.000000	7.129103	2243	2335950592.000000
281474976710655.000000	7.322681	2244	2336964864.000000
281474976710655.000000	7.311894	2245	2337986304.000000
281474976710655.000000	7.081642	2246	2339000320.000000
281474976710655.000000	7.448552	2247	2340022784.000000
281474976710655.000000	7.259298	2248	2341036032.000000
281474976710655.000000	7.665133	2249	2342059008.000000
281474976710655.000000	7.443486	2250	2343071744.000000
281474976710655.000000	7.453558	2251	2344095488.000000
281474976710655.000000	7.541018	2252	2345107712.000000
281474976710655.000000	7.349948	2253	2346131200.000000
281474976710655.000000	7.437117	2254	2347143168.000000
281474976710655.000000	7.237320	2255	2348167680.000000
281474976710655.000000	7.623703	2256	2349179136.000000
281474976710655.000000	7.356871	2257	2350204160.000000
281474976710655.000000	7.302549	2258	2351214592.000000
281474976710655.000000	7.564218	2259	2352240640.000000
281474976710655.000000	7.457736	2260	2353250304.000000
281474976710655.000000	7.446925	2261	2354276352.000000
281474976710655.000000	7.479314	2262	2355286272.000000
281474976710655.000000	7.557317	2263	2356312320.000000
281474976710655.000000	7.759702	2264	2357321472.000000
281474976710655.000000	7.520368	2265	2358349312.000000
281474976710655.000000	7.554577	2266	2359357952.000000
281474976710655.000000	7.398570	2267	2360385024.000000
281474976710655.000000	7.818431	2268	2361393664.000000
281474976710655.000000	7.214687	2269	2362420736.000000
281474976710655.000000	7.715831	2270	2363429376.000000
281474976710655.000000	7.535695	2271	2364457472.000000
281474976710655.000000	7.577330	2272	2365465344.000000
281474976710655.000000	7.543520	2273	2366492928.000000
281474976710655.000000	7.583896	2274	2367501312.000000
281474976710655.000000	7.570415	2275	2368528896.000000
281474976710655.000000	7.468377	2276	2369538048.000000
281474976710655.000000	7.371833	2277	2370564608.000000
281474976710655.000000	7.295787	2278	2371574272.000000
281474976710655.000000	7.453587	2279	2372600320.000000
281474976710655.000000	7.825281	2280	2373610496.000000
281474976710655.000000	7.262303	2281	2374636032.000000
281474976710655.000000	7.600622	2282	2375646976.000000
281474976710655.000000	7.447274	2283	2376672000.000000
281474976710655.000000	7.660675	2284	2377683200.000000
281474976710655.000000	7.242151	2285	2378707456.000000
281474976710655.000000	7.206267	2286	2379719424.000000
281474976710655.000000	7.184976	2287	2380743168.000000
281474976710655.000000	6.975280	2288	2381755904.000000
281474976710655.000000	7.374522	2289	2382778880.000000
281474976710655.000000	7.102552	2290	2383791616.000000
281474976710655.000000	7.464526	2291	2384814336.000000
281474976710655.000000	7.231576	2292	2385828864.000000
281474976710655.000000	7.314591	2293	2386850304.000000
281474976710655.000000	7.318049	2294	2387864576.000000
281474976710655.000000	7.168706	2295	2388886272.000000
281474976710655.000000	7.367237	2296	2389900544.000000
281474976710655.000000	7.380372	2297	2390921728.000000
281474976710655.000000	7.292540	2298	2391937024.000000
281474976710655.000000	7.184464	2299	2392958208.000000
281474976710655.000000	7.129924	2300	2393972736.000000
281474976710655.000000	7.309025	2301	2394993664.000000
281474976710655.000000	7.291185	2302	2396008704.000000
281474976710655.000000	7.210904	2303	2397030144.000000
281474976710655.000000	7.001941	2304	2398044672.000000
281474976710655.000000	7.430957	2305	2399066368.000000
281474976710655.000000	7.272647	2306	2400080384.000000
281474976710655.000000	7.535120	2307	2401102080.000000
281474976710655.000000	7.282410	2308	2402116352.000000
281474976710655.000000	7.587069	2309	2403138816.000000
281474976710655.000000	7.404130	2310	2404151808.000000
281474976710655.000000	7.254728	2311	2405174528.000000
281474976710655.000000	7.283504	2312	2406187520.000000
281474976710655.000000	7.349670	2313	2407211008.000000
281474976710655.000000	7.571793	2314	2408222976.000000
281474976710655.000000	7.139896	2315	2409247488.000000
281474976710655.000000	7.502383	2316	2410258688.000000
281474976710655.000000	7.466719	2317	2411283712.000000
281474976710655.000000	7.547061	2318	2412294144.000000
281474976710655.000000	7.272866	2319	2413319936.000000
281474976710655.000000	7.346578	2320	2414330112.000000
281474976710655.000000	7.646257	2321	2415356160.000000
281474976710655.000000	7.432161	2322	2416365824.000000
281474976710655.000000	7.213607	2323	2417392384.000000
281474976710655.000000	7.494926	2324	2418401536.000000
281474976710655.000000	7.230458	2325	2419428864.000000
281474976710655.000000	7.891072	2326	2420437504.000000
281474976710655.000000	7.568560	2327	2421465088.000000
281474976710655.000000	7.394630	2328	2422473984.000000
281474976710655.000000	6.919853	2329	2423501312.000000
281474976710655.000000	7.658224	2330	2424509440.000000
281474976710655.000000	7.460194	2331	2425536768.000000
281474976710655.000000	7.358281	2332	2426545920.000000
281474976710655.000000	7.544911	2333	2427572480.000000
281474976710655.000000	7.597891	2334	2428582144.000000
281474976710655.000000	7.318980	2335	2429608960.000000
281474976710655.000000	7.541753	2336	2430617856.000000
281474976710655.000000	7.627701	2337	2431643904.000000
281474976710655.000000	7.282597	2338	2432654336.000000
281474976710655.000000	7.521537	2339	2433679872.000000
281474976710655.000000	7.527060	2340	2434690816.000000
281474976710655.000000	7.402651	2341	2435715840.000000
281474976710655.000000	7.269834	2342	2436727040.000000
281474976710655.000000	7.649790	2343	2437751552.000000
281474976710655.000000	7.656797	2344	2438763264.000000
281474976710655.000000	7.319620	2345	2439787008.000000
281474976710655.000000	7.286954	2346	2440799744.000000
281474976710655.000000	7.234283	2347	2441822720.000000
281474976710655.000000	7.400773	2348	2442835968.000000
281474976710655.000000	7.389702	2349	2443858432.000000
281474976710655.000000	7.328214	2350	2444872448.000000
281474976710655.000000	7.151005	2351	2445894400.000000
281474976710655.000000	7.331912	2352	2446908672.000000
281474976710655.000000	7.372725	2353	2447930112.000000
281474976710655.000000	7.000853	2354	2448944896.000000
281474976710655.000000	7.345937	2355	2449966080.000000
281474976710655.000000	7.381750	2356	2450981120.000000
281474976710655.000000	7.373755	2357	2452001792.000000
281474976710655.000000	7.317004	2358	2453017344.000000
281474976710655.000000	7.470698	2359	2454037760.000000
281474976710655.000000	7.383376	2360	2455052800.000000
281474976710655.000000	7.359534	2361	2456073728.000000
281474976710655.000000	7.064768	2362	2457089280.000000
281474976710655.000000	7.366838	2363	2458109696.000000
281474976710655.000000	7.220707	2364	2459125504.000000
281474976710655.000000	7.179974	2365	2460146176.000000
281474976710655.000000	7.067976	2366	2461160960.000000
281474976710655.000000	7.469532	2367	2462182400.000000
281474976710655.000000	7.149581	2368	2463196928.000000
281474976710655.000000	7.264142	2369	2464218624.000000
281474976710655.000000	7.404006	2370	2465232640.000000
281474976710655.000000	7.591918	2371	2466254848.000000
281474976710655.000000	7.331201	2372	2467268352.000000
281474976710655.000000	7.202879	2373	2468290560.000000
281474976710655.000000	7.466341	2374	2469304320.000000
281474976710655.000000	7.409310	2375	2470327040.000000
281474976710655.000000	7.398870	2376	2471339776.000000
281474976710655.000000	7.349526	2377	2472363520.000000
281474976710655.000000	7.394615	2378	2473375488.000000
281474976710655.000000	7.476442	2379	2474399744.000000
281474976710655.000000	7.432506	2380	2475410944.000000
281474976710655.000000	7.594032	2381	2476435456.000000
281474976710655.000000	7.366518	2382	2477447424.000000
281474976710655.000000	7.496501	2383	2478472192.000000
281474976710655.000000	7.466707	2384	2479482880.000000
281474976710655.000000	7.177990	2385	2480508416.000000
281474976710655.000000	7.522197	2386	2481518848.000000
281474976710655.000000	7.618101	2387	2482544128.000000
281474976710655.000000	7.535235	2388	2483554560.000000
281474976710655.000000	7.468116	2389	2484580096.000000
281474976710655.000000	7.328359	2390	2485590528.000000
281474976710655.000000	7.691679	2391	2486616064.000000
281474976710655.000000	7.397333	2392	2487627008.000000
281474976710655.000000	7.471741	2393	2488652032.000000
281474976710655.000000	7.531786	2394	2489663232.000000
281474976710655.000000	7.610342	2395	2490687744.000000
281474976710655.000000	7.527515	2396	2491698944.000000
281474976710655.000000	7.262783	2397	2492724224.000000
281474976710655.000000	7.281152	2398	2493734912.000000
281474976710655.000000	7.503937	2399	2494759424.000000
281474976710655.000000	7.322454	2400	2495770880.000000
281474976710655.000000	7.290590	2401	2496795392.000000
281474976710655.000000	7.151918	2402	2497807616.000000
281474976710655.000000	7.592434	2403	2498831104.000000
281474976710655.000000	7.458453	2404	2499843840.000000
281474976710655.000000	7.491423	2405	2500867072.000000
281474976710655.000000	7.385117	2406	2501880064.000000
281474976710655.000000	7.470505	2407	2502903040.000000
281474976710655.000000	7.375192	2408	2503915520.000000
281474976710655.000000	7.201887	2409	2504939008.000000
281474976710655.000000	7.263580	2410	2505952256.000000
281474976710655.000000	7.396894	2411	2506974720.000000
281474976710655.000000	7.106484	2412	2507987968.000000
281474976710655.000000	7.343071	2413	2509011200.000000
281474976710655.000000	7.034246	2414	2510023936.000000
281474976710655.000000	7.560986	2415	2511046400.000000
281474976710655.000000	7.530636	2416	2512060416.000000
281474976710655.000000	7.443241	2417	2513083136.000000
281474976710655.000000	7.268604	2418	2514096128.000000
281474976710655.000000	7.424597	2419	2515118848.000000
281474976710655.000000	7.619818	2420	2516132096.000000
281474976710655.000000	7.270536	2421	2517154816.000000
281474976710655.000000	7.218407	2422	2518168064.000000
281474976710655.000000	7.381057	2423	2519191296.000000
281474976710655.000000	7.342904	2424	2520203776.000000
281474976710655.000000	7.175372	2425	2521226752.000000
281474976710655.000000	7.052571	2426	2522239744.000000
281474976710655.000000	7.510823	2427	2523263232.000000
281474976710655.000000	7.506200	2428	2524275712.000000
281474976710655.000000	7.508084	2429	2525299456.000000
281474976710655.000000	7.324418	2430	2526311680.000000
281474976710655.000000	7.381942	2431	2527335168.000000
281474976710655.000000	7.592097	2432	2528347136.000000
281474976710655.000000	7.372365	2433	2529371648.000000
281474976710655.000000	7.582458	2434	2530383872.000000
281474976710655.000000	7.351855	2435	2531407872.000000
281474976710655.000000	7.579898	2436	2532419328.000000
281474976710655.000000	7.184156	2437	2533443584.000000
281474976710655.000000	7.254231	2438	2534455040.000000
281474976710655.000000	7.490053	2439	2535479552.000000
281474976710655.000000	7.443443	2440	2536491008.000000
281474976710655.000000	7.377163	2441	2537515520.000000
281474976710655.000000	7.203844	2442	2538527488.000000
281474976710655.000000	7.529851	2443	2539552000.000000
281474976710655.000000	7.510433	2444	2540562944.000000
281474976710655.000000	7.661924	2445	2541587456.000000
281474976710655.000000	7.564031	2446	2542598912.000000
281474976710655.000000	7.381707	2447	2543624192.000000
281474976710655.000000	7.734067	2448	2544635392.000000
281474976710655.000000	7.398863	2449	2545659392.000000
281474976710655.000000	7.279321	2450	2546671872.000000
281474976710655.000000	7.273092	2451	2547695872.000000
281474976710655.000000	7.238368	2452	2548708352.000000
281474976710655.000000	7.692369	2453	2549731584.000000
281474976710655.000000	7.196575	2454	2550743808.000000
281474976710655.000000	7.613367	2455	2551767040.000000
281474976710655.000000	7.259767	2456	2552780288.000000
281474976710655.000000	7.169773	2457	2553803520.000000
281474976710655.000000	7.588982	2458	2554816000.000000
281474976710655.000000	7.250131	2459	2555838976.000000
281474976710655.000000	7.140954	2460	2556852480.000000
281474976710655.000000	7.537965	2461	2557874944.000000
281474976710655.000000	7.395831	2462	2558888960.000000
281474976710655.000000	7.518666	2463	2559910656.000000
281474976710655.000000	7.017807	2464	2560924672.000000
281474976710655.000000	7.153714	2465	2561947136.000000
281474976710655.000000	7.249766	2466	2562960640.000000
281474976710655.000000	7.248731	2467	2563982592.000000
281474976710655.000000	7.085755	2468	2564996608.000000
281474976710655.000000	6.886555	2469	2566018304.000000
281474976710655.000000	7.008705	2470	2567033088.000000
281474976710655.000000	7.586336	2471	2568054784.000000
281474976710655.000000	7.057702	2472	2569068288.000000
281474976710655.000000	7.544845	2473	2570091008.000000
281474976710655.000000	7.246877	2474	2571105024.000000
281474976710655.000000	7.177734	2475	2572127232.000000
281474976710655.000000	7.184825	2476	2573140480.000000
281474976710655.000000	7.608294	2477	2574162944.000000
281474976710655.000000	7.240297	2478	2575176192.000000
281474976710655.000000	7.266637	2479	2576199680.000000
281474976710655.000000	7.350853	2480	2577212160.000000
281474976710655.000000	7.460735	2481	2578235136.000000
281474976710655.000000	7.303705	2482	2579247616.000000
281474976710655.000000	7.590658	2483	2580271616.000000
281474976710655.000000	7.456627	2484	2581283328.000000
281474976710655.000000	7.294095	2485	2582307840.000000
281474976710655.000000	7.438745	2486	2583319040.000000
281474976710655.000000	7.191740	2487	2584344064.000000
281474976710655.000000	7.485779	2488	2585355008.000000
281474976710655.000000	7.408696	2489	2586380288.000000
281474976710655.000000	7.523896	2490	2587390720.000000
281474976710655.000000	7.476725	2491	2588416000.000000
281474976710655.000000	7.233182	2492	2589426688.000000
281474976710655.000000	7.524457	2493	2590452480.000000
281474976710655.000000	7.608064	2494	2591462656.000000
281474976710655.000000	7.178093	2495	2592488704.000000
281474976710655.000000	7.386425	2496	2593498368.000000
281474976710655.000000	7.360461	2497	2594524416.000000
281474976710655.000000	7.579511	2498	2595534336.000000
281474976710655.000000	7.460745	2499	2596560384.000000
281474976710655.000000	7.355070	2500	2597570304.000000
281474976710655.000000	7.436749	2501	2598596864.000000
281474976710655.000000	7.415555	2502	2599606784.000000
281474976710655.000000	7.411560	2503	2600632320.000000
281474976710655.000000	7.753321	2504	2601643008.000000
281474976710655.000000	7.331833	2505	2602668288.000000
281474976710655.000000	7.493557	2506	2603679232.000000
281474976710655.000000	7.407667	2507	2604704000.000000
281474976710655.000000	7.424281	2508	2605714944.000000
281474976710655.000000	7.485128	2509	2606739968.000000
281474976710655.000000	7.206676	2510	2607751424.000000
281474976710655.000000	7.561725	2511	2608775680.000000
281474976710655.000000	7.398015	2512	2609787648.000000
281474976710655.000000	7.239252	2513	2610811392.000000
281474976710655.000000	7.354067	2514	2611823872.000000
281474976710655.000000	7.290645	2515	2612847360.000000
281474976710655.000000	7.433514	2516	2613860096.000000
281474976710655.000000	7.325679	2517	2614883328.000000
281474976710655.000000	7.148490	2518	2615896320.000000
281474976710655.000000	7.412582	2519	2616918784.000000
281474976710655.000000	7.288469	2520	2617932032.000000
281474976710655.000000	7.551563	2521	2618954752.000000
281474976710655.000000	7.251801	2522	2619968512.000000
281474976710655.000000	7.183995	2523	2620990720.000000
281474976710655.000000	7.296250	2524	2622004992.000000
281474976710655.000000	7.221037	2525	2623026176.000000
281474976710655.000000	7.058834	2526	2624040704.000000
281474976710655.000000	7.216740	2527	2625062912.000000
281474976710655.000000	7.175433	2528	2626077184.000000
281474976710655.000000	7.480217	2529	2627098368.000000
281474976710655.000000	7.273704	2530	2628112896.000000
281474976710655.000000	7.278694	2531	2629134848.000000
281474976710655.000000	7.392983	2532	2630148864.000000
281474976710655.000000	7.400621	2533	2631170560.000000
281474976710655.000000	7.087034	2534	2632184576.000000
281474976710655.000000	7.211006	2535	2633207040.000000
281474976710655.000000	7.213912	2536	2634220544.000000
281474976710655.000000	7.664059	2537	2635243264.000000
281474976710655.000000	7.222886	2538	2636256256.000000
281474976710655.000000	7.412976	2539	2637278976.000000
281474976710655.000000	7.357562	2540	2638291968.000000
281474976710655.000000	7.233122	2541	2639315712.000000
281474976710655.000000	7.349193	2542	2640327936.000000
281474976710655.000000	7.193178	2543	2641351424.000000
281474976710655.000000	7.261947	2544	2642363392.000000
281474976710655.000000	7.552987	2545	2643388160.000000
281474976710655.000000	7.437600	2546	2644399872.000000
281474976710655.000000	7.624839	2547	2645424384.000000
281474976710655.000000	7.475082	2548	2646435072.000000
281474976710655.000000	7.225845	2549	2647460608.000000
281474976710655.000000	7.514569	2550	2648471552.000000
281474976710655.000000	7.487157	2551	2649496832.000000
281474976710655.000000	7.500722	2552	2650507008.000000
281474976710655.000000	7.376131	2553	2651532544.000000
281474976710655.000000	7.069894	2554	2652542720.000000
281474976710655.000000	7.630545	2555	2653569024.000000
281474976710655.000000	7.699215	2556	2654579200.000000
281474976710655.000000	7.371912	2557	2655604736.000000
281474976710655.000000	7.560918	2558	2656614912.000000
281474976710655.000000	7.138053	2559	2657641216.000000
281474976710655.000000	7.414259	2560	2658651392.000000
281474976710655.000000	7.566674	2561	2659676928.000000
281474976710655.000000	7.434621	2562	2660687104.000000
281474976710655.000000	7.453842	2563	2661712640.000000
281474976710655.000000	7.481209	2564	2662723584.000000
281474976710655.000000	7.463768	2565	2663748352.000000
281474976710655.000000	7.719109	2566	2664760064.000000
281474976710655.000000	7.328591	2567	2665784320.000000
281474976710655.000000	7.250493	2568	2666796288.000000
281474976710655.000000	7.333359	2569	2667820288.000000
281474976710655.000000	7.336414	2570	2668832512.000000
281474976710655.000000	7.576879	2571	2669855744.000000
281474976710655.000000	7.026537	2572	2670868736.000000
281474976710655.000000	7.452053	2573	2671892224.000000
281474976710655.000000	7.411246	2574	2672904960.000000
281474976710655.000000	7.470682	2575	2673927424.000000
281474976710655.000000	7.370612	2576	2674941184.000000
281474976710655.000000	7.543287	2577	2675963392.000000
281474976710655.000000	7.172429	2578	2676977664.000000
281474976710655.000000	7.514735	2579	2677999104.000000
281474976710655.000000	7.656756	2580	2679012608.000000
281474976710655.000000	7.602716	2581	2680035840.000000
281474976710655.000000	7.112196	2582	2681049600.000000
281474976710655.000000	7.385156	2583	2682071296.000000
281474976710655.000000	7.448714	2584	2683085056.000000
281474976710655.000000	7.185725	2585	2684107264.000000
281474976710655.000000	7.189033	2586	2685121024.000000
281474976710655.000000	7.316985	2587	2686143744.000000
281474976710655.000000	7.436508	2588	2687156992.000000
281474976710655.000000	7.378149	2589	2688179456.000000
281474976710655.000000	7.346525	2590	2689192448.000000
281474976710655.000000	7.287242	2591	2690215936.000000
281474976710655.000000	7.396496	2592	2691228416.000000
281474976710655.000000	7.270923	2593	2692251648.000000
281474976710655.000000	7.387945	2594	2693264128.000000
281474976710655.000000	7.281039	2595	2694287616.000000
281474976710655.000000	7.211841	2596	2695300608.000000
281474976710655.000000	7.252354	2597	2696324608.000000
281474976710655.000000	7.600893	2598	2697336064.000000
281474976710655.000000	7.816122	2599	2698360320.000000
281474976710655.000000	7.806901	2600	2699372032.000000
281474976710655.000000	7.437343	2601	2700397056.000000
281474976710655.000000	7.309114	2602	2701407744.000000
281474976710655.000000	7.505904	2603	2702432512.000000
281474976710655.000000	7.891222	2604	2703443200.000000
281474976710655.000000	7.448294	2605	2704468480.000000
281474976710655.000000	7.631103	2606	2705479936.000000
281474976710655.000000	7.249463	2607	2706505472.000000
281474976710655.000000	7.624497	2608	2707515392.000000
281474976710655.000000	7.237968	2609	2708541184.000000
281474976710655.000000	7.524905	2610	2709551104.000000
281474976710655.000000	7.350983	2611	2710577152.000000
281474976710655.000000	7.028941	2612	2711587840.000000
281474976710655.000000	7.209898	2613	2712613120.000000
281474976710655.000000	7.293899	2614	2713623040.000000
281474976710655.000000	7.982090	2615	2714649088.000000
281474976710655.000000	7.554104	2616	2715660544.000000
281474976710655.000000	7.532929	2617	2716685568.000000
281474976710655.000000	7.578592	2618	2717696256.000000
281474976710655.000000	7.224072	2619	2718721024.000000
281474976710655.000000	7.317672	2620	2719731712.000000
281474976710655.000000	7.425990	2621	2720756992.000000
281474976710655.000000	7.275636	2622	2721768704.000000
281474976710655.000000	7.687256	2623	2722792960.000000
281474976710655.000000	7.679475	2624	2723805184.000000
281474976710655.000000	7.318391	2625	2724828416.000000
281474976710655.000000	7.459972	2626	2725840896.000000
281474976710655.000000	7.310315	2627	2726864384.000000
281474976710655.000000	7.237824	2628	2727877376.000000
281474976710655.000000	7.523298	2629	2728900096.000000
281474976710655.000000	7.011937	2630	2729913856.000000
281474976710655.000000	7.439522	2631	2730935808.000000
281474976710655.000000	7.316374	2632	2731950336.000000
281474976710655.000000	7.334521	2633	2732971776.000000
281474976710655.000000	7.291040	2634	2733986560.000000
281474976710655.000000	7.234502	2635	2735007232.000000
281474976710655.000000	6.975123	2636	2736022272.000000
281474976710655.000000	7.125777	2637	2737043200.000000
281474976710655.000000	7.125386	2638	2738059008.000000
281474976710655.000000	7.628640	2639	2739079168.000000
281474976710655.000000	7.351921	2640	2740094464.000000
281474976710655.000000	7.264908	2641	2741115136.000000
281474976710655.000000	7.129526	2642	2742130944.000000
281474976710655.000000	7.090666	2643	2743151104.000000
281474976710655.000000	7.031355	2644	2744166656.000000
281474976710655.000000	7.184423	2645	2745186816.000000
281474976710655.000000	7.017095	2646	2746202624.000000
281474976710655.000000	7.298271	2647	2747223552.000000
281474976710655.000000	7.331574	2648	2748238336.000000
281474976710655.000000	7.686101	2649	2749259008.000000
281474976710655.000000	7.405594	2650	2750273792.000000
281474976710655.000000	7.267546	2651	2751295744.000000
281474976710655.000000	7.269439	2652	2752309760.000000
281474976710655.000000	7.296703	2653	2753332224.000000
281474976710655.000000	7.374158	2654	2754345472.000000
281474976710655.000000	7.474252	2655	2755368448.000000
281474976710655.000000	7.148114	2656	2756381184.000000
281474976710655.000000	7.385776	2657	2757404672.000000
281474976710655.000000	7.558458	2658	2758417152.000000
281474976710655.000000	7.446565	2659	2759441152.000000
281474976710655.000000	7.400282	2660	2760452864.000000
281474976710655.000000	7.251387	2661	2761477632.000000
281474976710655.000000	7.521580	2662	2762488320.000000
281474976710655.000000	7.330535	2663	2763513856.000000
281474976710655.000000	7.651796	2664	2764524288.000000
281474976710655.000000	7.463013	2665	2765549568.000000
281474976710655.000000	7.202637	2666	2766560000.000000
281474976710655.000000	7.378569	2667	2767586304.000000
281474976710655.000000	8.237409	2668	2768595968.000000
281474976710655.000000	7.610844	2669	2769622528.000000
281474976710655.000000	7.762104	2670	2770631936.000000
281474976710655.000000	7.556337	2671	2771657984.000000
281474976710655.000000	7.398612	2672	2772668416.000000
281474976710655.000000	7.650511	2673	2773693952.000000
281474976710655.000000	7.620328	2674	2774704128.000000
281474976710655.000000	7.643306	2675	2775729920.000000
281474976710655.000000	7.346700	2676	2776740608.000000
281474976710655.000000	7.153862	2677	2777765632.000000
281474976710655.000000	7.832080	2678	2778776832.000000
281474976710655.000000	7.480861	2679	2779801088.000000
281474976710655.000000	7.249155	2680	2780813312.000000
281474976710655.000000	7.489004	2681	2781837056.000000
281474976710655.000000	7.332531	2682	2782849792.000000
281474976710655.000000	7.653211	2683	2783872768.000000
281474976710655.000000	7.212296	2684	2784886272.000000
281474976710655.000000	7.263862	2685	2785908224.000000
281474976710655.000000	7.310936	2686	2786922496.000000
281474976710655.000000	7.472065	2687	2787943936.000000
281474976710655.000000	7.172993	2688	2788958976.000000
281474976710655.000000	7.145018	2689	2789979392.000000
281474976710655.000000	6.884809	2690	2790995456.000000
281474976710655.000000	7.164359	2691	2792015104.000000
281474976710655.000000	7.314703	2692	2793031680.000000
281474976710655.000000	7.286858	2693	2794051072.000000
281474976710655.000000	7.202023	2694	2795067904.000000
281474976710655.000000	7.335060	2695	2796087040.000000
281474976710655.000000	7.282568	2696	2797104128.000000
281474976710655.000000	7.274924	2697	2798122752.000000
281474976710655.000000	7.152770	2698	2799139840.000000
281474976710655.000000	6.985925	2699	2800158720.000000
281474976710655.000000	6.992834	2700	2801176320.000000
281474976710655.000000	7.397803	2701	2802195200.000000
281474976710655.000000	7.186682	2702	2803211776.000000
281474976710655.000000	7.258987	2703	2804231424.000000
281474976710655.000000	7.154110	2704	2805247488.000000
281474976710655.000000	7.430694	2705	2806267648.000000
281474976710655.000000	7.304635	2706	2807283200.000000
281474976710655.000000	7.385073	2707	2808304128.000000
281474976710655.000000	7.204629	2708	2809318656.000000
281474976710655.000000	7.318954	2709	2810340352.000000
281474976710655.000000	7.200234	2710	2811354624.000000
281474976710655.000000	7.485823	2711	2812376832.000000
281474976710655.000000	7.335630	2712	2813389824.000000
281474976710655.000000	7.651560	2713	2814413056.000000
281474976710655.000000	7.667123	2714	2815425536.000000
281474976710655.000000	7.236406	2715	2816449536.000000
281474976710655.000000	7.502343	2716	2817460992.000000
281474976710655.000000	7.340835	2717	2818486016.000000
281474976710655.000000	7.739423	2718	2819496704.000000
281474976710655.000000	7.431785	2719	2820521728.000000
281474976710655.000000	7.415561	2720	2821532416.000000
281474976710655.000000	7.524529	2721	2822558464.000000
281474976710655.000000	7.531744	2722	2823568896.000000
281474976710655.000000	7.473581	2723	2824594688.000000
281474976710655.000000	7.452193	2724	2825603840.000000
281474976710655.000000	7.304472	2725	2826630400.000000
281474976710655.000000	7.570507	2726	2827640576.000000
281474976710655.000000	7.390956	2727	2828667136.000000
281474976710655.000000	7.760894	2728	2829676032.000000
281474976710655.000000	7.365970	2729	2830702592.000000
281474976710655.000000	7.604311	2730	2831712000.000000
281474976710655.000000	7.621128	2731	2832739072.000000
281474976710655.000000	7.397831	2732	2833748736.000000
281474976710655.000000	7.535388	2733	2834774528.000000
281474976710655.000000	7.708604	2734	2835784448.000000
281474976710655.000000	7.501010	2735	2836810496.000000
281474976710655.000000	7.373212	2736	2837821440.000000
281474976710655.000000	7.436618	2737	2838846208.000000
281474976710655.000000	7.567897	2738	2839857152.000000
281474976710655.000000	7.267496	2739	2840881920.000000
281474976710655.000000	7.235951	2740	2841894144.000000
281474976710655.000000	7.455842	2741	2842917888.000000
281474976710655.000000	7.253237	2742	2843929856.000000
281474976710655.000000	7.496459	2743	2844953344.000000
281474976710655.000000	7.324838	2744	2845966592.000000
281474976710655.000000	7.577981	2745	2846989056.000000
281474976710655.000000	7.393125	2746	2848003072.000000
281474976710655.000000	7.688428	2747	2849024512.000000
281474976710655.000000	7.432105	2748	2850039296.000000
281474976710655.000000	7.258207	2749	2851060224.000000
281474976710655.000000	7.198284	2750	2852075776.000000
281474976710655.000000	7.330077	2751	2853095936.000000
281474976710655.000000	7.020867	2752	2854112000.000000
281474976710655.000000	6.945777	2753	2855132416.000000
281474976710655.000000	7.287579	2754	2856148224.000000
281474976710655.000000	7.410955	2755	2857167872.000000
281474976710655.000000	7.155347	2756	2858184448.000000
281474976710655.000000	7.112165	2757	2859203584.000000
281474976710655.000000	7.196370	2758	2860220672.000000
281474976710655.000000	7.593363	2759	2861239552.000000
281474976710655.000000	7.477782	2760	2862256128.000000
281474976710655.000000	7.415235	2761	2863275264.000000
281474976710655.000000	7.154119	2762	2864292608.000000
281474976710655.000000	7.465410	2763	2865312256.000000
281474976710655.000000	7.078650	2764	2866328320.000000
281474976710655.000000	7.113726	2765	2867347456.000000
281474976710655.000000	7.340027	2766	2868364288.000000
281474976710655.000000	7.221004	2767	2869384448.000000
281474976710655.000000	7.295679	2768	2870400256.000000
