time (s)	theta (A)	maj axis/z0	min axis/z0	crossing#mod 255
5646.231642	317.016327	0.953675	0.009586	159
5648.322555	317.047424	0.953762	0.009420	161
5650.413592	317.015717	0.952787	0.009663	163
5652.504713	317.079376	0.951775	0.009720	165
5654.595557	317.017365	0.952157	0.009740	167
5656.687017	317.027679	0.952584	0.009894	169
5658.777749	317.047333	0.952674	0.009939	171
5660.868840	317.040741	0.953097	0.010012	173
5662.959974	317.067383	0.953572	0.010045	175
5665.050748	317.030701	0.953707	0.010081	177
5667.141836	317.016693	0.954169	0.010004	179
5669.232555	317.008545	0.953911	0.010203	181
5671.323417	316.980347	0.953825	0.010237	183
5673.414125	316.988037	0.953588	0.009868	185
5675.504851	316.951111	0.953045	0.009982	187
5677.595461	316.979889	0.951997	0.010059	189
5679.686258	317.007324	0.951756	0.010162	191
5681.776806	316.982513	0.951751	0.010196	193
5683.867536	317.032074	0.950461	0.010341	195
5685.958659	316.976776	0.951037	0.010184	197
5688.049593	317.038483	0.950658	0.010350	199
5690.140464	316.977722	0.951564	0.010265	201
5692.231124	317.036682	0.952071	0.010303	203
5694.321814	316.996216	0.951408	0.010588	205
5696.412899	317.063660	0.951367	0.010458	207
5698.503892	317.084106	0.950693	0.010646	209
5700.594820	317.025116	0.951599	0.010448	211
5702.685939	317.016235	0.952832	0.010541	213
5704.776720	316.980743	0.952293	0.010572	215
5706.867989	317.079376	0.953032	0.010331	217
5708.959148	317.029633	0.953648	0.010597	219
5711.050155	316.991394	0.953969	0.010579	221
5713.141366	317.068115	0.953326	0.011013	223
5715.232419	316.989075	0.954560	0.010371	225
5717.323427	317.064545	0.954485	0.010903	227
5719.414691	317.302795	0.954364	0.009562	229
5721.506256	317.048676	0.954638	0.011246	231
5723.597095	317.048462	0.953804	0.011131	233
5725.687944	317.074951	0.953101	0.011375	235
5727.777827	316.846466	0.954197	0.012172	237
5729.869009	316.926453	0.953127	0.011504	239
5731.959625	317.049774	0.952482	0.011616	241
5734.050451	317.014282	0.952365	0.011442	243
5736.141088	317.035431	0.951181	0.011655	245
5738.231840	317.049042	0.950652	0.011616	247
5740.322811	317.054077	0.950101	0.011383	249
5742.413533	317.141296	0.950643	0.012408	251
5744.504747	317.060913	0.951132	0.011625	253
5746.595094	317.010529	0.950676	0.012035	255
5748.685659	317.053314	0.950256	0.011828	1
5750.777369	317.191559	0.951394	0.010744	3
5752.867494	316.893585	0.951877	0.012441	5
5754.958898	317.195160	0.950954	0.011896	7
5757.050293	317.035309	0.950963	0.011600	9
5759.140686	316.965759	0.950911	0.013248	11
5761.231136	317.115417	0.951492	0.012566	13
5763.322251	317.104340	0.951442	0.012590	15
5765.413045	317.085724	0.952268	0.012373	17
5767.504088	317.074280	0.952072	0.012254	19
5769.594957	317.082550	0.951701	0.012355	21
5771.686304	317.066986	0.952870	0.012122	23
5773.777206	317.050171	0.952854	0.011841	25
5775.868337	317.049286	0.954213	0.011693	27
5777.959540	317.049561	0.954305	0.011701	29
5780.050891	317.079407	0.954357	0.011701	31
5782.141079	317.026947	0.954652	0.011638	33
5784.232420	317.041931	0.954804	0.011828	35
5786.323268	316.999695	0.954604	0.011315	37
5788.414100	316.990601	0.953870	0.011456	39
5790.504899	316.992187	0.952953	0.011286	41
5792.595673	317.012360	0.952643	0.011276	43
5794.686523	317.007690	0.953283	0.011280	45
5796.777222	317.008362	0.953485	0.011203	47
5798.867740	316.983215	0.954032	0.011437	49
5800.958887	316.975555	0.953701	0.011622	51
5803.049497	317.004486	0.952798	0.011539	53
5805.140298	316.972687	0.951378	0.011813	55
5807.231163	316.995911	0.950123	0.011454	57
5809.321821	317.036407	0.948779	0.011690	59
5811.412673	317.012817	0.949523	0.011707	61
5813.503512	317.075409	0.949486	0.011844	63
5815.594577	317.022705	0.950751	0.012007	65
5817.685468	317.026520	0.950644	0.012122	67
5819.776417	317.026703	0.950696	0.012359	69
5821.867377	317.117767	0.950731	0.012041	71
5823.958314	317.078613	0.950333	0.012519	73
5826.049426	317.076111	0.949759	0.012156	75
5828.140562	317.121735	0.950666	0.012279	77
5830.231497	317.077850	0.950772	0.012369	79
5832.322591	317.087463	0.951273	0.012508	81
5834.413604	317.096924	0.950687	0.012497	83
5836.504452	317.096832	0.951304	0.012796	85
5838.595570	317.086060	0.951315	0.012836	87
5840.686477	317.088470	0.950074	0.013335	89
5842.777535	317.097931	0.950057	0.013277	91
5844.868354	317.106201	0.951042	0.013180	93
5846.959452	317.070343	0.951911	0.013235	95
5849.050372	317.049591	0.952908	0.012969	97
5851.140907	317.043518	0.952504	0.013153	99
5853.231484	317.079987	0.952196	0.013354	101
5855.322765	317.069305	0.951939	0.013150	103
5857.413407	317.055084	0.953453	0.012940	105
5859.504124	317.077820	0.954045	0.013232	107
5861.595001	317.090393	0.954530	0.013351	109
5863.685734	317.062012	0.954220	0.013397	111
5865.776592	317.077820	0.954571	0.013355	113
5867.867352	317.070465	0.953176	0.013329	115
5869.958030	317.061005	0.951492	0.013124	117
5872.049108	317.101685	0.950976	0.012870	119
5874.139648	317.080536	0.950423	0.012717	121
5876.230904	317.118347	0.950770	0.012538	123
5878.321753	317.120331	0.950868	0.012713	125
5880.412824	317.110077	0.951103	0.012811	127
5882.503978	317.101868	0.950387	0.012618	129
5884.594951	317.064362	0.950553	0.012620	131
5886.685856	317.119476	0.951046	0.012667	133
5888.776964	317.086700	0.952036	0.012630	135
5890.867636	317.078766	0.952434	0.012714	137
5892.958734	317.078156	0.953148	0.012602	139
5895.050012	317.075500	0.953695	0.012605	141
5897.140888	317.066345	0.953185	0.012460	143
5899.231836	317.055511	0.952771	0.012421	145
5901.322854	317.050903	0.952392	0.012142	147
5903.413590	317.032471	0.952151	0.012186	149
5905.504635	317.046082	0.951957	0.012155	151
5907.595335	316.974304	0.952294	0.012096	153
5909.686335	317.034637	0.950768	0.011840	155
5911.777296	317.013855	0.949598	0.011700	157
5913.868054	317.036621	0.948265	0.011613	159
5915.958932	317.034149	0.948533	0.011696	161
5918.049660	316.981995	0.948326	0.011603	163
5920.140285	317.019867	0.947273	0.011289	165
5922.231259	317.021118	0.947229	0.011295	167
5924.322238	316.998962	0.947077	0.011332	169
5926.412837	316.989655	0.947669	0.011149	171
5928.503858	317.008911	0.947953	0.011107	173
5930.594690	317.045044	0.946412	0.011251	175
5932.685400	317.044556	0.947055	0.011095	177
5934.776345	316.962830	0.947340	0.011125	179
5936.867410	316.987244	0.946425	0.011303	181
5938.958260	317.018951	0.946875	0.011087	183
5941.049127	317.020630	0.946776	0.011386	185
5943.140421	317.023560	0.947377	0.011123	187
5945.231114	317.047302	0.947407	0.010962	189
5947.322343	317.006042	0.948274	0.011238	191
5949.413250	317.028748	0.949250	0.011246	193
5951.504208	317.026154	0.949627	0.011087	195
5953.595324	316.998108	0.949279	0.011046	197
5955.686233	317.008575	0.948372	0.011055	199
5957.777321	317.009338	0.948889	0.010975	201
5959.868322	317.002472	0.949310	0.010909	203
5961.959050	316.986847	0.950716	0.010740	205
5964.050133	316.975830	0.950644	0.010863	207
5966.140945	316.963898	0.950936	0.010662	209
5968.232066	316.933044	0.951030	0.010510	211
5970.322682	316.969269	0.950682	0.010672	213
5972.413759	316.946533	0.950600	0.010656	215
5974.504254	316.957092	0.948800	0.010482	217
5976.595306	316.949280	0.947718	0.010477	219
5978.686133	316.917419	0.948006	0.010307	221
5980.776911	316.949738	0.947157	0.010369	223
5982.867697	316.954865	0.948547	0.010232	225
5984.958469	316.902832	0.947846	0.010296	227
5987.049423	316.927399	0.947356	0.010286	229
5989.140258	316.931183	0.944905	0.010412	231
5991.231100	316.983948	0.945099	0.010208	233
5993.322100	316.936493	0.945958	0.010239	235
5995.412934	316.946533	0.946452	0.010023	237
5997.503910	316.948853	0.947480	0.009830	239
5999.594776	316.906006	0.947643	0.009754	241
6001.686009	316.930511	0.947473	0.009646	243
6003.777051	316.926575	0.947969	0.009850	245
6005.867967	316.887115	0.948025	0.009663	247
6007.958871	316.927856	0.949095	0.009648	249
6010.050086	316.883087	0.949210	0.009517	251
6012.141175	316.888702	0.948197	0.009462	253
6014.232416	316.902466	0.947949	0.009432	255
6016.323391	316.930878	0.947207	0.009394	1
6018.414420	316.903992	0.948563	0.009061	3
6020.505117	316.871368	0.949144	0.009099	5
6022.596284	316.866241	0.949791	0.009215	7
6024.687106	316.881042	0.950514	0.009271	9
6026.777935	316.858337	0.950975	0.009244	11
6028.868877	316.846954	0.952057	0.009195	13
6030.959545	316.833771	0.951765	0.009132	15
6033.050590	316.831207	0.952334	0.009137	17
6035.141471	316.808472	0.951665	0.009027	19
6037.232317	316.746490	0.950779	0.009267	21
6039.323158	316.804901	0.949853	0.008856	23
6041.413950	316.800507	0.947770	0.008896	25
6043.504546	316.845367	0.947408	0.008768	27
6045.596104	316.791870	0.947062	0.008723	29
6047.686366	316.804779	0.946981	0.008554	31
6049.777520	316.841003	0.946825	0.008624	33
6051.868244	316.839020	0.947087	0.008569	35
6053.959104	316.806152	0.947670	0.008553	37
6056.050149	316.823303	0.948678	0.008414	39
6058.140933	316.812317	0.949257	0.008334	41
6060.232308	316.802612	0.948786	0.008340	43
6062.322888	316.797211	0.949465	0.008306	45
6064.413978	316.774506	0.948842	0.008465	47
6066.504954	316.782959	0.948970	0.008417	49
6068.596006	316.798279	0.948552	0.008245	51
6070.687105	316.773376	0.948933	0.008339	53
6072.778037	316.761597	0.948678	0.008319	55
6074.869085	316.774719	0.947975	0.008178	57
6076.959993	316.751007	0.947784	0.008178	59
6079.051068	316.726105	0.946734	0.008162	61
6081.142004	316.761200	0.945810	0.008269	63
6083.232951	316.731110	0.947183	0.008068	65
6085.323806	316.731628	0.947969	0.007977	67
6087.414572	316.759247	0.948665	0.007987	69
6089.505484	316.709717	0.948731	0.008063	71
6091.596389	316.737549	0.947805	0.008082	73
6093.687098	316.711304	0.948443	0.008065	75
6095.777991	316.735626	0.948735	0.008086	77
6097.868593	316.703369	0.949545	0.008252	79
6099.959490	316.697113	0.948742	0.008035	81
6102.050250	316.697296	0.948926	0.008185	83
6104.141087	316.720551	0.948592	0.008258	85
6106.232027	316.700623	0.947901	0.008208	87
6108.322727	316.729095	0.948104	0.008294	89
6110.413842	316.708252	0.949008	0.008410	91
6112.504526	316.713226	0.949164	0.008388	93
6114.595523	316.711700	0.948500	0.008413	95
6116.686618	316.713379	0.948791	0.008570	97
6118.777547	316.697968	0.947997	0.008404	99
6120.868437	316.705963	0.946439	0.008259	101
6122.959697	316.700592	0.946346	0.008395	103
6125.050202	316.709045	0.946657	0.008507	105
6127.141783	316.698120	0.946101	0.008517	107
6129.232577	316.626801	0.945664	0.008503	109
6131.323699	316.701416	0.945731	0.008553	111
6133.414336	316.727875	0.945605	0.008886	113
6135.505374	316.696259	0.947745	0.008640	115
6137.596389	316.713379	0.948228	0.008721	117
6139.687200	316.672424	0.948676	0.009027	119
6141.778196	316.680511	0.949564	0.008929	121
6143.869072	316.680603	0.949091	0.008903	123
6145.960071	316.659119	0.949471	0.008995	125
6148.050833	316.655151	0.949431	0.008868	127
6150.141461	316.687714	0.948414	0.008828	129
6152.232397	316.696289	0.949248	0.009234	131
6154.323090	316.645752	0.949881	0.009490	133
6156.413828	316.670593	0.949834	0.009450	135
6158.504853	316.672394	0.950033	0.009364	137
6160.595799	316.663452	0.950212	0.009520	139
6162.686270	316.689667	0.949553	0.009529	141
6164.777672	316.684570	0.949959	0.009544	143
6166.868402	316.700623	0.950240	0.009663	145
6168.959279	316.670044	0.950579	0.009590	147
6171.049998	316.690125	0.950878	0.009412	149
6173.140850	316.616638	0.950400	0.009260	151
6175.231987	316.644104	0.949998	0.009117	153
6177.322587	316.688293	0.950991	0.009116	155
6179.413603	316.659546	0.950258	0.009253	157
6181.504505	316.654694	0.949402	0.009263	159
6183.595792	316.682861	0.949452	0.009540	161
6185.686731	316.656677	0.949240	0.009399	163
6187.777819	316.663422	0.948867	0.009505	165
6189.868583	316.692322	0.947538	0.009447	167
6191.959966	316.667175	0.947372	0.009424	169
6194.050529	316.694244	0.947882	0.009369	171
6196.141663	316.630219	0.947801	0.009520	173
6198.232501	316.650299	0.947805	0.009461	175
6200.323340	316.641449	0.948842	0.009696	177
6202.414405	316.645355	0.949765	0.009687	179
6204.505179	316.646729	0.950478	0.009630	181
6206.596280	316.624298	0.951376	0.009796	183
6208.686954	316.606934	0.951279	0.009895	185
6210.777941	316.606201	0.949643	0.009792	187
6212.868704	316.634491	0.948791	0.009636	189
6214.959212	316.582611	0.948125	0.009782	191
6217.049882	316.626678	0.947928	0.009557	193
6219.141422	316.621155	0.948848	0.009772	195
6221.232094	316.622070	0.949153	0.009742	197
6223.322781	316.651581	0.949369	0.009805	199
6225.413878	316.623047	0.949654	0.009677	201
6227.504544	316.576385	0.949141	0.009882	203
6229.595556	316.602448	0.949290	0.009676	205
6231.686327	316.588013	0.949126	0.009789	207
6233.777342	316.582245	0.948667	0.009661	209
6235.868122	316.594391	0.948255	0.009687	211
6237.959178	316.605927	0.947611	0.009664	213
6240.050151	316.589630	0.948424	0.009486	215
6242.141138	316.580261	0.948047	0.009524	217
6244.232242	316.624390	0.947618	0.009625	219
6246.323046	316.587646	0.948243	0.009499	221
6248.413964	316.565643	0.948125	0.009749	223
6250.505199	316.587219	0.946589	0.009440	225
6252.595888	316.561157	0.946597	0.009341	227
6254.686549	316.570801	0.945226	0.009204	229
6256.778023	316.522552	0.944712	0.009264	231
6258.868384	316.569794	0.944353	0.009010	233
6260.959714	316.577850	0.946710	0.009199	235
6263.050283	316.557007	0.947168	0.009276	237
6265.141540	316.525146	0.947729	0.009099	239
6267.231877	316.503723	0.948091	0.008872	241
6269.323356	316.533447	0.948450	0.008982	243
6271.413821	316.529144	0.948252	0.008951	245
6273.504251	316.534760	0.948644	0.009099	247
6275.595567	316.493988	0.949304	0.008960	249
6277.686243	316.551422	0.949445	0.008962	251
6279.777318	316.502686	0.950102	0.008847	253
6281.868005	316.475525	0.949421	0.008761	255
6283.958801	316.500397	0.949558	0.008824	1
6286.049891	316.504211	0.949006	0.008874	3
6288.140841	316.509674	0.947956	0.008801	5
6290.231832	316.480103	0.948876	0.008601	7
6292.322740	316.482513	0.948220	0.008708	9
6294.413915	316.481903	0.947897	0.008576	11
6296.504821	316.486115	0.948103	0.008624	13
6298.595686	316.563660	0.949234	0.008719	15
6300.686865	316.479553	0.950211	0.008462	17
6302.777791	316.491364	0.950197	0.008608	19
6304.868763	316.477600	0.950245	0.008477	21
6306.959522	316.457184	0.950633	0.008555	23
6309.050492	316.457031	0.949338	0.008534	25
6311.141502	316.435547	0.948565	0.008527	27
6313.232472	316.425262	0.947430	0.008496	29
6315.323310	316.464355	0.947685	0.008501	31
6317.414511	316.412537	0.947902	0.008391	33
6319.505102	316.426392	0.948639	0.008244	35
6321.595867	316.431152	0.948502	0.008344	37
6323.686859	316.391479	0.948952	0.008315	39
6325.777680	316.386230	0.949248	0.008444	41
6327.868419	316.440582	0.948526	0.008293	43
6329.959192	316.403564	0.948616	0.008073	45
6332.050115	316.377563	0.948835	0.008031	47
6334.140766	316.420868	0.948563	0.008087	49
6336.231958	316.345428	0.948542	0.007864	51
6338.322096	316.312805	0.948876	0.007570	53
6340.413766	316.370880	0.948953	0.008354	55
6342.504712	316.357208	0.948189	0.007702	57
6344.595456	316.345825	0.947868	0.007712	59
6346.686259	316.393829	0.947430	0.007666	61
6348.777279	316.313660	0.946985	0.007397	63
6350.868292	316.395752	0.946156	0.007299	65
6352.959394	316.369141	0.946809	0.007226	67
6355.050122	316.335052	0.947337	0.007008	69
6357.141233	316.351807	0.946884	0.007075	71
6359.232133	316.338745	0.945740	0.007194	73
6361.323151	316.328583	0.946351	0.006965	75
6363.414026	316.329590	0.946968	0.006888	77
6365.505058	316.320923	0.946891	0.006934	79
6367.596006	316.336761	0.946251	0.006929	81
6369.686820	316.290253	0.946510	0.006958	83
6371.777647	316.298309	0.947656	0.007148	85
6373.868715	316.306915	0.949637	0.006900	87
6375.959402	316.313812	0.949534	0.007163	89
6378.050836	316.255890	0.949307	0.007179	91
6380.141810	316.290161	0.948513	0.007279	93
6382.232478	316.267181	0.949230	0.007311	95
6384.323284	316.259460	0.949135	0.007423	97
6386.414201	316.269196	0.949352	0.007343	99
6388.505115	316.282013	0.949440	0.007477	101
6390.595905	316.263947	0.949506	0.007525	103
6392.686993	316.291504	0.949474	0.007362	105
6394.777468	316.247894	0.949207	0.007291	107
6396.868575	316.266022	0.949637	0.007304	109
6398.959476	316.223206	0.949331	0.007423	111
6401.050135	316.252014	0.948755	0.007203	113
6403.141217	316.270660	0.949621	0.007265	115
6405.232000	316.219971	0.949992	0.007213	117
6407.322813	316.184692	0.948871	0.007576	119
6409.413689	316.226471	0.948357	0.007145	121
6411.504706	316.283783	0.948338	0.007435	123
6413.596011	316.207367	0.948604	0.007236	125
6415.686886	316.204620	0.948924	0.007004	127
6417.777897	316.186584	0.948077	0.007136	129
6419.868725	316.165222	0.947098	0.007198	131
6421.959753	316.153107	0.945642	0.006666	133
6424.050486	316.180878	0.946747	0.006721	135
6426.141344	316.160004	0.950130	0.006786	137
6428.232225	316.160553	0.948439	0.006675	139
6430.322872	316.205200	0.948687	0.006745	141
6432.414301	316.142120	0.949438	0.006977	143
6434.504551	316.181915	0.949036	0.007159	145
6436.595415	316.170532	0.949426	0.007255	147
6438.686840	316.093628	0.949700	0.007342	149
6440.777448	316.163971	0.949607	0.006955	151
6442.868621	316.136017	0.950372	0.007000	153
6444.959433	316.167572	0.951223	0.007047	155
6447.050472	316.160583	0.950719	0.006848	157
6449.141439	316.131104	0.950660	0.006635	159
6451.232016	316.138031	0.950956	0.007303	161
6453.322970	316.209869	0.950707	0.008002	163
6455.414208	316.110687	0.951418	0.007155	165
6457.504917	316.142822	0.949609	0.007227	167
6459.595992	316.171906	0.949781	0.007281	169
6461.686702	316.142487	0.950448	0.007242	171
6463.777741	316.096741	0.949539	0.007121	173
6465.868669	316.118225	0.948223	0.007154	175
6467.959637	316.116699	0.947009	0.007102	177
6470.050599	316.123688	0.947198	0.006924	179
6472.141368	316.135284	0.947369	0.006970	181
6474.232440	316.102936	0.947441	0.006939	183
6476.323245	316.147522	0.947760	0.007061	185
6478.414435	316.112885	0.949186	0.007003	187
6480.505111	316.096710	0.950336	0.007052	189
6482.596028	316.068573	0.949904	0.007179	191
6484.687181	316.115845	0.949039	0.007379	193
6486.777546	316.067139	0.947115	0.007023	195
6488.869278	316.124451	0.947949	0.007407	197
6490.958783	316.115631	0.947805	0.007024	199
6493.050514	316.089050	0.948275	0.007668	201
6495.140778	316.148804	0.950003	0.007411	203
6497.231625	316.115723	0.949202	0.007820	205
6499.323001	316.081329	0.948352	0.007942	207
6501.413842	316.103546	0.947643	0.007959	209
6503.504675	316.093323	0.946810	0.008027	211
6505.595771	316.211945	0.946976	0.007916	213
6507.686216	316.169189	0.947047	0.008274	215
6509.777289	316.140839	0.947153	0.008374	217
6511.867990	316.120514	0.947623	0.008346	219
6513.959150	316.184753	0.948191	0.008563	221
6516.050061	316.131622	0.949736	0.008733	223
6518.140995	316.167175	0.949908	0.009004	225
6520.231844	316.140442	0.950910	0.009171	227
6522.322806	316.139160	0.951566	0.009135	229
6524.413611	316.154541	0.950977	0.009253	231
6526.504637	316.160614	0.951475	0.009682	233
6528.595538	316.145416	0.952028	0.009604	235
6530.686471	316.159698	0.951574	0.009783	237
6532.777476	316.141754	0.951849	0.009945	239
6534.868191	316.163544	0.951432	0.009951	241
6536.959164	316.157257	0.951855	0.010010	243
6539.050091	316.145874	0.951303	0.010099	245
6541.141035	316.138000	0.949866	0.010308	247
6543.231883	316.171295	0.949772	0.010147	249
6545.322819	316.166809	0.950674	0.010203	251
6547.413527	316.131165	0.950098	0.010236	253
6549.504530	316.155396	0.949165	0.010441	255
6551.595358	316.126038	0.949558	0.010457	1
6553.686443	316.181244	0.948884	0.010637	3
6555.777211	316.161621	0.949103	0.010602	5
6557.868052	316.205963	0.949113	0.010710	7
6559.958922	316.174316	0.949518	0.010851	9
6562.049931	316.169830	0.949188	0.011143	11
6564.140561	316.136292	0.949624	0.011072	13
6566.231476	316.197235	0.948687	0.011208	15
6568.322360	316.177795	0.948149	0.011447	17
6570.413200	316.163116	0.947205	0.011580	19
6572.504158	316.174835	0.945348	0.011613	21
6574.595048	316.228607	0.944521	0.011677	23
6576.685889	316.225769	0.944493	0.011686	25
6578.776682	316.261597	0.945424	0.011919	27
6580.867721	316.175354	0.947432	0.011718	29
6582.958631	316.224823	0.949667	0.012196	31
6585.050004	316.189819	0.949432	0.012233	33
6587.140708	316.217834	0.948603	0.012361	35
6589.231806	316.193146	0.949903	0.012322	37
6591.322612	316.233307	0.949413	0.012468	39
6593.413527	316.249084	0.950261	0.012614	41
6595.504396	316.195129	0.950045	0.012893	43
6597.595432	316.212708	0.949566	0.012962	45
6599.686147	316.211884	0.948693	0.013022	47
6601.777341	316.214508	0.948313	0.012739	49
6603.868179	316.223969	0.947420	0.013021	51
6605.959194	316.218933	0.946668	0.013173	53
6608.050106	316.259583	0.946580	0.013160	55
6610.141145	316.218597	0.947655	0.012847	57
6612.231948	316.189758	0.950124	0.012731	59
6614.322658	316.171722	0.950616	0.012479	61
6616.413752	316.145721	0.949632	0.012489	63
6618.504530	316.182343	0.950984	0.012367	65
6620.595308	316.183197	0.951345	0.012440	67
6622.686362	316.154968	0.950483	0.012425	69
6624.777135	316.166779	0.949814	0.012335	71
6626.867801	316.188049	0.948954	0.012123	73
6628.958739	316.134949	0.947656	0.012150	75
6631.049655	316.170074	0.947051	0.012073	77
6633.140577	316.148804	0.947869	0.011931	79
6635.231420	316.182526	0.948913	0.012016	81
6637.322428	316.159668	0.948670	0.012020	83
6639.413501	316.203369	0.948274	0.012144	85
6641.504237	316.175812	0.949123	0.012057	87
6643.595312	316.172424	0.949404	0.011975	89
6645.686019	316.160980	0.949128	0.011707	91
6647.777123	316.156097	0.948363	0.011820	93
6649.868041	316.176697	0.948645	0.011753	95
6651.959058	316.162292	0.948165	0.012011	97
6654.049913	316.229279	0.948590	0.011937	99
6656.140524	316.140625	0.949922	0.011534	101
6658.231733	316.126831	0.950132	0.011561	103
6660.322709	316.136932	0.949947	0.011452	105
6662.413818	316.096863	0.949787	0.011529	107
6664.504629	316.100189	0.949120	0.011475	109
6666.595719	316.110321	0.949457	0.011323	111
6668.686616	316.126007	0.948924	0.011336	113
6670.777245	316.124939	0.949234	0.011452	115
6672.868331	316.151031	0.950449	0.011288	117
6674.959178	316.105133	0.952572	0.010966	119
6677.050219	316.060913	0.953091	0.011280	121
6679.140798	316.104156	0.953019	0.011206	123
6681.232144	316.100281	0.953797	0.011106	125
6683.322750	316.139069	0.953268	0.011688	127
6685.413584	316.073486	0.952652	0.011053	129
6687.504710	316.067139	0.952817	0.011111	131
6689.595518	316.065216	0.952737	0.010986	133
6691.686515	316.069458	0.952397	0.010771	135
6693.777386	316.042419	0.952067	0.010818	137
6695.868234	316.034821	0.951772	0.010563	139
6697.959302	315.986298	0.951677	0.010484	141
6700.050140	316.051971	0.950350	0.010281	143
6702.141276	316.030701	0.950098	0.010489	145
6704.231976	316.054321	0.949402	0.010745	147
6706.322919	316.025696	0.949599	0.010443	149
6708.413831	316.033173	0.948082	0.010383	151
6710.504627	316.043335	0.948115	0.010382	153
6712.595571	316.051483	0.948328	0.010528	155
6714.686394	316.038818	0.949359	0.010621	157
6716.777634	316.031097	0.949115	0.010473	159
6718.868290	316.021149	0.947554	0.010409	161
6720.959025	316.006775	0.947221	0.010014	163
6723.049437	315.962036	0.947336	0.009753	165
6725.140778	316.003998	0.946892	0.009753	167
6727.231549	315.953644	0.947398	0.009501	169
6729.322432	315.960327	0.947250	0.009501	171
6731.413335	315.979401	0.947131	0.009461	173
6733.504369	316.004547	0.948572	0.009060	175
6735.594724	315.932281	0.948639	0.009455	177
6737.686093	315.946899	0.948252	0.009146	179
6739.777134	315.987000	0.947853	0.009355	181
6741.867941	315.976807	0.948531	0.009513	183
6743.958837	315.957123	0.947932	0.009470	185
6746.050379	315.956970	0.948952	0.009418	187
6748.140982	315.955841	0.949769	0.009200	189
6750.231902	315.906860	0.950867	0.008911	191
6752.323138	315.952850	0.950327	0.009018	193
6754.413811	315.898346	0.949009	0.008915	195
6756.505046	315.972565	0.949767	0.008740	197
6758.595660	315.923889	0.950493	0.008699	199
6760.686854	315.901398	0.949770	0.008694	201
6762.777933	315.894745	0.949577	0.008763	203
6764.868809	315.906250	0.949329	0.008671	205
6766.959825	315.915039	0.949796	0.008599	207
6769.050882	315.897827	0.949626	0.008602	209
6771.141885	315.897247	0.950287	0.008300	211
6773.232589	315.884033	0.950267	0.008512	213
6775.323774	315.891083	0.950662	0.008486	215
6777.414029	315.878784	0.950973	0.008565	217
6779.505040	315.853485	0.950122	0.008532	219
6781.595749	315.801117	0.948729	0.008438	221
6783.687034	315.865692	0.946381	0.008242	223
6785.777660	315.868134	0.947239	0.008180	225
6787.869176	315.844391	0.948726	0.008233	227
6789.959377	315.809174	0.948794	0.008020	229
6792.050216	315.833466	0.948787	0.008124	231
6794.141091	315.809052	0.949095	0.008027	233
6796.231665	315.845459	0.949516	0.008133	235
6798.322700	315.815460	0.950606	0.008102	237
6800.413564	315.820770	0.949848	0.008031	239
6802.504601	315.820801	0.950169	0.008187	241
6804.595392	315.790924	0.950793	0.008177	243
6806.686510	315.819275	0.950166	0.007975	245
6808.777405	315.825378	0.950613	0.007989	247
6810.868362	315.806091	0.950780	0.008021	249
6812.959612	315.829163	0.950634	0.008112	251
6815.050671	315.825897	0.950978	0.008157	253
6817.141443	315.797211	0.951904	0.008216	255
6819.232486	315.802521	0.952383	0.008160	1
6821.323614	315.755493	0.951032	0.008093	3
6823.414331	315.752838	0.950185	0.008064	5
6825.505224	315.784210	0.949711	0.008030	7
6827.596346	315.813934	0.949770	0.007860	9
6829.686844	315.830383	0.950363	0.007979	11
6831.778136	315.722748	0.952307	0.007940	13
6833.868566	315.710754	0.950842	0.007844	15
6835.959420	315.786285	0.950308	0.007896	17
6838.050315	315.719757	0.950776	0.007895	19
6840.141272	315.717285	0.951476	0.007849	21
6842.232065	315.737488	0.950746	0.008029	23
6844.323023	315.745636	0.951477	0.008003	25
6846.414067	315.720947	0.951310	0.007911	27
6848.504804	315.694824	0.950823	0.007955	29
6850.595884	315.700256	0.951124	0.007919	31
6852.686684	315.692841	0.951589	0.007928	33
6854.777781	315.729065	0.950930	0.007973	35
6856.868268	315.703644	0.949583	0.007869	37
6858.959793	315.718231	0.950357	0.007905	39
6861.050348	315.700531	0.951582	0.007842	41
6863.141928	315.712250	0.950972	0.008101	43
6865.233126	315.667175	0.951020	0.007806	45
6867.323108	315.673157	0.951532	0.007727	47
6869.414310	315.677032	0.950515	0.007740	49
6871.505348	315.613159	0.950447	0.007740	51
6873.596295	315.654449	0.948929	0.007891	53
6875.687087	315.643097	0.948447	0.007740	55
6877.778273	315.581146	0.947477	0.007668	57
6879.869219	315.705322	0.947840	0.007661	59
6881.959966	315.722076	0.948216	0.007603	61
6884.050773	315.675201	0.948248	0.007641	63
6886.141491	315.690826	0.949149	0.007887	65
6888.232771	315.585541	0.949330	0.007758	67
6890.323109	315.666412	0.950092	0.007531	69
6892.414028	315.627167	0.950193	0.007481	71
6894.504792	315.579895	0.950090	0.007468	73
6896.595844	315.577423	0.950109	0.007656	75
6898.686636	315.594086	0.948747	0.007475	77
6900.777196	315.603058	0.948348	0.007621	79
6902.868344	315.570984	0.948864	0.007371	81
6904.959124	315.618927	0.947543	0.007566	83
6907.050047	315.587952	0.947070	0.007505	85
6909.141474	315.585419	0.947312	0.007354	87
6911.231831	315.560913	0.947638	0.007305	89
6913.323094	315.596100	0.947702	0.007294	91
6915.413962	315.597961	0.947170	0.007519	93
6917.504988	315.557251	0.946837	0.007291	95
6919.595915	315.628448	0.947033	0.007256	97
6921.686782	315.569458	0.947531	0.007296	99
6923.778075	315.560547	0.948617	0.007372	101
6925.868883	315.559387	0.949165	0.007146	103
6927.960037	315.582611	0.950117	0.007279	105
6930.050916	315.527405	0.951233	0.007381	107
6932.142046	315.526093	0.950878	0.007410	109
6934.232931	315.546021	0.949169	0.007391	111
6936.323703	315.510620	0.948730	0.007261	113
6938.414831	315.539886	0.950920	0.007068	115
6940.505359	315.511749	0.950798	0.007126	117
6942.596493	315.477051	0.950391	0.007166	119
6944.687324	315.466919	0.950239	0.007074	121
6946.778230	315.466705	0.949609	0.007003	123
6948.869003	315.459503	0.949284	0.006959	125
6950.959729	315.460999	0.949420	0.007104	127
6953.050651	315.486115	0.949168	0.007081	129
6955.141762	315.468262	0.949611	0.007132	131
6957.232188	315.445221	0.950386	0.006931	133
6959.323219	315.445587	0.950477	0.006764	135
6961.414222	315.442200	0.949903	0.006723	137
6963.504759	315.440857	0.949845	0.006854	139
6965.595943	315.430237	0.950281	0.006606	141
6967.686940	315.406372	0.949562	0.006474	143
6969.777766	315.421600	0.948053	0.006517	145
6971.868646	315.403992	0.946986	0.006385	147
6973.959564	315.413635	0.946911	0.006340	149
6976.050681	315.385284	0.947715	0.006373	151
6978.141300	315.419861	0.947845	0.006346	153
6980.232584	315.408875	0.948547	0.006455	155
6982.323431	315.406586	0.948805	0.006499	157
6984.414461	315.403656	0.948455	0.006414	159
6986.505536	315.429565	0.949329	0.006604	161
6988.595942	315.384460	0.949358	0.006286	163
6990.687233	315.383850	0.948303	0.006417	165
6992.777975	315.389679	0.947998	0.006460	167
6994.868866	315.386810	0.948523	0.006141	169
6996.960004	315.363464	0.948568	0.006333	171
6999.050580	315.391876	0.949496	0.006298	173
7001.141655	315.332947	0.949613	0.006309	175
7003.232607	315.323792	0.948796	0.006263	177
7005.323374	315.347534	0.948004	0.006372	179
7007.414119	315.354919	0.948275	0.006389	181
7009.505034	315.328522	0.947837	0.006208	183
7011.595901	315.320343	0.947703	0.006227	185
7013.686804	315.311584	0.947926	0.006316	187
7015.777913	315.340149	0.947795	0.006431	189
7017.868874	315.334015	0.948505	0.006472	191
7019.959725	315.316132	0.948880	0.006500	193
7022.050629	315.344666	0.949693	0.006393	195
7024.141560	315.318542	0.949451	0.007161	197
7026.232631	315.279266	0.948952	0.006755	199
7028.323363	315.299622	0.948555	0.006659	201
7030.414123	315.304840	0.947841	0.006744	203
7032.505153	315.299103	0.948090	0.006696	205
7034.596222	315.317810	0.949230	0.006601	207
7036.687395	315.333313	0.949960	0.007099	209
7038.778352	315.237213	0.949955	0.006636	211
7040.869359	315.323151	0.950284	0.007219	213
7042.959857	315.263641	0.950639	0.007220	215
7045.050886	315.258423	0.949792	0.006926	217
7047.142186	315.227631	0.950053	0.006960	219
7049.232630	315.294922	0.950138	0.007242	221
7051.323738	315.310486	0.950244	0.007569	223
7053.414661	315.263824	0.950470	0.007787	225
7055.505435	315.275208	0.950846	0.007967	227
7057.596311	315.296021	0.950793	0.008260	229
7059.687020	315.299805	0.949526	0.008020	231
7061.778067	315.281586	0.949388	0.007728	233
7063.868627	315.243500	0.948890	0.007684	235
7065.959478	315.262939	0.947955	0.007736	237
7068.050115	315.254059	0.949094	0.007680	239
7070.140555	315.218597	0.948998	0.007595	241
7072.231500	315.298096	0.947531	0.007632	243
7074.323044	315.240387	0.948395	0.007585	245
7076.413955	315.210999	0.947638	0.007772	247
7078.504676	315.243713	0.947606	0.007581	249
7080.595592	315.240997	0.947226	0.007421	251
7082.686546	315.226807	0.946173	0.007720	253
7084.777558	315.206848	0.946301	0.006930	255
7086.868586	315.225342	0.946605	0.007498	1
7088.959539	315.243500	0.947119	0.007301	3
7091.050490	315.212616	0.946787	0.007373	5
7093.141624	315.200562	0.947535	0.007432	7
7095.232164	315.187714	0.947379	0.007263	9
7097.323513	315.167877	0.946317	0.007275	11
7099.414613	315.158966	0.946681	0.006628	13
7101.505633	315.231995	0.946434	0.006731	15
7103.596514	315.172760	0.947783	0.006683	17
7105.687490	315.104156	0.948170	0.006770	19
7107.778355	315.160828	0.948476	0.006559	21
7109.869511	315.117950	0.949371	0.006574	23
7111.959995	315.130188	0.948471	0.006532	25
7114.050563	315.129150	0.948627	0.006188	27
7116.141900	315.133118	0.947394	0.006517	29
7118.232404	315.113251	0.947796	0.006570	31
7120.323603	315.104828	0.948794	0.006347	33
7122.414043	315.086670	0.949369	0.006271	35
7124.504980	315.093811	0.948753	0.006468	37
7126.595799	315.094604	0.948051	0.006360	39
7128.686755	315.061920	0.948128	0.005955	41
7130.777830	315.046600	0.949089	0.006355	43
7132.868650	315.052032	0.949233	0.006347	45
7134.959560	315.071686	0.948960	0.006329	47
7137.050230	314.989227	0.948052	0.006204	49
7139.141572	315.128967	0.946758	0.006369	51
7141.232257	315.041229	0.946143	0.006540	53
7143.323274	315.084564	0.945563	0.006516	55
7145.414048	315.092438	0.947036	0.006557	57
7147.505119	315.055481	0.948098	0.006919	59
7149.595985	315.050873	0.948168	0.006893	61
7151.686919	315.074310	0.948545	0.006739	63
7153.778066	315.060638	0.947611	0.006965	65
7155.868720	315.034882	0.946622	0.006873	67
7157.959972	315.023926	0.945340	0.006820	69
7160.050513	315.047638	0.945777	0.006737	71
7162.141736	315.082123	0.947939	0.006652	73
7164.232459	315.054413	0.947684	0.006608	75
7166.323555	315.033752	0.947572	0.006399	77
7168.414417	315.012360	0.948106	0.006604	79
7170.505602	315.049744	0.948689	0.006588	81
7172.596201	314.983429	0.949076	0.006566	83
7174.687336	315.004669	0.948127	0.006601	85
7176.778019	315.004517	0.948733	0.006678	87
7178.868852	315.008636	0.948220	0.006452	89
7180.960114	314.977051	0.948058	0.006553	91
7183.050706	315.020996	0.948421	0.006707	93
7185.142026	314.988068	0.948110	0.006521	95
7187.232752	314.928864	0.948674	0.006250	97
7189.323562	314.970856	0.947163	0.006476	99
7191.414566	314.991852	0.947414	0.006336	101
7193.505323	314.976929	0.947919	0.006677	103
7195.596272	314.960907	0.948114	0.006319	105
7197.686962	314.954254	0.946584	0.006263	107
7199.778395	314.952545	0.947109	0.006328	109
7201.868764	314.900177	0.948439	0.006379	111
7203.959853	314.908722	0.948730	0.006221	113
7206.050948	314.910065	0.950078	0.006153	115
7208.141388	314.921539	0.949976	0.006210	117
7210.233147	314.886963	0.950684	0.006090	119
7212.323955	314.903687	0.949776	0.006094	121
7214.414209	314.887909	0.949738	0.006023	123
7216.505063	314.846649	0.947629	0.005856	125
7218.596143	314.888153	0.946671	0.006029	127
7220.687089	314.872772	0.946820	0.005999	129
7222.777977	314.895782	0.947958	0.006003	131
7224.869140	314.898499	0.948129	0.006119	133
7226.959841	314.861237	0.948947	0.006068	135
7229.051007	314.879303	0.949028	0.005993	137
7231.141675	314.865021	0.949476	0.006217	139
7233.232711	314.858917	0.949266	0.006051	141
7235.323624	314.853088	0.949486	0.006141	143
7237.414224	314.780029	0.948659	0.005935	145
7239.505556	314.783875	0.948059	0.006193	147
7241.596633	314.843292	0.948235	0.006031	149
7243.687446	314.829773	0.948251	0.006290	151
7245.778310	314.837006	0.948140	0.006116	153
7247.869046	314.803528	0.948214	0.006152	155
7249.960048	314.831451	0.948280	0.005920	157
7252.051013	314.781891	0.947118	0.006046	159
7254.141972	314.803833	0.946730	0.006348	161
7256.232897	314.786896	0.947888	0.006169	163
7258.323832	314.795868	0.948344	0.006168	165
7260.414566	314.779724	0.947844	0.006224	167
7262.505389	314.782806	0.948390	0.006097	169
7264.596356	314.765839	0.947356	0.006168	171
7266.687328	314.773376	0.947380	0.006070	173
7268.778432	314.793396	0.946865	0.006285	175
7270.869301	314.741089	0.947348	0.006304	177
7272.960175	314.753998	0.946764	0.006419	179
7275.050830	314.785095	0.947830	0.006263	181
7277.141551	314.747772	0.948340	0.006084	183
7279.232458	314.760071	0.947351	0.006049	185
7281.323437	314.740387	0.946435	0.006278	187
7283.414407	314.806793	0.947003	0.006276	189
7285.505336	314.769196	0.947496	0.006154	191
7287.596303	314.729370	0.948121	0.006212	193
7289.687102	314.741669	0.947356	0.006158	195
7291.778169	314.722473	0.946781	0.006175	197
7293.868835	314.707733	0.947856	0.005801	199
7295.959956	314.670715	0.947191	0.005798	201
7298.051067	314.691589	0.945735	0.005982	203
7300.141881	314.742065	0.947430	0.005798	205
7302.232940	314.702820	0.948500	0.005971	207
7304.323657	314.700195	0.948840	0.005980	209
7306.414899	314.666565	0.947952	0.005781	211
7308.505808	314.688995	0.947633	0.005780	213
7310.596638	314.662079	0.948303	0.005850	215
7312.687646	314.680756	0.947122	0.005595	217
7314.778504	314.679138	0.946703	0.005748	219
7316.869276	314.626373	0.946115	0.005562	221
7318.960521	314.668549	0.945327	0.005461	223
7321.051133	314.633575	0.945295	0.005255	225
7323.142157	314.626709	0.945056	0.005373	227
7325.232888	314.620270	0.945353	0.005239	229
7327.323928	314.598785	0.945394	0.005395	231
7329.414613	314.608826	0.944631	0.005438	233
7331.505637	314.604095	0.944170	0.005655	235
7333.596237	314.580048	0.943857	0.005519	237
7335.687366	314.630249	0.945146	0.005394	239
7337.778324	314.602325	0.946996	0.005663	241
7339.869177	314.601624	0.947727	0.005614	243
7341.960175	314.608063	0.948346	0.005661	245
7344.051205	314.587372	0.948154	0.005609	247
7346.142090	314.573669	0.947145	0.005705	249
7348.232855	314.597687	0.947958	0.005651	251
7350.324053	314.581299	0.948357	0.005816	253
7352.414936	314.555542	0.948673	0.005848	255
7354.505890	314.559631	0.949632	0.005974	1
7356.596806	314.594177	0.949440	0.005834	3
7358.687572	314.541809	0.949721	0.006089	5
7360.778689	314.582947	0.949839	0.006180	7
7362.869700	314.543152	0.950758	0.006117	9
7364.960634	314.581055	0.951285	0.006147	11
7367.051493	314.546570	0.950569	0.006294	13
7369.142460	314.553436	0.951086	0.006765	15
7371.233389	314.555481	0.950925	0.006365	17
7373.324264	314.547699	0.950506	0.006106	19
7375.415294	314.550690	0.949686	0.006159	21
7377.505972	314.524414	0.949556	0.006020	23
7379.597058	314.553009	0.948988	0.006213	25
7381.687377	314.531708	0.949611	0.006138	27
7383.778732	314.480713	0.949181	0.006007	29
7385.869434	314.531616	0.949404	0.006250	31
7387.960298	314.536713	0.948930	0.006455	33
7390.051282	314.537018	0.949316	0.006521	35
7392.142386	314.535492	0.949937	0.006973	37
7394.232831	314.560303	0.950649	0.007125	39
7396.323945	314.543549	0.950948	0.007410	41
7398.414497	314.523224	0.951609	0.007528	43
7400.505635	314.556213	0.951369	0.007673	45
7402.596677	314.564575	0.949699	0.008120	47
7404.687717	314.600739	0.950915	0.008313	49
7406.778247	314.568420	0.951070	0.008828	51
7408.869453	314.578735	0.949398	0.009172	53
7410.960382	314.614288	0.949263	0.009401	55
7413.051106	314.588593	0.950211	0.009418	57
7415.142321	314.576874	0.949986	0.009628	59
7417.232981	314.564941	0.948289	0.009982	61
7419.324236	314.624664	0.948535	0.009784	63
7421.415096	314.585602	0.948342	0.010021	65
7423.505853	314.634949	0.948336	0.010329	67
7425.596928	314.597992	0.947858	0.010364	69
7427.687522	314.569916	0.947239	0.010319	71
7429.778619	314.629730	0.947551	0.010825	73
7431.869253	314.572357	0.948206	0.010757	75
7433.960355	314.648132	0.947796	0.010885	77
7436.050935	314.595825	0.948201	0.010960	79
7438.141993	314.629486	0.947108	0.011215	81
7440.232785	314.601654	0.946498	0.011266	83
7442.323530	314.654663	0.946331	0.011603	85
7444.414372	314.603668	0.946405	0.011448	87
7446.505119	314.604462	0.945618	0.011621	89
7448.596231	314.647095	0.947104	0.012058	91
7450.687180	314.631592	0.946716	0.011937	93
7452.777952	314.656189	0.947632	0.012029	95
7454.869067	314.639191	0.948494	0.012208	97
7456.959808	314.664185	0.949443	0.012028	99
7459.050701	314.672272	0.948802	0.012525	101
7461.141609	314.637146	0.948561	0.012388	103
7463.232617	314.662872	0.948430	0.012570	105
7465.323459	314.668396	0.949319	0.012584	107
7467.414627	314.652740	0.949101	0.012482	109
7469.505653	314.651642	0.949132	0.012872	111
7471.596382	314.643524	0.948742	0.013093	113
7473.687586	314.653687	0.948661	0.013118	115
7475.778305	314.686981	0.948674	0.013238	117
7477.869680	314.706268	0.949838	0.012905	119
7479.960270	314.675293	0.950530	0.013478	121
7482.051350	314.614075	0.950698	0.013564	123
7484.142482	314.612671	0.949896	0.013495	125
7486.233222	314.659851	0.950315	0.013626	127
7488.324122	314.622437	0.949174	0.013602	129
7490.414855	314.599060	0.948557	0.013605	131
7492.506145	314.627014	0.947548	0.013697	133
7494.596351	314.693695	0.947137	0.013945	135
7496.687567	314.638977	0.948830	0.013999	137
7498.778299	314.647339	0.948871	0.014110	139
7500.869198	314.651184	0.948549	0.014336	141
7502.960186	314.647308	0.947556	0.014407	143
7505.050790	314.675629	0.946962	0.014116	145
7507.141277	314.685638	0.946350	0.014720	147
7509.232406	314.676025	0.947207	0.014653	149
7511.323045	314.666412	0.946341	0.014963	151
7513.414138	314.681763	0.946197	0.014886	153
7515.504850	314.703644	0.946587	0.015130	155
7517.595817	314.682068	0.947786	0.015365	157
7519.686810	314.705017	0.948456	0.015118	159
7521.777575	314.710968	0.948816	0.015042	161
7523.868421	314.720795	0.947436	0.014951	163
7525.959577	314.691711	0.947151	0.015092	165
7528.051038	314.670990	0.948034	0.015292	167
7530.141369	314.696991	0.948124	0.015066	169
7532.232658	314.701599	0.948585	0.015285	171
7534.323593	314.678894	0.948799	0.015535	173
7536.414640	314.701691	0.949686	0.015461	175
7538.505714	314.742554	0.949174	0.015830	177
7540.596537	314.696991	0.950487	0.015788	179
7542.687614	314.686707	0.950847	0.015623	181
7544.778508	314.724884	0.950360	0.015349	183
7546.869390	314.664093	0.950291	0.015472	185
7548.960204	314.661713	0.950100	0.015245	187
7551.050985	314.613953	0.950244	0.015262	189
7553.141875	314.646118	0.950546	0.015131	191
7555.232845	314.660828	0.950753	0.015065	193
7557.323619	314.625153	0.950914	0.015086	195
7559.414746	314.636108	0.951240	0.015066	197
7561.505199	314.642059	0.952468	0.015251	199
7563.596399	314.609711	0.951430	0.015192	201
7565.686842	314.626770	0.950655	0.015027	203
7567.777898	314.648590	0.949022	0.015286	205
7569.868783	314.662354	0.948588	0.015300	207
7571.959528	314.657135	0.949438	0.015507	209
7574.050479	314.631592	0.949903	0.015443	211
7576.141430	314.634979	0.949506	0.015543	213
7578.232256	314.666779	0.949379	0.015781	215
7580.323208	314.650299	0.948917	0.015800	217
7582.414063	314.684326	0.950085	0.015802	219
7584.505243	314.631104	0.950203	0.015769	221
7586.595852	314.633545	0.949646	0.016114	223
7588.687113	314.634613	0.948718	0.016203	225
7590.778012	314.690826	0.947262	0.015881	227
7592.869029	314.737335	0.947524	0.016240	229
7594.959857	314.687134	0.949848	0.016323	231
7597.050878	314.680054	0.949988	0.016396	233
7599.141830	314.655060	0.950877	0.016626	235
7601.232576	314.643036	0.951272	0.016832	237
7603.323539	314.689453	0.951600	0.016481	239
7605.414546	314.698517	0.952405	0.016892	241
7607.505222	314.657379	0.952661	0.016820	243
7609.596230	314.736450	0.953040	0.016862	245
7611.687157	314.644226	0.953712	0.016956	247
7613.778067	314.638336	0.952671	0.017004	249
7615.868862	314.683685	0.951543	0.017113	251
7617.959514	314.670563	0.951675	0.016986	253
7620.050794	314.682190	0.952083	0.017185	255
7622.141470	314.671936	0.951234	0.017268	1
7624.232429	314.656647	0.949725	0.017443	3
7626.323356	314.721283	0.948480	0.017534	5
7628.414026	314.688477	0.948500	0.017327	7
7630.505096	314.697540	0.948929	0.017333	9
7632.596013	314.679657	0.949408	0.017404	11
7634.686754	314.732330	0.950221	0.017275	13
7636.777629	314.707825	0.950491	0.017608	15
7638.868424	314.710358	0.951129	0.017662	17
7640.959485	314.661041	0.950574	0.017941	19
7643.050212	314.699921	0.949517	0.017882	21
7645.141278	314.700684	0.949835	0.017881	23
7647.232079	314.723083	0.950122	0.018096	25
7649.323162	314.688995	0.950435	0.018013	27
7651.414066	314.697723	0.950350	0.017995	29
7653.504943	314.686859	0.950745	0.018131	31
7655.595845	314.685242	0.949385	0.018165	33
7657.687096	314.710449	0.948610	0.018021	35
7659.777549	314.720581	0.947623	0.018311	37
7661.869049	314.725525	0.947477	0.018459	39
7663.959244	314.744934	0.948519	0.018383	41
7666.050190	314.738190	0.948081	0.018549	43
7668.141556	314.740326	0.947529	0.018634	45
7670.232350	314.758240	0.947891	0.018887	47
7672.322813	314.762268	0.948195	0.018998	49
7674.413809	314.740662	0.948260	0.019444	51
7676.504711	314.815552	0.948409	0.019462	53
7678.595482	314.770508	0.949752	0.019477	55
7680.686369	314.788940	0.949899	0.019838	57
7682.777155	314.778687	0.949338	0.020042	59
7684.867957	314.766113	0.948483	0.019703	61
7686.958922	314.799927	0.947860	0.019702	63
7689.049524	314.794586	0.948418	0.019516	65
7691.140474	314.805695	0.948273	0.019481	67
7693.231487	314.782532	0.948532	0.019642	69
7695.322481	314.820068	0.948819	0.019542	71
7697.413645	314.809998	0.948134	0.019292	73
7699.504318	314.784210	0.948263	0.019241	75
7701.595244	314.782074	0.948188	0.019180	77
7703.686242	314.828949	0.947168	0.019279	79
7705.777097	314.831757	0.947758	0.019491	81
7707.868243	314.800995	0.947478	0.019356	83
7709.959036	314.843658	0.946911	0.019325	85
7712.049986	314.838409	0.946735	0.019418	87
7714.140940	314.838562	0.948280	0.019412	89
7716.231883	314.824554	0.948409	0.019539	91
7718.322869	314.835510	0.949294	0.019290	93
7720.413585	314.792603	0.948611	0.019585	95
7722.504865	314.829163	0.948298	0.019570	97
7724.595403	314.804291	0.949503	0.019217	99
7726.686580	314.814575	0.948565	0.019420	101
7728.777303	314.817719	0.947389	0.019555	103
7730.867616	314.759460	0.946724	0.019008	105
7732.958835	314.833527	0.945091	0.019372	107
7735.049855	314.836853	0.946290	0.019497	109
7737.140864	314.879425	0.946398	0.019489	111
7739.231470	314.825195	0.947183	0.019766	113
7741.322254	314.844940	0.946930	0.020002	115
7743.413258	314.847900	0.947678	0.019746	117
7745.504062	314.822174	0.948578	0.019769	119
7747.595031	314.785980	0.947693	0.020029	121
7749.685913	314.843781	0.947352	0.019718	123
7751.776587	314.858429	0.947089	0.019636	125
7753.867738	314.861176	0.947389	0.019757	127
7755.958529	314.887329	0.948066	0.020034	129
7758.049683	314.891754	0.949451	0.019791	131
7760.140574	314.919220	0.950017	0.019894	133
7762.231438	314.859375	0.949654	0.020265	135
7764.322479	314.858307	0.949715	0.019966	137
7766.413246	314.871704	0.950028	0.020059	139
7768.504491	314.841644	0.950657	0.020212	141
7770.595377	314.856293	0.951223	0.020107	143
7772.686417	314.852814	0.950649	0.020253	145
7774.777345	314.873077	0.949272	0.020480	147
7776.868067	314.867828	0.949694	0.020292	149
7778.959554	314.860260	0.948145	0.020370	151
7781.050158	314.861176	0.947590	0.020650	153
7783.141073	314.879730	0.948594	0.020602	155
7785.231793	314.892273	0.948443	0.020793	157
7787.322862	314.849152	0.948305	0.020656	159
7789.413722	314.826080	0.948127	0.020400	161
7791.504287	314.885864	0.947872	0.020475	163
7793.595161	314.864044	0.948960	0.020853	165
7795.685858	314.894562	0.949287	0.020711	167
7797.776870	314.885010	0.950074	0.020512	169
7799.867698	314.836304	0.948971	0.020527	171
7801.958378	314.876740	0.948272	0.020476	173
7804.049460	314.880463	0.947999	0.020437	175
7806.140575	314.921204	0.947347	0.020806	177
7808.231342	314.903046	0.947632	0.020606	179
7810.322127	314.883606	0.947631	0.020695	181
7812.413233	314.908539	0.946660	0.020780	183
7814.504016	314.897095	0.946590	0.020568	185
7816.595036	314.884430	0.947394	0.020592	187
7818.685907	314.900177	0.947235	0.020492	189
7820.776880	314.893585	0.946630	0.020606	191
7822.868007	314.862152	0.946581	0.020554	193
7824.958755	314.900848	0.945880	0.020441	195
7827.049956	314.912201	0.945523	0.020324	197
7829.140500	314.893555	0.945326	0.020318	199
7831.231999	314.915436	0.945445	0.020387	201
7833.322688	314.878235	0.947283	0.020298	203
7835.413897	314.897491	0.946973	0.020400	205
7837.504415	314.911652	0.946661	0.020438	207
7839.595454	314.872314	0.947081	0.020216	209
7841.686053	314.913483	0.946533	0.020185	211
7843.776887	314.839874	0.947488	0.019983	213
7845.867690	314.862854	0.947222	0.019998	215
7847.958632	314.910400	0.947568	0.019722	217
7850.049201	314.875397	0.946827	0.019685	219
7852.139986	314.909790	0.948081	0.019571	221
7854.231519	314.909760	0.949942	0.019728	223
7856.321910	314.868439	0.951295	0.019834	225
7858.412818	314.865173	0.951282	0.019458	227
7860.503745	314.875977	0.950632	0.019671	229
7862.594816	314.884491	0.950769	0.019796	231
7864.685680	314.862732	0.951319	0.019645	233
7866.776666	314.853058	0.950133	0.019521	235
7868.867605	314.896240	0.949118	0.019384	237
7870.958460	314.863586	0.949578	0.019334	239
7873.049534	314.895996	0.948952	0.019268	241
7875.140442	314.862366	0.950293	0.019158	243
7877.231601	314.915344	0.950510	0.019101	245
7879.322317	314.857513	0.951225	0.019081	247
7881.413598	314.872894	0.951129	0.019080	249
7883.504361	314.836639	0.950406	0.018580	251
7885.595487	314.856384	0.950752	0.018552	253
7887.686127	314.842285	0.950458	0.018654	255
7889.777467	314.844543	0.950488	0.018420	1
7891.868306	314.842804	0.950780	0.018334	3
7893.959163	314.827148	0.950026	0.018351	5
7896.049996	314.818726	0.949766	0.018094	7
7898.140909	314.833221	0.949598	0.017907	9
7900.231621	314.804901	0.948321	0.018141	11
7902.322575	314.853638	0.949016	0.017927	13
7904.413362	314.816284	0.948347	0.018015	15
7906.504047	314.858551	0.947184	0.018039	17
7908.594841	314.788910	0.947708	0.017840	19
7910.685863	314.834625	0.947902	0.017802	21
7912.776632	314.793427	0.948722	0.017905	23
7914.867854	314.818817	0.948527	0.017832	25
7916.958680	314.819672	0.946920	0.017828	27
7919.049374	314.825165	0.945445	0.017976	29
7921.140775	314.858765	0.947154	0.017800	31
7923.231232	314.833801	0.947729	0.017495	33
7925.322238	314.823822	0.947165	0.017505	35
7927.413138	314.890289	0.947723	0.017902	37
7929.504262	314.843536	0.948385	0.017797	39
7931.595180	314.804199	0.948703	0.017593	41
7933.686154	314.824554	0.950282	0.017298	43
7935.776835	314.852905	0.950027	0.017503	45
7937.868226	314.839752	0.950957	0.017798	47
7939.958859	314.804810	0.951068	0.017789	49
7942.050052	314.841919	0.951155	0.017687	51
7944.140855	314.833740	0.950270	0.017857	53
7946.231864	314.809875	0.950198	0.017868	55
7948.322697	314.809174	0.949616	0.017743	57
7950.413586	314.793762	0.947917	0.017730	59
7952.504754	314.849792	0.947282	0.017715	61
7954.595813	314.806335	0.948064	0.017709	63
7956.686153	314.777954	0.947510	0.017724	65
7958.777193	314.793671	0.947468	0.017535	67
7960.868272	314.804810	0.948394	0.017457	69
7962.958682	314.840302	0.948709	0.017525	71
7965.049915	314.791351	0.948583	0.017776	73
7967.140551	314.815033	0.948602	0.017725	75
7969.231289	314.841675	0.948691	0.017894	77
7971.322086	314.825714	0.948166	0.018099	79
7973.413056	314.859619	0.947932	0.018138	81
7975.503554	314.775604	0.949533	0.018008	83
7977.594826	314.790802	0.950275	0.018267	85
7979.685357	314.854065	0.949234	0.018346	87
7981.777049	314.848938	0.948567	0.018320	89
7983.867133	314.851227	0.948861	0.018561	91
7985.958236	314.873413	0.948299	0.018440	93
7988.049099	314.797821	0.947544	0.018796	95
7990.140370	314.851868	0.948226	0.018628	97
7992.231464	314.878754	0.948336	0.018608	99
7994.322169	314.865356	0.948398	0.018918	101
7996.413301	314.900726	0.948736	0.018588	103
7998.504101	314.886627	0.948801	0.018860	105
8000.595362	314.854767	0.949576	0.018982	107
8002.686178	314.856506	0.949769	0.019135	109
8004.777120	314.872162	0.949865	0.019298	111
8006.868191	314.871979	0.950624	0.019180	113
8008.958932	314.840759	0.951982	0.019242	115
8011.050052	314.841187	0.952991	0.019325	117
8013.140848	314.854370	0.951820	0.019279	119
8015.231682	314.878571	0.951601	0.019481	121
8017.322985	314.833191	0.952179	0.019555	123
8019.413246	314.879517	0.950784	0.019418	125
8021.504464	314.831024	0.950523	0.019406	127
8023.594930	314.840973	0.950465	0.019525	129
8025.685999	314.859680	0.950223	0.019508	131
8027.776495	314.847809	0.950525	0.019524	133
8029.867680	314.847107	0.949924	0.019301	135
8031.958298	314.870575	0.949131	0.019352	137
8034.049392	314.871124	0.947964	0.019435	139
8036.140204	314.861450	0.948200	0.019512	141
8038.230790	314.891937	0.949426	0.019363	143
8040.321767	314.876892	0.949493	0.019564	145
8042.412622	314.875732	0.948521	0.019517	147
8044.503627	314.860016	0.948726	0.019427	149
8046.594432	314.911194	0.948196	0.019587	151
8048.685356	314.854095	0.949042	0.019643	153
8050.776222	314.917969	0.949245	0.019324	155
8052.867222	314.890045	0.949133	0.019887	157
8054.958134	314.815063	0.949401	0.019639	159
8057.049088	314.947296	0.949167	0.019665	161
8059.140062	314.901978	0.950013	0.019527	163
8061.230973	314.916504	0.950049	0.019654	165
8063.322169	314.897156	0.950738	0.019806	167
8065.413001	314.873291	0.951003	0.019780	169
8067.504020	314.925446	0.951721	0.019932	171
8069.594779	314.897522	0.951484	0.019660	173
8071.686062	314.899292	0.951927	0.019931	175
8073.776844	314.909149	0.952725	0.020033	177
8075.867757	314.881012	0.952368	0.019984	179
8077.958452	314.909698	0.952503	0.020062	181
8080.049448	314.893677	0.952050	0.020132	183
8082.140293	314.899902	0.952029	0.020090	185
8084.231406	314.922760	0.951866	0.020095	187
8086.322030	314.888916	0.951476	0.020215	189
8088.412901	314.923676	0.951333	0.020244	191
8090.503630	314.925964	0.949840	0.020206	193
8092.594443	314.895386	0.948834	0.020221	195
8094.685457	314.911713	0.948554	0.020219	197
8096.776371	314.921295	0.948102	0.020096	199
8098.866613	314.935974	0.948078	0.020175	201
8100.957609	314.899689	0.948746	0.020299	203
8103.048514	314.953705	0.949561	0.020295	205
8105.139776	314.938660	0.950637	0.020379	207
8107.230364	314.952576	0.950305	0.020608	209
8109.321322	314.916321	0.949205	0.020871	211
8111.412231	314.954071	0.948796	0.020869	213
8113.503220	314.959442	0.949722	0.020853	215
8115.594180	315.003479	0.950423	0.020858	217
8117.684880	314.994476	0.950082	0.021005	219
8119.776062	314.972321	0.949836	0.021144	221
8121.866948	314.991974	0.950329	0.021258	223
8123.957567	315.011200	0.950724	0.021366	225
8126.048552	314.983307	0.950754	0.021263	227
8128.139587	314.988220	0.949816	0.021013	229
8130.230250	314.976807	0.949989	0.021224	231
8132.321274	315.038452	0.949503	0.021162	233
8134.412168	315.019531	0.949918	0.021282	235
8136.502965	315.012451	0.949447	0.021049	237
8138.593958	314.984955	0.948143	0.021170	239
8140.685003	315.003082	0.947710	0.021079	241
8142.775662	315.017303	0.948444	0.021087	243
8144.866890	315.019684	0.948551	0.020983	245
8146.957686	315.017517	0.949114	0.021280	247
8149.048571	315.051666	0.949559	0.021003	249
8151.139348	315.019379	0.949478	0.021278	251
8153.230512	315.048248	0.950560	0.021321	253
8155.321023	315.018127	0.951579	0.021150	255
8157.412075	314.997131	0.951867	0.021084	1
8159.502690	315.007477	0.951203	0.021095	3
8161.593515	314.984192	0.951187	0.020726	5
8163.684671	315.001892	0.950797	0.020512	7
8165.775220	315.005280	0.950573	0.019907	9
8167.866425	315.004395	0.950360	0.020400	11
8169.957273	315.018250	0.950241	0.020311	13
8172.048212	315.006287	0.950516	0.020303	15
8174.139132	315.015656	0.950768	0.020205	17
8176.230296	315.023987	0.951232	0.020143	19
8178.321008	315.029633	0.950753	0.020113	21
8180.412148	315.013519	0.951583	0.019962	23
8182.502966	314.995178	0.949776	0.019941	25
8184.594025	314.998596	0.949857	0.019680	27
8186.685008	314.979095	0.948531	0.019754	29
8188.776024	315.011688	0.947899	0.019503	31
8190.866461	315.009766	0.948634	0.019378	33
8192.957780	314.990662	0.948656	0.019446	35
8195.048717	314.995819	0.948228	0.019387	37
8197.139659	315.010773	0.948508	0.019411	39
8199.230386	315.008118	0.948848	0.018964	41
8201.320735	314.940674	0.949199	0.018925	43
8203.412237	314.940979	0.948428	0.019144	45
8205.503035	314.985626	0.947914	0.018998	47
8207.593873	314.998077	0.948230	0.018818	49
8209.684653	314.964600	0.948869	0.018699	51
8211.775676	314.947083	0.948413	0.018457	53
8213.866472	314.949615	0.947100	0.018357	55
8215.957158	314.973724	0.946854	0.018297	57
8218.048054	314.999786	0.947495	0.018308	59
8220.139270	314.959045	0.947408	0.018399	61
8222.230164	315.016724	0.947734	0.018493	63
8224.320872	315.036774	0.947485	0.018526	65
8226.411336	314.972931	0.948402	0.018499	67
8228.502627	314.998383	0.947736	0.018414	69
8230.593288	314.952393	0.947951	0.018734	71
8232.684117	314.990967	0.947628	0.018566	73
8234.775165	315.012329	0.948220	0.018465	75
8236.866240	315.029541	0.949031	0.018421	77
8238.957127	315.029083	0.949958	0.018676	79
8241.048162	314.977966	0.950178	0.018529	81
8243.138952	314.994019	0.950451	0.018504	83
8245.230320	315.018066	0.949968	0.018672	85
8247.321008	315.031464	0.949766	0.018658	87
8249.412051	314.982147	0.950552	0.018515	89
8251.502893	315.009094	0.949831	0.018363	91
8253.593952	314.975037	0.949011	0.018289	93
8255.684845	314.988861	0.948934	0.018161	95
8257.775828	314.955963	0.948803	0.018203	97
8259.866970	315.000763	0.948263	0.018466	99
8261.957444	315.003693	0.947864	0.018439	101
8264.048378	315.009521	0.947860	0.018471	103
8266.139484	315.014496	0.947768	0.018607	105
8268.230060	315.038391	0.947527	0.018959	107
8270.321001	315.017365	0.947487	0.019039	109
8272.411809	315.044525	0.947508	0.018911	111
8274.502804	315.041504	0.947854	0.019055	113
8276.593546	315.023529	0.947727	0.019008	115
8278.684403	315.040131	0.947991	0.019198	117
8280.775317	315.035553	0.949294	0.019061	119
8282.866130	315.033264	0.949466	0.019178	121
8284.956991	315.021332	0.949744	0.019263	123
8287.047831	315.040619	0.949155	0.019207	125
8289.138687	315.059998	0.949243	0.019181	127
8291.229737	315.060547	0.949769	0.019318	129
8293.320664	315.072479	0.951122	0.019398	131
8295.411487	315.076965	0.951539	0.019418	133
8297.502526	315.061035	0.952552	0.019575	135
8299.593468	314.978210	0.952105	0.019287	137
8301.684643	315.035248	0.950855	0.019455	139
8303.775591	315.050171	0.951033	0.019367	141
8305.866522	315.040710	0.950867	0.019336	143
8307.957569	315.078796	0.951696	0.019440	145
8310.048569	315.021759	0.952527	0.018993	147
8312.139272	315.018280	0.952340	0.019072	149
8314.230133	315.032074	0.951835	0.018832	151
8316.321402	314.984619	0.950478	0.018345	153
8318.412325	315.048584	0.949019	0.018302	155
8320.502881	315.042358	0.949855	0.018143	157
8322.593888	315.042236	0.949211	0.018315	159
8324.684820	315.029602	0.949752	0.018313	161
8326.775753	315.042084	0.949347	0.018439	163
8328.865823	314.999603	0.948703	0.018623	165
8330.957021	315.019989	0.948305	0.018657	167
8333.047745	314.998199	0.946338	0.018587	169
8335.138474	315.045685	0.946485	0.018515	171
8337.229469	315.040741	0.946820	0.018534	173
8339.320349	315.041443	0.947984	0.018703	175
8341.411082	315.058075	0.948627	0.018631	177
8343.501867	315.079193	0.949109	0.018717	179
8345.593064	315.037384	0.948928	0.018707	181
8347.683965	315.090546	0.949182	0.018697	183
8349.774912	315.069214	0.949030	0.018980	185
8351.865973	315.086914	0.948027	0.019005	187
8353.957017	315.089508	0.947433	0.019163	189
8356.047804	315.080963	0.947837	0.019128	191
8358.138981	315.089417	0.948817	0.019316	193
8360.229836	315.127075	0.948955	0.019648	195
8362.320963	315.091827	0.949714	0.019256	197
8364.412041	315.073853	0.949861	0.019431	199
8366.502949	315.057953	0.950406	0.019439	201
8368.593626	315.078430	0.951023	0.019278	203
8370.685002	315.085266	0.951123	0.019362	205
8372.775723	315.128571	0.950125	0.019370	207
8374.866891	315.038696	0.950637	0.019283	209
8376.957389	315.041321	0.949609	0.019179	211
8379.048475	315.032196	0.949232	0.019128	213
8381.139034	315.085388	0.947450	0.019297	215
8383.229936	315.062653	0.947699	0.018993	217
8385.320714	315.088196	0.948316	0.019206	219
8387.411325	315.079163	0.949143	0.018917	221
8389.502161	315.070007	0.949668	0.018899	223
8391.592744	315.052094	0.949840	0.019004	225
8393.683536	315.053894	0.949247	0.019018	227
8395.774638	315.030823	0.949782	0.018904	229
8397.864707	315.053314	0.949175	0.019039	231
8399.955937	315.055450	0.947876	0.018853	233
8402.046989	315.107697	0.947987	0.018907	235
8404.138165	315.065338	0.948021	0.018777	237
8406.229092	315.114960	0.947281	0.018942	239
8408.320090	315.110962	0.948198	0.018966	241
8410.411085	315.082855	0.948076	0.018664	243
8412.502083	315.103302	0.947842	0.018356	245
8414.593364	315.083771	0.948416	0.018440	247
8416.684173	315.091858	0.949447	0.018284	249
8418.775129	315.042023	0.949154	0.018019	251
8420.866204	315.047791	0.949394	0.017877	253
8422.957230	315.054474	0.949046	0.017850	255
8425.048095	315.071747	0.949034	0.017750	1
8427.138913	315.032318	0.948936	0.017667	3
8429.230318	315.002838	0.949140	0.017468	5
8431.320861	315.046143	0.949092	0.017680	7
8433.411969	315.031708	0.949954	0.017268	9
8435.502311	315.071777	0.950304	0.017294	11
8437.593540	315.030975	0.951553	0.017174	13
8439.683870	315.028595	0.951317	0.017377	15
8441.775328	315.006866	0.950333	0.017409	17
8443.866093	315.046478	0.950755	0.017219	19
8445.956897	315.008881	0.949795	0.016950	21
8448.047631	315.034180	0.949703	0.017038	23
8450.138481	315.092834	0.949821	0.016759	25
8452.229088	314.997345	0.950159	0.016469	27
8454.319850	315.052673	0.947666	0.016816	29
8456.410901	315.045898	0.948082	0.016694	31
8458.501520	314.997253	0.948758	0.016643	33
8460.592591	315.042847	0.948571	0.016803	35
8462.683424	315.008118	0.947454	0.016665	37
