crossing time (s)	slope (V/s)	crossing number
5645.218175	10.699886	5278
5646.234068	10.975907	5279
5647.308763	11.017442	5280
5648.323189	10.905641	5281
5649.401139	11.264760	5282
5650.414201	11.058792	5283
5651.489357	11.076636	5284
5652.506234	10.998014	5285
5653.581056	11.133807	5286
5654.594702	10.988212	5287
5655.672455	10.679192	5288
5656.689164	10.956798	5289
5657.763127	10.981161	5290
5658.777576	11.117007	5291
5659.852475	10.988828	5292
5660.869340	11.088822	5293
5661.944616	10.827859	5294
5662.961239	10.902516	5295
5664.035575	11.115678	5296
5665.051426	11.157769	5297
5666.125399	10.871246	5298
5667.143023	11.103029	5299
5668.217414	11.151040	5300
5669.233504	11.088254	5301
5670.307898	10.937112	5302
5671.324503	11.037125	5303
5672.398206	11.153666	5304
5673.414956	11.030730	5305
5674.490359	11.054825	5306
5675.505917	11.019580	5307
5676.580252	11.105180	5308
5677.595853	10.949186	5309
5678.673170	11.018587	5310
5679.686560	11.276476	5311
5680.762772	11.089432	5312
5681.777275	10.957839	5313
5682.853708	10.907390	5314
5683.867229	11.066713	5315
5684.945365	10.628415	5316
5685.960788	10.963341	5317
5687.035228	11.177971	5318
5688.051020	11.061519	5319
5689.127816	10.969067	5320
5690.142875	11.071443	5321
5691.219425	10.967499	5322
5692.232332	10.933039	5323
5693.309149	11.051042	5324
5694.321974	11.211152	5325
5695.400512	11.095034	5326
5696.413503	10.979859	5327
5697.490114	11.040051	5328
5698.505327	10.978819	5329
5699.582379	10.982735	5330
5700.596428	10.976837	5331
5701.672404	10.984287	5332
5702.686181	11.039611	5333
5703.762747	11.313043	5334
5704.776136	10.682449	5335
5705.854820	10.894827	5336
5706.870707	10.906160	5337
5707.942762	11.010156	5338
5708.959564	10.866466	5339
5710.038273	11.162362	5340
5711.051403	11.145387	5341
5712.125861	10.941494	5342
5713.142343	10.952065	5343
5714.216929	11.133910	5344
5715.232685	11.062780	5345
5716.308644	10.921315	5346
5717.325373	10.974931	5347
5718.397888	11.000929	5348
5719.413883	10.978201	5349
5720.488318	10.955580	5350
5721.507348	10.915713	5351
5722.579392	10.971960	5352
5723.598034	11.107028	5353
5724.670587	11.016565	5354
5725.689178	11.068003	5355
5726.761297	10.948547	5356
5727.777139	11.039925	5357
5728.852149	10.932678	5358
5729.869709	11.019442	5359
5730.944170	10.911067	5360
5731.961108	11.027527	5361
5733.033836	10.902184	5362
5734.050601	11.071822	5363
5735.127518	10.943217	5364
5736.141980	10.901582	5365
5737.216191	10.909621	5366
5738.231469	10.969847	5367
5739.308720	10.977813	5368
5740.325149	11.104629	5369
5741.399448	11.001527	5370
5742.414446	11.039138	5371
5743.489122	11.032433	5372
5744.504957	11.010660	5373
5745.580625	10.909561	5374
5746.596340	10.863210	5375
5747.672219	10.992414	5376
5748.683152	11.196974	5377
5749.761758	10.753284	5378
5750.779025	10.906029	5379
5751.854693	11.250664	5380
5752.866298	11.343005	5381
5753.945985	10.691181	5382
5754.960107	10.975529	5383
5756.034694	10.824227	5384
5757.052246	11.675870	5385
5758.127485	11.076521	5386
5759.143283	11.423702	5387
5760.215270	10.978956	5388
5761.231942	10.866398	5389
5762.309053	11.224942	5390
5763.324091	10.998693	5391
5764.398234	11.066368	5392
5765.413267	11.023712	5393
5766.490247	10.997267	5394
5767.504693	11.192389	5395
5768.581375	11.118719	5396
5769.593713	10.985871	5397
5770.673263	10.895381	5398
5771.686479	11.263585	5399
5772.762762	10.965749	5400
5773.778104	10.866875	5401
5774.853131	10.839446	5402
5775.869290	11.151698	5403
5776.944528	11.218631	5404
5777.960442	10.879280	5405
5779.036820	10.956768	5406
5780.054527	11.014072	5407
5781.123951	11.071016	5408
5782.140284	11.003641	5409
5783.216966	11.011550	5410
5784.233931	10.936009	5411
5785.307087	11.033076	5412
5786.323501	11.059468	5413
5787.398952	11.002589	5414
5788.415662	10.991757	5415
5789.489621	10.856482	5416
5790.505504	11.080234	5417
5791.580699	11.100945	5418
5792.596427	11.079727	5419
5793.671527	11.029797	5420
5794.688050	11.137567	5421
5795.762688	11.031876	5422
5796.777585	11.105783	5423
5797.852783	11.065282	5424
5798.867574	10.871449	5425
5799.945540	11.002212	5426
5800.960678	10.994637	5427
5802.034768	11.049353	5428
5803.050952	10.898091	5429
5804.126745	10.889747	5430
5805.140341	11.108726	5431
5806.217553	11.056788	5432
5807.233525	10.922755	5433
5808.308004	10.904470	5434
5809.321738	11.005554	5435
5810.400834	10.982916	5436
5811.413440	10.888262	5437
5812.489289	10.987480	5438
5813.503424	11.038540	5439
5814.582465	11.068462	5440
5815.595626	10.928981	5441
5816.672151	11.027590	5442
5817.685613	10.968671	5443
5818.763343	11.075792	5444
5819.777837	11.103143	5445
5820.854505	11.004450	5446
5821.867774	11.031672	5447
5822.945302	11.057134	5448
5823.958763	11.100811	5449
5825.034703	10.848951	5450
5826.050215	10.956349	5451
5827.127433	11.121653	5452
5828.141473	11.162460	5453
5829.216869	10.989590	5454
5830.232468	10.978418	5455
5831.308617	11.081495	5456
5832.323549	11.058905	5457
5833.398970	10.928866	5458
5834.414763	10.921978	5459
5835.489790	10.915427	5460
5836.504297	10.934584	5461
5837.581267	10.952266	5462
5838.596500	10.993079	5463
5839.671281	11.142382	5464
5840.686987	11.029423	5465
5841.762570	10.855644	5466
5842.779026	10.970703	5467
5843.853615	11.214518	5468
5844.868640	10.936045	5469
5845.943401	10.855698	5470
5846.959942	10.875039	5471
5848.036155	10.970114	5472
5849.052463	11.007443	5473
5850.125932	10.852008	5474
5851.140622	10.933339	5475
5852.217802	11.219527	5476
5853.232081	11.329447	5477
5854.306850	11.008166	5478
5855.323659	10.893596	5479
5856.399998	10.873439	5480
5857.414625	11.015548	5481
5858.489434	10.839154	5482
5859.505208	10.901089	5483
5860.581563	10.879934	5484
5861.595820	11.124245	5485
5862.673186	11.145873	5486
5863.686807	10.894482	5487
5864.763418	11.030646	5488
5865.777050	11.095899	5489
5866.853393	11.072412	5490
5867.868903	10.869290	5491
5868.947035	11.007358	5492
5869.958484	10.959656	5493
5871.036202	10.895519	5494
5872.050343	11.004577	5495
5873.126168	11.034135	5496
5874.138799	10.904264	5497
5875.218707	11.008673	5498
5876.232203	10.972409	5499
5877.308021	11.065251	5500
5878.321129	10.813433	5501
5879.400106	10.928215	5502
5880.414642	10.904849	5503
5881.487830	10.780394	5504
5882.506394	10.968702	5505
5883.581539	11.124894	5506
5884.595082	10.983579	5507
5885.671996	11.402450	5508
5886.687261	10.974517	5509
5887.764133	10.912549	5510
5888.777487	10.944610	5511
5889.853767	10.966926	5512
5890.866681	10.655352	5513
5891.947035	11.098526	5514
5892.958618	10.855690	5515
5894.036619	10.865382	5516
5895.050724	11.074145	5517
5896.124932	11.025169	5518
5897.141411	10.942781	5519
5898.216398	10.990117	5520
5899.232519	11.052817	5521
5900.307420	11.037921	5522
5901.324371	11.004724	5523
5902.397514	10.907708	5524
5903.413514	10.980453	5525
5904.490881	10.953727	5526
5905.505494	10.920227	5527
5906.581188	10.973892	5528
5907.595636	11.046570	5529
5908.670173	10.759323	5530
5909.687465	10.901993	5531
5910.763023	10.906336	5532
5911.779120	10.777461	5533
5912.854058	10.985343	5534
5913.868757	11.001042	5535
5914.943866	11.037540	5536
5915.959655	10.834863	5537
5917.036661	10.846267	5538
5918.051049	11.094529	5539
5919.125841	11.053562	5540
5920.140050	10.922340	5541
5921.217790	10.932242	5542
5922.231923	11.188595	5543
5923.307737	10.741632	5544
5924.323885	10.924884	5545
5925.399423	11.044987	5546
5926.413230	11.136468	5547
5927.490159	10.899151	5548
5928.505363	10.809739	5549
5929.581572	11.123078	5550
5930.596393	10.749248	5551
5931.671958	11.011008	5552
5932.685857	11.013293	5553
5933.761629	11.102944	5554
5934.776728	10.943249	5555
5935.855204	10.868747	5556
5936.868433	10.935329	5557
5937.943092	11.165059	5558
5938.959696	11.096990	5559
5940.035602	10.936395	5560
5941.048591	10.796763	5561
5942.125013	10.949876	5562
5943.143309	11.041535	5563
5944.215757	10.961892	5564
5945.232087	10.659712	5565
5946.308521	10.948622	5566
5947.323750	11.074743	5567
5948.399931	10.889685	5568
5949.414631	10.872626	5569
5950.489232	10.942797	5570
5951.503993	11.071868	5571
5952.581356	10.795984	5572
5953.596307	10.809719	5573
5954.671874	11.049122	5574
5955.686398	11.106364	5575
5956.762472	10.902661	5576
5957.778292	10.874703	5577
5958.852688	10.838410	5578
5959.869125	10.733553	5579
5960.945303	10.998670	5580
5961.959224	10.991328	5581
5963.034185	10.857230	5582
5964.051066	10.960112	5583
5965.127377	11.045371	5584
5966.141032	10.926789	5585
5967.217453	10.863561	5586
5968.233275	11.000266	5587
5969.306296	10.985423	5588
5970.323224	10.868991	5589
5971.400254	10.857204	5590
5972.415966	11.024469	5591
5973.489405	11.018435	5592
5974.504693	10.807375	5593
5975.581784	10.988883	5594
5976.596088	10.937836	5595
5977.671769	11.065068	5596
5978.688067	10.953778	5597
5979.763757	11.032893	5598
5980.777101	10.859577	5599
5981.854593	10.851845	5600
5982.868417	10.928665	5601
5983.944183	10.980263	5602
5984.958933	10.914000	5603
5986.036627	10.892507	5604
5987.050273	11.067351	5605
5988.127827	10.976339	5606
5989.140478	10.884600	5607
5990.218091	11.038290	5608
5991.231532	10.973537	5609
5992.308720	10.942620	5610
5993.323595	10.798222	5611
5994.400860	10.943994	5612
5995.412783	10.835328	5613
5996.490830	10.858416	5614
5997.505264	10.915050	5615
5998.580464	10.803441	5616
5999.594348	10.956822	5617
6000.673118	10.975788	5618
6001.687787	10.978308	5619
6002.763820	10.932159	5620
6003.778725	10.852497	5621
6004.854009	10.909606	5622
6005.868774	10.951779	5623
6006.946260	10.800921	5624
6007.959260	10.990451	5625
6009.036627	10.993569	5626
6010.050949	10.999324	5627
6011.125889	10.865313	5628
6012.141407	10.878060	5629
6013.216823	10.849033	5630
6014.234119	11.013648	5631
6015.307850	10.924423	5632
6016.323843	10.856539	5633
6017.400080	10.884098	5634
6018.415196	10.872273	5635
6019.489168	10.941584	5636
6020.504627	10.886360	5637
6021.581724	10.972501	5638
6022.598165	11.060476	5639
6023.671288	10.789168	5640
6024.688048	10.772545	5641
6025.761859	10.905625	5642
6026.777680	11.042938	5643
6027.854448	10.817778	5644
6028.869963	10.776902	5645
6029.945104	10.938445	5646
6030.958953	10.911819	5647
6032.035176	10.936586	5648
6033.051887	10.798529	5649
6034.126363	11.027078	5650
6035.143415	10.967962	5651
6036.218111	10.890056	5652
6037.233200	11.207562	5653
6038.307735	10.733796	5654
6039.324792	10.789924	5655
6040.400204	10.870664	5656
6041.414599	10.676320	5657
6042.491948	11.088315	5658
6043.504442	11.227182	5659
6044.581522	10.600933	5660
6045.598420	10.666531	5661
6046.673552	10.910153	5662
6047.686219	10.765667	5663
6048.764555	10.828278	5664
6049.779146	10.812040	5665
6050.853619	10.935851	5666
6051.868488	10.814743	5667
6052.946696	10.830126	5668
6053.959931	10.867120	5669
6055.036060	10.686358	5670
6056.051944	10.815531	5671
6057.127483	10.970843	5672
6058.140541	11.052383	5673
6059.219159	10.838402	5674
6060.235199	10.992928	5675
6061.308827	10.925306	5676
6062.323862	10.927810	5677
6063.399788	10.890737	5678
6064.415142	10.953933	5679
6065.490821	10.952543	5680
6066.506268	10.846902	5681
6067.581392	10.891591	5682
6068.596775	10.937534	5683
6069.671831	10.787984	5684
6070.688259	10.933827	5685
6071.762143	10.918514	5686
6072.778371	10.880514	5687
6073.854712	10.921891	5688
6074.870782	10.921140	5689
6075.943065	10.840432	5690
6076.960522	10.827366	5691
6078.035981	10.925783	5692
6079.051943	10.986674	5693
6080.126064	10.840803	5694
6081.143836	10.862341	5695
6082.215601	10.797893	5696
6083.233445	10.919572	5697
6084.307670	10.858767	5698
6085.324873	10.964442	5699
6086.398191	10.858961	5700
6087.415067	10.787158	5701
6088.490306	10.971024	5702
6089.505987	10.960684	5703
6090.581669	10.907420	5704
6091.598385	10.864849	5705
6092.671944	10.877315	5706
6093.687457	10.949505	5707
6094.762258	10.905098	5708
6095.779326	10.852642	5709
6096.854291	10.864066	5710
6097.868755	10.855759	5711
6098.945459	11.013823	5712
6099.960360	11.048388	5713
6101.036835	11.010545	5714
6102.051102	10.773519	5715
6103.127242	10.812645	5716
6104.141791	10.794652	5717
6105.218484	10.914283	5718
6106.233288	10.962626	5719
6107.308495	10.883219	5720
6108.323039	10.936723	5721
6109.401096	10.755930	5722
6110.416111	10.899850	5723
6111.489542	10.966784	5724
6112.505119	10.952904	5725
6113.582643	10.697643	5726
6114.595484	11.041703	5727
6115.672578	10.810897	5728
6116.687413	10.867715	5729
6117.763490	10.784830	5730
6118.777993	10.904397	5731
6119.851402	10.968567	5732
6120.868764	11.101997	5733
6121.947312	10.656568	5734
6122.961129	10.913024	5735
6124.036909	10.938477	5736
6125.048706	10.855015	5737
6126.128072	10.433726	5738
6127.143699	10.961949	5739
6128.215927	11.061593	5740
6129.233881	10.723878	5741
6130.306757	10.738866	5742
6131.324764	10.840755	5743
6132.398274	10.702107	5744
6133.413783	10.743526	5745
6134.490070	10.990748	5746
6135.506235	10.891193	5747
6136.580983	10.683357	5748
6137.597094	10.868930	5749
6138.670247	10.839043	5750
6139.687135	10.786297	5751
6140.763787	10.770545	5752
6141.779822	10.904963	5753
6142.851022	10.860062	5754
6143.869453	10.758424	5755
6144.945418	10.866093	5756
6145.961915	11.009758	5757
6147.036726	10.847024	5758
6148.051915	10.724358	5759
6149.125873	10.813267	5760
6150.142049	11.043280	5761
6151.217698	10.809860	5762
6152.234057	10.897444	5763
6153.308251	10.962316	5764
6154.323405	10.981056	5765
6155.398279	11.062299	5766
6156.413631	10.805985	5767
6157.489952	10.724103	5768
6158.505740	10.637668	5769
6159.581094	10.832606	5770
6160.597826	11.227432	5771
6161.670094	10.744281	5772
6162.685769	10.774584	5773
6163.765196	10.546402	5774
6164.780148	11.273043	5775
6165.853644	11.019271	5776
6166.869772	10.898348	5777
6167.945887	10.721037	5778
6168.960133	10.886506	5779
6170.036258	10.843603	5780
6171.051659	10.899393	5781
6172.126303	10.936068	5782
6173.141298	10.887917	5783
6174.218172	10.784924	5784
6175.234424	10.729827	5785
6176.308598	10.734485	5786
6177.322294	10.829674	5787
6178.399841	10.830634	5788
6179.414517	10.863406	5789
6180.489473	10.891831	5790
6181.504688	10.842542	5791
6182.582053	10.697656	5792
6183.597330	10.847770	5793
6184.671601	10.807979	5794
6185.687508	10.816274	5795
6186.763174	10.745262	5796
6187.780159	10.796623	5797
6188.852386	10.992085	5798
6189.868477	11.080583	5799
6190.944807	10.866041	5800
6191.963560	11.019811	5801
6193.033359	10.924875	5802
6194.050122	10.879168	5803
6195.126420	11.017025	5804
6196.142944	11.047703	5805
6197.216654	10.980873	5806
6198.233117	10.875858	5807
6199.307616	10.721757	5808
6200.323236	10.825914	5809
6201.398455	10.952647	5810
6202.415512	10.953383	5811
6203.489588	11.002057	5812
6204.504675	10.862292	5813
6205.580545	10.795393	5814
6206.598141	10.833436	5815
6207.671056	10.910698	5816
6208.686672	10.930561	5817
6209.762980	10.745111	5818
6210.779066	10.905629	5819
6211.851684	10.782886	5820
6212.869245	10.919310	5821
6213.945521	10.760825	5822
6214.959904	10.822286	5823
6216.033086	10.870538	5824
6217.048550	11.025311	5825
6218.126578	10.803194	5826
6219.143001	11.017468	5827
6220.215146	10.900087	5828
6221.232017	11.043628	5829
6222.309370	10.626710	5830
6223.324224	10.763001	5831
6224.400335	10.832118	5832
6225.415255	10.890912	5833
6226.490798	10.996336	5834
6227.505539	11.033879	5835
6228.580357	10.700955	5836
6229.596474	10.696411	5837
6230.671747	11.013176	5838
6231.687055	11.046450	5839
6232.760985	10.862629	5840
6233.778573	10.790069	5841
6234.854374	10.985598	5842
6235.868593	10.819699	5843
6236.944236	10.799102	5844
6237.960190	10.768936	5845
6239.035328	10.874158	5846
6240.050242	10.876911	5847
6241.127952	10.745847	5848
6242.141779	10.841311	5849
6243.216824	10.675481	5850
6244.233459	10.713846	5851
6245.309012	10.691519	5852
6246.323846	11.086486	5853
6247.397737	11.114667	5854
6248.413239	11.168387	5855
6249.487080	10.841619	5856
6250.506415	10.784148	5857
6251.581238	10.499932	5858
6252.595059	10.858044	5859
6253.670519	10.566727	5860
6254.685104	10.409974	5861
6255.763716	10.838099	5862
6256.779030	11.315777	5863
6257.853969	11.426898	5864
6258.868259	10.921437	5865
6259.945102	10.376429	5866
6260.960568	10.944175	5867
6262.034310	10.891629	5868
6263.049869	10.825475	5869
6264.126001	10.733763	5870
6265.144196	10.825140	5871
6266.217154	10.996711	5872
6267.231148	10.826222	5873
6268.308963	10.814261	5874
6269.326602	10.998445	5875
6270.397992	10.840573	5876
6271.414238	10.808229	5877
6272.490337	11.006620	5878
6273.503165	10.946867	5879
6274.580792	10.663168	5880
6275.597615	10.818203	5881
6276.669950	10.792654	5882
6277.687013	10.997542	5883
6278.762622	10.811848	5884
6279.778643	10.874648	5885
6280.853926	10.901673	5886
6281.868926	10.827581	5887
6282.945148	10.915533	5888
6283.958867	10.735581	5889
6285.035364	10.832977	5890
6286.050964	10.901064	5891
6287.126609	11.020152	5892
6288.142093	10.756238	5893
6289.217647	10.892145	5894
6290.232937	11.008916	5895
6291.307241	10.796821	5896
6292.322366	10.728514	5897
6293.400394	10.918340	5898
6294.415533	10.934224	5899
6295.490574	10.778776	5900
6296.505617	10.684000	5901
6297.580512	10.969791	5902
6298.596088	10.898166	5903
6299.671659	10.969900	5904
6300.688068	11.000917	5905
6301.762727	10.887706	5906
6302.778311	10.890716	5907
6303.852616	10.870102	5908
6304.869630	10.874370	5909
6305.946033	10.731308	5910
6306.960360	11.023069	5911
6308.035134	10.897237	5912
6309.050919	10.870482	5913
6310.126448	10.863293	5914
6311.141734	10.947052	5915
6312.216711	10.900934	5916
6313.233245	10.654683	5917
6314.308384	10.972482	5918
6315.323675	11.095747	5919
6316.399133	10.679680	5920
6317.416947	10.793009	5921
6318.489499	10.983725	5922
6319.505807	11.042216	5923
6320.580491	10.900656	5924
6321.595987	10.931469	5925
6322.670849	10.879980	5926
6323.687621	10.783875	5927
6324.763652	10.852953	5928
6325.779208	10.933082	5929
6326.853472	10.961801	5930
6327.869548	10.804500	5931
6328.944545	10.798957	5932
6329.958725	10.986018	5933
6331.036923	10.810767	5934
6332.051297	10.732102	5935
6333.126456	10.806574	5936
6334.140054	10.903768	5937
6335.218749	10.838565	5938
6336.232930	10.860004	5939
6337.308421	10.874639	5940
6338.320882	10.515372	5941
6339.398829	10.901398	5942
6340.414069	10.905814	5943
6341.490703	10.692987	5944
6342.506919	10.806195	5945
6343.581380	10.993405	5946
6344.595715	10.833963	5947
6345.673192	10.763958	5948
6346.686465	10.806689	5949
6347.763181	10.912210	5950
6348.777302	10.864889	5951
6349.853732	10.992435	5952
6350.869530	11.020455	5953
6351.944243	10.783467	5954
6352.960438	10.737502	5955
6354.035882	11.074048	5956
6355.050396	11.104087	5957
6356.126902	11.013164	5958
6357.142521	10.763025	5959
6358.217965	10.973908	5960
6359.233106	10.877883	5961
6360.308735	10.796361	5962
6361.324423	10.882946	5963
6362.398066	10.725733	5964
6363.414124	10.881831	5965
6364.491435	11.030542	5966
6365.506746	11.006906	5967
6366.582359	10.830120	5968
6367.597747	10.701107	5969
6368.669798	10.898915	5970
6369.687415	10.790471	5971
6370.763470	10.942521	5972
6371.778288	10.936753	5973
6372.852609	10.784605	5974
6373.870652	11.032511	5975
6374.945085	11.002840	5976
6375.959190	10.873419	5977
6377.035162	10.683275	5978
6378.053184	10.551561	5979
6379.125626	10.936945	5980
6380.144183	10.739217	5981
6381.217787	10.747169	5982
6382.232966	10.971126	5983
6383.308083	10.825940	5984
6384.323782	10.672645	5985
6385.400182	10.953539	5986
6386.415313	10.964728	5987
6387.488810	10.976328	5988
6388.506378	10.761632	5989
6389.580471	10.890555	5990
6390.596341	11.054665	5991
6391.672665	10.945764	5992
6392.688220	10.867349	5993
6393.762707	10.935399	5994
6394.777206	11.017033	5995
6395.855955	10.894590	5996
6396.870126	10.926520	5997
6397.944522	10.697401	5998
6398.959954	11.088848	5999
6400.034386	11.081899	6000
6401.049766	10.865090	6001
6402.127673	10.760028	6002
6403.143060	11.142573	6003
6404.215222	10.977679	6004
6405.232034	11.029004	6005
6406.307432	10.748166	6006
6407.323965	10.845566	6007
6408.399533	11.015710	6008
6409.413925	10.877720	6009
6410.491134	10.984552	6010
6411.504352	10.871299	6011
6412.580396	10.882385	6012
6413.597254	10.869882	6013
6414.671227	10.947018	6014
6415.686949	11.047654	6015
6416.763076	10.782360	6016
6417.778898	11.042997	6017
6418.853468	10.957897	6018
6419.869336	10.863743	6019
6420.945452	10.920100	6020
6421.960636	10.976171	6021
6423.034581	10.975481	6022
6424.051434	10.841252	6023
6425.128371	10.870234	6024
6426.141848	10.875200	6025
6427.216904	10.934130	6026
6428.233854	10.893381	6027
6429.308542	10.895596	6028
6430.322697	10.927903	6029
6431.400938	10.863250	6030
6432.416063	10.849449	6031
6433.490507	10.924702	6032
6434.504478	10.992188	6033
6435.581049	10.893535	6034
6436.595340	10.820908	6035
6437.671705	10.906930	6036
6438.688567	11.111810	6037
6439.762953	11.045078	6038
6440.777490	10.920925	6039
6441.853800	10.926336	6040
6442.870410	10.977554	6041
6443.944108	11.059947	6042
6444.960377	11.014527	6043
6446.036928	11.017696	6044
6447.051834	10.974659	6045
6448.124886	10.791458	6046
6449.141245	10.896902	6047
6450.219036	11.121921	6048
6451.233407	11.010771	6049
6452.308156	10.813024	6050
6453.324719	10.822561	6051
6454.398522	11.041974	6052
6455.414971	10.936898	6053
6456.490488	10.984739	6054
6457.506462	10.902808	6055
6458.579755	10.970573	6056
6459.596642	10.913678	6057
6460.673685	10.935242	6058
6461.686367	11.055888	6059
6462.763044	10.902888	6060
6463.778977	10.970029	6061
6464.853725	10.904164	6062
6465.868695	10.976730	6063
6466.944753	10.868873	6064
6467.960801	10.868996	6065
6469.035937	10.777937	6066
6470.051498	10.874790	6067
6471.127190	11.031624	6068
6472.142031	11.063212	6069
6473.218007	10.863618	6070
6474.233128	10.997352	6071
6475.308687	11.153741	6072
6476.323559	11.117923	6073
6477.399617	10.887507	6074
6478.416414	10.988644	6075
6479.488817	10.930747	6076
6480.505728	11.087105	6077
6481.582424	10.937742	6078
6482.597364	11.085482	6079
6483.671846	10.982310	6080
6484.687693	10.491372	6081
6485.763878	10.293499	6082
6486.777111	10.171958	6083
6487.859937	10.790518	6084
6488.874213	11.753922	6085
6489.943155	10.707076	6086
6490.958025	11.315227	6087
6492.036104	11.155395	6088
6493.051975	11.367442	6089
6494.126992	11.686620	6090
6495.141482	11.761307	6091
6496.215439	10.764764	6092
6497.229976	10.963239	6093
6498.309222	10.949821	6094
6499.325048	10.804552	6095
6500.399259	10.876338	6096
6501.414296	10.859557	6097
6502.490946	11.030508	6098
6503.505183	10.902847	6099
6504.579792	10.831791	6100
6505.597447	10.937973	6101
6506.673223	11.033483	6102
6507.687004	10.826844	6103
6508.764036	10.888424	6104
6509.778829	10.997730	6105
6510.853501	10.920422	6106
6511.867628	10.934083	6107
6512.946485	10.878454	6108
6513.960078	10.891018	6109
6515.036239	10.932624	6110
6516.051527	10.957244	6111
6517.125903	10.828944	6112
6518.141897	10.879092	6113
6519.217852	10.970388	6114
6520.233810	11.069906	6115
6521.308953	10.905300	6116
6522.324170	10.898654	6117
6523.399358	10.994517	6118
6524.412980	10.873225	6119
6525.492002	10.784910	6120
6526.505986	10.941339	6121
6527.581467	10.980103	6122
6528.596443	10.856295	6123
6529.672228	11.018273	6124
6530.687850	11.174870	6125
6531.762974	10.920961	6126
6532.779098	10.838438	6127
6533.854679	10.955133	6128
6534.868830	10.908237	6129
6535.944700	10.800386	6130
6536.959727	10.977741	6131
6538.035895	11.011583	6132
6539.051336	10.867723	6133
6540.126272	10.800044	6134
6541.142315	10.908825	6135
6542.217063	11.037240	6136
6543.232564	11.006454	6137
6544.309078	11.003256	6138
6545.323258	11.028774	6139
6546.400560	11.038024	6140
6547.413646	10.903198	6141
6548.489288	10.814440	6142
6549.504673	10.854610	6143
6550.582237	11.043006	6144
6551.595793	10.981490	6145
6552.671695	10.799170	6146
6553.687983	10.781161	6147
6554.763140	11.025846	6148
6555.777656	11.142524	6149
6556.855493	10.904611	6150
6557.868446	10.902482	6151
6558.945937	11.000050	6152
6559.958884	10.834509	6153
6561.036178	10.883591	6154
6562.050067	10.983881	6155
6563.126089	11.050026	6156
6564.141593	10.600265	6157
6565.218569	10.864141	6158
6566.231767	11.082828	6159
6567.309373	10.889910	6160
6568.323413	10.870305	6161
6569.399523	10.869382	6162
6570.413494	10.795702	6163
6571.491478	11.098878	6164
6572.505455	10.866381	6165
6573.580539	10.872801	6166
6574.596349	10.858636	6167
6575.672160	10.817344	6168
6576.686696	10.831321	6169
6577.764740	10.945714	6170
6578.778034	10.905282	6171
6579.854189	10.824364	6172
6580.866865	10.854549	6173
6581.945608	10.991479	6174
6582.958055	10.990396	6175
6584.035488	10.762058	6176
6585.052411	10.844624	6177
6586.127162	11.057900	6178
6587.140539	11.017529	6179
6588.219037	10.865081	6180
6589.233272	11.037208	6181
6590.308615	10.948304	6182
6591.322812	10.714530	6183
6592.399940	11.045356	6184
6593.413628	10.974630	6185
6594.488472	10.905261	6186
6595.504043	10.896100	6187
6596.581910	11.044652	6188
6597.595848	11.014479	6189
6598.670196	11.104225	6190
6599.684759	11.102774	6191
6600.761873	10.878705	6192
6601.777658	10.958340	6193
6602.854044	10.734030	6194
6603.867618	10.881555	6195
6604.946387	10.792661	6196
6605.960866	10.716603	6197
6607.033513	10.836096	6198
6608.049494	11.046816	6199
6609.126562	10.822834	6200
6610.142668	11.050246	6201
6611.218029	10.811988	6202
6612.232690	10.876863	6203
6613.306759	10.951388	6204
6614.322220	10.978495	6205
6615.400972	10.760366	6206
6616.414568	10.863441	6207
6617.490049	10.976226	6208
6618.504630	10.869802	6209
6619.581114	10.848063	6210
6620.595299	11.056457	6211
6621.670950	10.805890	6212
6622.688438	10.800853	6213
6623.763318	10.915535	6214
6624.778135	10.989293	6215
6625.853644	10.873467	6216
6626.868348	10.966864	6217
6627.945542	10.862035	6218
6628.958652	10.873970	6219
6630.036215	11.018628	6220
6631.050654	10.932812	6221
6632.126588	10.873991	6222
6633.142222	11.003774	6223
6634.216246	10.932857	6224
6635.231401	10.829092	6225
6636.310256	11.087875	6226
6637.323821	11.015086	6227
6638.397774	10.790345	6228
6639.414024	10.697052	6229
6640.491215	10.996890	6230
6641.504882	11.026215	6231
6642.581024	10.801420	6232
6643.597015	10.989954	6233
6644.671488	11.088242	6234
6645.686276	10.956973	6235
6646.764396	10.816499	6236
6647.777874	10.983426	6237
6648.853595	11.020529	6238
6649.869020	10.959370	6239
6650.944737	11.005752	6240
6651.960282	11.021024	6241
6653.035076	10.811607	6242
6654.050680	10.727231	6243
6655.127743	11.090879	6244
6656.139488	11.075773	6245
6657.217265	10.901818	6246
6658.232130	10.889382	6247
6659.307211	10.883981	6248
6660.323691	10.838126	6249
6661.400120	10.854542	6250
6662.415894	10.850449	6251
6663.488367	11.033242	6252
6664.504126	10.823517	6253
6665.582205	10.959503	6254
6666.597162	10.915041	6255
6667.671519	10.891519	6256
6668.688067	10.762716	6257
6669.762960	11.138049	6258
6670.776429	11.019762	6259
6671.855022	10.879875	6260
6672.869551	10.854496	6261
6673.943884	10.961197	6262
6674.959986	10.887574	6263
6676.035402	10.908650	6264
6677.051133	11.060651	6265
6678.124644	10.936621	6266
6679.139720	10.854273	6267
6680.218594	10.961858	6268
6681.234873	11.012019	6269
6682.307689	10.831466	6270
6683.322969	10.959465	6271
6684.400386	10.900443	6272
6685.413801	10.936645	6273
6686.490270	11.066150	6274
6687.507128	11.097443	6275
6688.579943	10.912343	6276
6689.595786	10.991861	6277
6690.672130	10.872573	6278
6691.688242	10.804076	6279
6692.762772	10.907472	6280
6693.777459	10.851949	6281
6694.853521	10.975085	6282
6695.868632	10.977340	6283
6696.944011	10.777279	6284
6697.960289	10.877166	6285
6699.035697	10.940075	6286
6700.050496	10.961531	6287
6701.126246	10.884039	6288
6702.142676	11.006542	6289
6703.216869	10.946019	6290
6704.233132	10.870532	6291
6705.308260	10.957631	6292
6706.323676	11.009452	6293
6707.397911	10.837115	6294
6708.413910	10.846945	6295
6709.491203	11.043374	6296
6710.505571	11.011176	6297
6711.579706	10.736131	6298
6712.596094	10.868203	6299
6713.671853	10.962054	6300
6714.686594	10.999642	6301
6715.762841	10.775462	6302
6716.780319	10.877841	6303
6717.853892	10.939903	6304
6718.868562	10.944849	6305
6719.944353	10.833062	6306
6720.959637	10.690099	6307
6722.035016	11.157627	6308
6723.048565	10.812445	6309
6724.126175	10.652109	6310
6725.141651	10.967127	6311
6726.218243	10.799672	6312
6727.231161	10.714610	6313
6728.309268	10.863306	6314
6729.322902	11.125164	6315
6730.397439	10.973316	6316
6731.413534	10.621169	6317
6732.491773	11.084542	6318
6733.505503	11.135581	6319
6734.579272	10.975777	6320
6735.591894	11.002423	6321
6736.672273	11.154872	6322
6737.685997	10.850221	6323
6738.764867	10.667218	6324
6739.777978	10.420243	6325
6740.855236	10.915120	6326
6741.868153	11.226437	6327
6742.943439	10.408248	6328
6743.959487	10.467405	6329
6745.036327	11.193387	6330
6746.051613	11.006075	6331
6747.126210	11.150968	6332
6748.141957	10.781225	6333
6749.218050	10.962237	6334
6750.231831	10.923364	6335
6751.308548	10.812441	6336
6752.325135	10.655616	6337
6753.397969	11.176753	6338
6754.413799	10.982059	6339
6755.490994	10.772425	6340
6756.507192	10.808189	6341
6757.581153	11.014630	6342
6758.595132	11.034281	6343
6759.671107	11.017449	6344
6760.687427	10.966545	6345
6761.762195	10.798508	6346
6762.779123	10.859822	6347
6763.853513	10.895913	6348
6764.869521	10.906139	6349
6765.944184	10.991596	6350
6766.960529	10.903081	6351
6768.035026	10.944558	6352
6769.052852	11.153457	6353
6770.125039	11.050748	6354
6771.144346	10.744982	6355
6772.218111	11.077000	6356
6773.233378	11.087470	6357
6774.308926	10.956570	6358
6775.327308	10.992356	6359
6776.397642	10.938184	6360
6777.413658	10.785349	6361
6778.491527	10.591200	6362
6779.505875	10.854134	6363
6780.581309	10.821941	6364
6781.593009	10.889398	6365
6782.672454	11.074687	6366
6783.687974	11.075659	6367
6784.763536	10.929821	6368
6785.778833	10.885792	6369
6786.854056	10.903647	6370
6787.876202	11.039599	6371
6788.943198	10.925229	6372
6789.958798	10.744774	6373
6791.038066	11.025485	6374
6792.051164	11.021219	6375
6793.125651	10.857231	6376
6794.140417	11.027120	6377
6795.218235	11.084688	6378
6796.232121	10.815247	6379
6797.307618	10.811299	6380
6798.323882	10.873283	6381
6799.396125	11.103804	6382
6800.414152	11.007317	6383
6801.490849	10.829822	6384
6802.506316	10.811811	6385
6803.580768	11.015321	6386
6804.595357	10.977335	6387
6805.672685	10.950623	6388
6806.687594	10.925280	6389
6807.763240	11.094198	6390
6808.778199	10.954271	6391
6809.854510	10.987571	6392
6810.868911	11.022271	6393
6811.943518	10.929558	6394
6812.960434	10.988840	6395
6814.036246	10.943060	6396
6815.052351	10.819071	6397
6816.126168	10.929030	6398
6817.141611	10.994512	6399
6818.217442	10.923872	6400
6819.234212	10.871313	6401
6820.307787	10.746089	6402
6821.325396	10.971074	6403
6822.399002	11.029247	6404
6823.414669	10.973363	6405
6824.489509	10.910131	6406
6825.505771	10.834709	6407
6826.580353	10.941864	6408
6827.597640	11.023620	6409
6828.671778	10.903288	6410
6829.686658	11.096056	6411
6830.762548	11.191156	6412
6831.779200	11.150006	6413
6832.854477	11.348336	6414
6833.869287	11.217201	6415
6834.942685	10.947476	6416
6835.959007	10.681987	6417
6837.037904	11.491570	6418
6838.051024	10.814025	6419
6839.125250	10.905618	6420
6840.141737	10.901955	6421
6841.217726	11.019017	6422
6842.232422	10.985869	6423
6843.309197	10.978534	6424
6844.324212	10.918504	6425
6845.399125	10.981504	6426
6846.414516	10.891711	6427
6847.491292	11.159794	6428
6848.505103	10.952256	6429
6849.581267	10.866143	6430
6850.596788	10.879904	6431
6851.672478	11.068654	6432
6852.687882	10.940856	6433
6853.760216	10.633028	6434
6854.779057	10.984225	6435
6855.853134	11.059244	6436
6856.868297	10.908037	6437
6857.946422	11.018356	6438
6858.961974	10.979472	6439
6860.034584	10.814563	6440
6861.048953	10.861730	6441
6862.126050	11.050722	6442
6863.144636	10.472767	6443
6864.217760	10.640815	6444
6865.236557	11.067744	6445
6866.310639	11.369773	6446
6867.322173	11.335361	6447
6868.400494	10.476680	6448
6869.414825	10.778438	6449
6870.489784	10.865054	6450
6871.506366	11.031871	6451
6872.581551	11.060105	6452
6873.597334	11.153425	6453
6874.670977	10.995154	6454
6875.687172	10.952387	6455
6876.762818	10.977876	6456
6877.779916	11.140809	6457
6878.852461	11.130453	6458
6879.870516	10.878591	6459
6880.943860	10.929228	6460
6881.961743	11.043348	6461
6883.035010	10.922934	6462
6884.051905	10.770124	6463
6885.124756	11.017622	6464
6886.141067	10.906781	6465
6887.218853	10.995303	6466
6888.236296	11.104580	6467
6889.307841	10.639597	6468
6890.324272	10.920755	6469
6891.397954	10.946009	6470
6892.414723	10.740034	6471
6893.493743	10.922538	6472
6894.506750	10.975913	6473
6895.581795	10.918114	6474
6896.597301	11.073723	6475
6897.671883	10.985475	6476
6898.688104	10.792273	6477
6899.763923	11.022543	6478
6900.777438	10.948981	6479
6901.854161	10.640458	6480
6902.868212	10.846220	6481
6903.944096	10.686773	6482
6904.959671	10.964799	6483
6906.037790	10.871432	6484
6907.050648	10.790134	6485
6908.126482	10.638004	6486
6909.144331	10.711457	6487
6910.217695	11.027700	6488
6911.231293	10.795014	6489
6912.310009	10.877191	6490
6913.325030	10.937708	6491
6914.399747	10.896884	6492
6915.415330	11.024090	6493
6916.489882	10.833481	6494
6917.505630	11.014281	6495
6918.582726	10.927268	6496
6919.597262	10.852277	6497
6920.671772	10.956708	6498
6921.686700	10.923045	6499
6922.763393	10.884055	6500
6923.779456	10.852875	6501
6924.854390	10.773555	6502
6925.868716	10.951118	6503
6926.944620	10.947246	6504
6927.961499	10.986699	6505
6929.034840	10.903818	6506
6930.051894	11.017846	6507
6931.126083	10.827337	6508
6932.143433	10.958656	6509
6933.217626	10.905497	6510
6934.234373	10.909892	6511
6935.307549	11.016999	6512
6936.324322	11.012416	6513
6937.399393	10.848194	6514
6938.416683	10.822033	6515
6939.489828	10.945485	6516
6940.503986	10.982954	6517
6941.580743	10.778548	6518
6942.597952	11.009044	6519
6943.670458	10.871851	6520
6944.687280	10.780622	6521
6945.763299	11.149145	6522
6946.779278	11.101498	6523
6947.852443	10.630125	6524
6948.869184	10.764116	6525
6949.944828	10.936239	6526
6950.960311	10.934091	6527
6952.035342	10.800714	6528
6953.051556	10.825424	6529
6954.127891	11.041951	6530
6955.144186	10.979188	6531
6956.217142	10.938463	6532
6957.232802	10.963954	6533
6958.307471	10.833275	6534
6959.324039	10.789967	6535
6960.399741	10.753374	6536
6961.417135	10.796660	6537
6962.491349	11.105993	6538
6963.504829	10.973653	6539
6964.581978	10.820154	6540
6965.596444	10.904686	6541
6966.670702	10.939600	6542
6967.687509	10.753425	6543
6968.763408	11.068506	6544
6969.779265	10.945684	6545
6970.853912	10.737050	6546
6971.869451	10.840337	6547
6972.944532	11.050583	6548
6973.959647	11.022298	6549
6975.036204	10.844442	6550
6976.051866	10.865610	6551
6977.126164	11.013020	6552
6978.141182	10.866796	6553
6979.216943	10.822273	6554
6980.233677	10.978908	6555
6981.308079	10.908628	6556
6982.323746	10.813972	6557
6983.400728	10.935452	6558
6984.415591	10.870831	6559
6985.491177	10.861769	6560
6986.506880	10.954927	6561
6987.579849	10.870675	6562
6988.595117	10.984985	6563
6989.672494	10.865986	6564
6990.689232	10.936617	6565
6991.762393	10.892729	6566
6992.778806	10.833180	6567
6993.853237	10.928941	6568
6994.868786	10.802886	6569
6995.945911	10.842311	6570
6996.962709	10.816972	6571
6998.034827	10.857492	6572
6999.050218	10.840129	6573
7000.126118	10.843784	6574
7001.141650	10.840598	6575
7002.217468	10.906451	6576
7003.234209	10.976607	6577
7004.307226	10.889247	6578
7005.323579	10.970850	6579
7006.401491	10.889229	6580
7007.415318	11.047531	6581
7008.490822	10.820031	6582
7009.505139	10.652045	6583
7010.581945	10.991617	6584
7011.596007	10.920544	6585
7012.671316	10.825893	6586
7013.687748	10.834043	6587
7014.762633	10.846654	6588
7015.778548	10.858971	6589
7016.854794	10.945748	6590
7017.870294	10.848395	6591
7018.944549	10.832289	6592
7019.960383	10.892064	6593
7021.037208	10.848699	6594
7022.052105	10.828461	6595
7023.125557	10.883617	6596
7024.141332	10.899709	6597
7025.218038	10.840338	6598
7026.234182	10.750428	6599
7027.308369	10.908201	6600
7028.323642	10.945604	6601
7029.399094	10.865624	6602
7030.413529	10.852682	6603
7031.490407	10.900847	6604
7032.506131	10.826295	6605
7033.581119	10.806769	6606
7034.596988	10.745031	6607
7035.671824	10.841212	6608
7036.687945	10.897005	6609
7037.762927	10.967670	6610
7038.779088	10.858599	6611
7039.855449	10.845155	6612
7040.871107	10.812671	6613
7041.943495	10.905018	6614
7042.959122	10.845202	6615
7044.035486	10.497775	6616
7045.051047	10.416410	6617
7046.128558	10.545064	6618
7047.144105	10.970486	6619
7048.219269	10.875607	6620
7049.231010	11.190221	6621
7050.308784	10.864078	6622
7051.325248	10.757238	6623
7052.398339	10.850621	6624
7053.415024	11.006673	6625
7054.489621	10.845916	6626
7055.506108	10.693377	6627
7056.581371	10.748082	6628
7057.596234	10.703828	6629
7058.674116	10.874628	6630
7059.688573	11.080260	6631
7060.762851	10.956320	6632
7061.779656	10.739868	6633
7062.854452	10.806388	6634
7063.870035	11.112208	6635
7064.944408	11.035230	6636
7065.960984	10.653393	6637
7067.033246	10.686764	6638
7068.049970	11.195320	6639
7069.125857	11.264816	6640
7070.139641	11.206284	6641
7071.214530	10.853436	6642
7072.228786	10.624895	6643
7073.313763	10.667760	6644
7074.325722	11.160383	6645
7075.400495	10.612619	6646
7076.415349	10.643664	6647
7077.490863	10.726455	6648
7078.505204	10.953279	6649
7079.580835	10.838884	6650
7080.596396	10.868825	6651
7081.673855	11.036679	6652
7082.687099	10.987084	6653
7083.763479	10.851298	6654
7084.778115	10.818953	6655
7085.853571	10.861021	6656
7086.868057	11.016966	6657
7087.945910	10.720861	6658
7088.960804	10.820552	6659
7090.034658	10.943337	6660
7091.049908	10.759970	6661
7092.126830	10.603018	6662
7093.141516	10.730466	6663
7094.216770	10.841421	6664
7095.230623	10.764540	6665
7096.307263	10.917562	6666
7097.323656	10.908194	6667
7098.401481	10.584488	6668
7099.415459	10.807394	6669
7100.491589	10.683164	6670
7101.506705	10.658720	6671
7102.580551	10.857719	6672
7103.598052	11.024813	6673
7104.671079	10.731781	6674
7105.688422	10.905272	6675
7106.763009	10.912042	6676
7107.779406	10.904855	6677
7108.855366	10.812336	6678
7109.871738	10.932434	6679
7110.942680	11.049573	6680
7111.959795	10.816627	6681
7113.036039	10.878853	6682
7114.051874	10.770665	6683
7115.127433	10.720004	6684
7116.143735	10.885908	6685
7117.217151	10.903751	6686
7118.232336	11.059863	6687
7119.309169	10.802681	6688
7120.325542	10.760996	6689
7121.399316	11.055058	6690
7122.414745	10.725187	6691
7123.490498	10.867285	6692
7124.506588	10.883895	6693
7125.582013	10.744891	6694
7126.596765	10.590017	6695
7127.674484	10.893558	6696
7128.687639	10.952024	6697
7129.763146	10.867946	6698
7130.779653	10.742423	6699
7131.854825	10.916009	6700
7132.869773	10.985287	6701
7133.945881	10.965496	6702
7134.961011	10.904422	6703
7136.036695	10.873552	6704
7137.049073	10.893887	6705
7138.127869	10.765485	6706
7139.144109	10.912604	6707
7140.217803	11.080527	6708
7141.232717	10.997805	6709
7142.309016	10.968546	6710
7143.324476	10.911433	6711
7144.399726	10.875303	6712
7145.415254	10.705422	6713
7146.491945	11.050445	6714
7147.505214	11.070968	6715
7148.581744	10.817389	6716
7149.596150	10.872968	6717
7150.672699	10.949415	6718
7151.687398	10.936404	6719
7152.763531	10.940655	6720
7153.780425	10.972340	6721
7154.853361	11.044108	6722
7155.868653	10.768593	6723
7156.945215	10.841726	6724
7157.962784	10.923825	6725
7159.035206	11.056107	6726
7160.049885	10.902980	6727
7161.127231	10.967591	6728
7162.142776	10.947490	6729
7163.218222	10.857442	6730
7164.232210	10.724240	6731
7165.308150	10.816581	6732
7166.324270	10.856433	6733
7167.400139	10.796203	6734
7168.415163	10.799662	6735
7169.491826	10.959774	6736
7170.506763	11.214434	6737
7171.580223	10.783044	6738
7172.596669	10.780278	6739
7173.670923	10.988350	6740
7174.688177	10.837788	6741
7175.764081	11.047936	6742
7176.778328	11.118995	6743
7177.853129	10.651185	6744
7178.868583	10.800419	6745
7179.946773	10.658921	6746
7180.961983	11.196647	6747
7182.034969	10.819484	6748
7183.049767	10.803301	6749
7184.127169	10.923558	6750
7185.144375	10.883226	6751
7186.218073	10.799814	6752
7187.233947	10.961861	6753
7188.308787	10.963405	6754
7189.324405	10.819428	6755
7190.400485	10.861952	6756
7191.415334	10.864920	6757
7192.490993	11.131106	6758
7193.506188	10.939896	6759
7194.581146	10.942935	6760
7195.597055	10.876732	6761
7196.670890	10.924332	6762
7197.686502	10.763616	6763
7198.764304	10.900222	6764
7199.781632	10.968345	6765
7200.853754	10.938646	6766
7201.868168	10.804860	6767
7202.946625	10.879326	6768
7203.960054	10.990047	6769
7205.036747	10.777116	6770
7206.053082	10.971449	6771
7207.125586	11.028491	6772
7208.140454	11.028398	6773
7209.218960	10.702639	6774
7210.236702	11.203555	6775
7211.305687	11.029090	6776
7212.327054	10.943381	6777
7213.400038	10.540595	6778
7214.414642	10.766680	6779
7215.488585	10.406883	6780
7216.504966	9.888505	6781
7217.585260	10.996426	6782
7218.596426	11.417025	6783
7219.672374	10.739392	6784
7220.687231	10.863599	6785
7221.764042	10.688346	6786
7222.778281	10.867652	6787
7223.854717	10.983494	6788
7224.871105	10.926061	6789
7225.944688	10.882775	6790
7226.959607	10.858003	6791
7228.035917	10.839131	6792
7229.052278	10.836910	6793
7230.127505	11.067988	6794
7231.143134	11.038899	6795
7232.216109	10.891818	6796
7233.233147	10.951365	6797
7234.309284	10.867143	6798
7235.324991	10.939722	6799
7236.399136	10.858788	6800
7237.416484	10.830335	6801
7238.489799	11.069573	6802
7239.506206	10.833865	6803
7240.581204	10.942071	6804
7241.598034	10.999222	6805
7242.671986	10.935628	6806
7243.688084	10.953834	6807
7244.762345	10.957977	6808
7245.778531	11.077287	6809
7246.854003	11.095708	6810
7247.868837	10.903082	6811
7248.945713	10.871820	6812
7249.960636	10.850513	6813
7251.035917	10.855636	6814
7252.051021	10.794850	6815
7253.128160	10.977342	6816
7254.143876	10.844998	6817
7255.216947	10.926448	6818
7256.233257	10.952876	6819
7257.310279	10.925487	6820
7258.325437	10.949379	6821
7259.399366	10.877517	6822
7260.414485	10.853876	6823
7261.491663	10.955959	6824
7262.505252	11.015140	6825
7263.581715	10.798968	6826
7264.596776	10.942973	6827
7265.672476	10.989584	6828
7266.687843	11.017112	6829
7267.763892	10.940828	6830
7268.779883	10.999501	6831
7269.855244	11.008765	6832
7270.869112	10.840780	6833
7271.946405	11.019242	6834
7272.961359	11.003788	6835
7274.035881	10.742688	6836
7275.051391	10.849133	6837
7276.128003	10.957935	6838
7277.142509	10.894056	6839
7278.216720	10.799648	6840
7279.232189	10.968718	6841
7280.310901	10.830723	6842
7281.324259	10.920519	6843
7282.400975	10.913856	6844
7283.415178	10.919080	6845
7284.490145	10.893214	6846
7285.505934	10.908711	6847
7286.582533	10.808440	6848
7287.597501	10.871005	6849
7288.672572	11.000853	6850
7289.687866	10.984211	6851
7290.764509	10.793894	6852
7291.779632	10.849310	6853
7292.854756	11.038329	6854
7293.868651	10.799131	6855
7294.947383	10.677585	6856
7295.960337	10.949121	6857
7297.035890	10.842569	6858
7298.051683	10.853985	6859
7299.128190	10.929110	6860
7300.142919	10.933776	6861
7301.218009	10.864871	6862
7302.233547	10.838179	6863
7303.310314	10.955853	6864
7304.322828	11.023268	6865
7305.400605	10.888591	6866
7306.416931	10.836853	6867
7307.490672	10.847061	6868
7308.506927	10.996887	6869
7309.581989	10.840986	6870
7310.597302	10.891811	6871
7311.671873	11.041315	6872
7312.689188	10.816411	6873
7313.764205	10.961655	6874
7314.779416	11.166140	6875
7315.854599	10.961910	6876
7316.869762	10.932915	6877
7317.945847	10.949478	6878
7318.962135	10.968395	6879
7320.037566	11.050726	6880
7321.051395	10.957498	6881
7322.126636	10.790202	6882
7323.142568	10.847221	6883
7324.218274	10.968042	6884
7325.233108	10.920987	6885
7326.308815	10.884599	6886
7327.325491	10.976051	6887
7328.399418	10.984257	6888
7329.414429	10.984457	6889
7330.492932	10.889317	6890
7331.507598	10.877340	6891
7332.580522	11.029808	6892
7333.595297	10.859273	6893
7334.672649	10.946428	6894
7335.688284	11.007263	6895
7336.764371	10.784801	6896
7337.779374	10.836736	6897
7338.855756	11.014756	6898
7339.869886	10.922723	6899
7340.946319	10.777767	6900
7341.961595	10.855188	6901
7343.036672	11.031956	6902
7344.052299	11.036639	6903
7345.128946	10.748389	6904
7346.143450	10.831751	6905
7347.218247	10.980010	6906
7348.232309	10.984583	6907
7349.310537	10.885080	6908
7350.325550	10.878104	6909
7351.400125	10.991124	6910
7352.415447	10.927343	6911
7353.491598	10.788607	6912
7354.506349	10.923351	6913
7355.582229	11.050064	6914
7356.598894	10.911169	6915
7357.673374	11.014343	6916
7358.688099	10.957264	6917
7359.764719	10.763489	6918
7360.780025	10.859138	6919
7361.855401	10.936482	6920
7362.870671	11.047506	6921
7363.946372	10.971171	6922
7364.961574	10.955985	6923
7366.036541	10.949067	6924
7367.051332	10.994050	6925
7368.127893	10.826608	6926
7369.144752	10.843166	6927
7370.217310	10.931930	6928
7371.234596	10.936735	6929
7372.309177	10.965434	6930
7373.324595	11.033124	6931
7374.400002	10.900885	6932
7375.416153	11.039800	6933
7376.490315	10.951850	6934
7377.506341	10.959976	6935
7378.581691	10.753469	6936
7379.598641	10.797359	6937
7380.674426	11.236763	6938
7381.685474	10.959543	6939
7382.762936	10.635666	6940
7383.780280	10.487094	6941
7384.855864	11.133526	6942
7385.869885	11.234641	6943
7386.945785	10.739834	6944
7387.960367	10.851421	6945
7389.035431	10.784139	6946
7390.052267	10.724670	6947
7391.128948	10.750111	6948
7392.144861	10.928975	6949
7393.217996	11.044690	6950
7394.232867	10.924983	6951
7395.310926	10.735787	6952
7396.325126	10.995042	6953
7397.399942	11.053038	6954
7398.414004	10.798202	6955
7399.491269	10.826568	6956
7400.506362	10.942435	6957
7401.582271	10.901214	6958
7402.597773	10.923459	6959
7403.673648	10.843919	6960
7404.689772	11.090173	6961
7405.763370	10.882865	6962
7406.778110	10.858827	6963
7407.855685	10.879482	6964
7408.870633	11.115070	6965
7409.944622	11.029874	6966
7410.961158	10.800029	6967
7412.036775	11.001826	6968
7413.050152	10.947754	6969
7414.127829	10.825869	6970
7415.144568	10.848177	6971
7416.217341	11.001390	6972
7417.232508	11.035129	6973
7418.309998	10.756371	6974
7419.325999	10.983601	6975
7420.398704	10.881124	6976
7421.416214	10.838132	6977
7422.490829	10.913090	6978
7423.505668	11.020164	6979
7424.581212	10.787420	6980
7425.598768	10.706127	6981
7426.671675	11.001359	6982
7427.686916	11.002337	6983
7428.763985	10.822361	6984
7429.780103	10.967992	6985
7430.853577	10.911855	6986
7431.868747	10.894929	6987
7432.945696	10.869209	6988
7433.961627	10.966485	6989
7435.035435	10.844498	6990
7436.050311	10.802415	6991
7437.127679	10.864270	6992
7438.143334	11.042957	6993
7439.217462	10.979929	6994
7440.233571	10.810984	6995
7441.308724	10.894225	6996
7442.323578	10.868027	6997
7443.400688	10.907071	6998
7444.414836	10.871935	6999
7445.490915	10.832926	7000
7446.504550	10.910900	7001
7447.582704	11.056469	7002
7448.596948	10.911050	7003
7449.672024	10.783526	7004
7450.687979	10.960074	7005
7451.763065	10.867708	7006
7452.778031	10.891694	7007
7453.855447	10.902924	7008
7454.871204	11.001906	7009
7455.943900	10.946542	7010
7456.960427	10.787403	7011
7458.036948	10.749353	7012
7459.051337	10.960374	7013
7460.126954	10.853686	7014
7461.141972	10.912279	7015
7462.218961	10.860981	7016
7463.233476	10.839121	7017
7464.308398	10.862034	7018
7465.324162	10.939876	7019
7466.400152	10.627244	7020
7467.415917	10.905264	7021
7468.490935	10.928844	7022
7469.507972	10.925275	7023
7470.581121	10.879450	7024
7471.595639	10.872532	7025
7472.672940	10.816189	7026
7473.689257	10.801318	7027
7474.762095	10.921288	7028
7475.777960	10.970459	7029
7476.853847	10.904930	7030
7477.871352	10.910971	7031
7478.945830	10.882497	7032
7479.961620	11.000965	7033
7481.035100	10.906319	7034
7482.051990	11.009815	7035
7483.127287	10.920417	7036
7484.144217	10.678021	7037
7485.217644	10.863870	7038
7486.233843	10.913157	7039
7487.308452	10.988437	7040
7488.324738	10.966128	7041
7489.398780	10.827493	7042
7490.415027	10.947644	7043
7491.491853	10.890356	7044
7492.508484	10.689688	7045
7493.580941	10.903647	7046
7494.594636	10.905256	7047
7495.670135	10.888357	7048
7496.687853	10.795654	7049
7497.762829	10.924503	7050
7498.777991	10.991663	7051
7499.854174	10.820543	7052
7500.870162	11.023502	7053
7501.945283	10.999894	7054
7502.963287	10.978920	7055
7504.035579	10.689387	7056
7505.050300	11.176956	7057
7506.126127	10.911263	7058
7507.139296	10.901569	7059
7508.218242	10.710180	7060
7509.233623	10.962962	7061
7510.307138	10.918041	7062
7511.322669	10.821518	7063
7512.400946	10.845715	7064
7513.415382	10.938726	7065
7514.490870	10.784770	7066
7515.505492	10.758892	7067
7516.581382	10.791741	7068
7517.597244	10.923581	7069
7518.672829	10.774900	7070
7519.687483	10.738232	7071
7520.763884	10.945199	7072
7521.777893	11.016053	7073
7522.853491	10.798206	7074
7523.867644	10.988300	7075
7524.946366	10.993769	7076
7525.959793	10.815187	7077
7527.038343	10.857733	7078
7528.054104	11.010473	7079
7529.124671	10.806864	7080
7530.140111	10.874691	7081
7531.218940	10.571386	7082
7532.234809	10.835012	7083
7533.308096	11.050913	7084
7534.324642	10.811785	7085
7535.399615	10.964146	7086
7536.414802	10.938539	7087
7537.490550	10.959884	7088
7538.507045	10.779386	7089
7539.580786	10.978705	7090
7540.596175	11.066776	7091
7541.671009	10.776939	7092
7542.688659	10.695007	7093
7543.762989	10.847419	7094
7544.779325	10.985121	7095
7545.853262	10.873202	7096
7546.870581	10.963834	7097
7547.944703	10.839902	7098
7548.960494	10.845067	7099
7550.035091	10.914503	7100
7551.050857	10.839816	7101
7552.126917	10.828011	7102
7553.142131	10.847276	7103
7554.217232	10.717617	7104
7555.232534	10.912034	7105
7556.309085	11.024134	7106
7557.324385	11.053656	7107
7558.399265	10.805992	7108
7559.416774	10.876333	7109
7560.488164	10.982923	7110
7561.504617	10.948421	7111
7562.583484	10.833605	7112
7563.598777	10.737117	7113
7564.670943	10.831733	7114
7565.686900	10.949843	7115
7566.763384	10.746840	7116
7567.778735	10.860112	7117
7568.854929	10.879376	7118
7569.870802	10.927828	7119
7570.943943	10.927031	7120
7571.959660	10.774322	7121
7573.035872	10.902947	7122
7574.051706	10.998307	7123
7575.125895	10.989912	7124
7576.142650	10.863430	7125
7577.218707	10.971901	7126
7578.233275	10.954675	7127
7579.307464	10.828345	7128
7580.324023	10.789453	7129
7581.399800	10.962939	7130
7582.414796	10.941615	7131
7583.491282	10.948453	7132
7584.507113	10.953286	7133
7585.580475	10.876948	7134
7586.594808	10.700313	7135
7587.672496	10.766008	7136
7588.688783	10.819051	7137
7589.762364	10.954933	7138
7590.779118	10.849521	7139
7591.853385	10.731664	7140
7592.870093	10.825068	7141
7593.945826	10.912367	7142
7594.960753	10.974655	7143
7596.035086	10.901773	7144
7597.051187	10.861479	7145
7598.126356	10.966443	7146
7599.143045	10.822361	7147
7600.218170	10.880033	7148
7601.233324	10.937298	7149
7602.306664	10.803946	7150
7603.323795	10.849496	7151
7604.399921	10.801429	7152
7605.415115	10.932974	7153
7606.489602	10.805509	7154
7607.505351	10.663519	7155
7608.581710	10.965851	7156
7609.596954	11.085136	7157
7610.671913	10.739311	7158
7611.687563	10.729301	7159
7612.763624	10.961979	7160
7613.778956	10.955152	7161
7614.853841	10.804755	7162
7615.870121	10.955585	7163
7616.943475	10.801920	7164
7617.958548	10.822035	7165
7619.036571	10.771075	7166
7620.052928	11.077697	7167
7621.125707	10.979402	7168
7622.142315	10.965472	7169
7623.216463	10.692598	7170
7624.232539	10.924014	7171
7625.309133	10.900508	7172
7626.325980	10.916106	7173
7627.398504	10.808177	7174
7628.413091	10.849904	7175
7629.490197	10.881395	7176
7630.506914	11.011175	7177
7631.580215	10.883376	7178
7632.597594	10.842183	7179
7633.671921	10.907114	7180
7634.687110	11.109271	7181
7635.763217	10.891662	7182
7636.778644	10.874790	7183
7637.854047	10.954147	7184
7638.868170	10.963473	7185
7639.945322	10.834331	7186
7640.960551	10.833649	7187
7642.034550	10.917238	7188
7643.050555	10.882989	7189
7644.126870	10.901681	7190
7645.142768	11.053324	7191
7646.216030	10.953003	7192
7647.232102	11.009102	7193
7648.308010	10.824150	7194
7649.323940	10.873776	7195
7650.398932	10.848224	7196
7651.415291	11.070729	7197
7652.487412	10.752921	7198
7653.505360	10.894961	7199
7654.582738	10.931086	7200
7655.596617	10.720326	7201
7656.670317	10.783917	7202
7657.689849	11.283274	7203
7658.765017	11.034020	7204
7659.778511	10.856170	7205
7660.855066	10.547264	7206
7661.871588	11.303336	7207
7662.945807	11.471598	7208
7663.959797	11.420587	7209
7665.034540	10.105046	7210
7666.049499	10.647365	7211
7667.125840	11.050684	7212
7668.144484	11.003884	7213
7669.218902	10.879110	7214
7670.233943	11.074263	7215
7671.306235	10.965409	7216
7672.322267	10.839047	7217
7673.399253	10.975579	7218
7674.415026	11.044194	7219
7675.488770	10.772991	7220
7676.506404	10.768735	7221
7677.580087	10.884195	7222
7678.595961	10.970510	7223
7679.671662	10.873446	7224
7680.688367	11.043178	7225
7681.761256	10.867194	7226
7682.778466	10.911145	7227
7683.852623	10.931854	7228
7684.868369	10.922339	7229
7685.945855	10.867863	7230
7686.960789	10.968813	7231
7688.033315	10.935992	7232
7689.048935	10.913227	7233
7690.126949	10.962960	7234
7691.140853	11.098935	7235
7692.215537	10.862708	7236
7693.231977	10.806088	7237
7694.307263	11.089238	7238
7695.323080	10.959402	7239
7696.399042	10.741117	7240
7697.416118	10.896560	7241
7698.489551	11.107240	7242
7699.505339	11.029551	7243
7700.580573	10.762583	7244
7701.595370	10.733483	7245
7702.671059	11.011224	7246
7703.687223	10.822226	7247
7704.763580	10.972544	7248
7705.777851	11.042170	7249
7706.852490	10.864124	7250
7707.870163	10.845530	7251
7708.942280	11.033960	7252
7709.959225	10.954448	7253
7711.036175	11.101761	7254
7712.051632	11.079430	7255
7713.125439	10.841830	7256
7714.140996	10.831531	7257
7715.218306	10.986517	7258
7716.232889	10.876938	7259
7717.307681	10.874240	7260
7718.324534	10.989470	7261
7719.396727	11.092750	7262
7720.413415	11.022501	7263
7721.490364	10.733842	7264
7722.507038	10.976242	7265
7723.578878	11.001849	7266
7724.595007	10.945183	7267
7725.670913	10.874736	7268
7726.688868	10.921590	7269
7727.762502	10.872632	7270
7728.778728	11.018416	7271
7729.852841	10.832175	7272
7730.866511	10.410813	7273
7731.943433	11.086451	7274
7732.958657	11.161906	7275
7734.035240	11.016801	7276
7735.050363	10.896769	7277
7736.125561	10.826336	7278
7737.142652	10.996819	7279
7738.216533	10.844595	7280
7739.232652	11.013952	7281
7740.308164	10.986630	7282
7741.322544	10.942418	7283
7742.399911	11.003396	7284
7743.414557	10.978684	7285
7744.489101	10.964046	7286
7745.504233	10.945169	7287
7746.581962	11.113336	7288
7747.596947	10.964273	7289
7748.671915	10.787497	7290
7749.687950	10.887099	7291
7750.760857	10.864578	7292
7751.776115	10.959151	7293
7752.854288	10.831211	7294
7753.869464	10.899547	7295
7754.943173	11.136441	7296
7755.959702	11.026417	7297
7757.035544	10.659571	7298
7758.050704	10.987855	7299
7759.126857	10.839241	7300
7760.141702	10.911162	7301
7761.216806	11.055401	7302
7762.231474	11.122638	7303
7763.307747	10.816482	7304
7764.324032	10.962603	7305
7765.398371	10.931904	7306
7766.413651	10.946056	7307
7767.489742	10.772310	7308
7768.505862	11.188085	7309
7769.579673	10.930614	7310
7770.595642	10.969296	7311
7771.670916	10.889573	7312
7772.687962	10.967000	7313
7773.761337	10.811524	7314
7774.778202	10.802380	7315
7775.851701	10.880476	7316
7776.867011	10.972453	7317
7777.943872	10.793613	7318
7778.962361	10.860983	7319
7780.032513	10.888136	7320
7781.050776	10.904079	7321
7782.126753	10.915868	7322
7783.142314	11.005651	7323
7784.216501	10.946002	7324
7785.232131	10.799089	7325
7786.306993	10.804352	7326
7787.323502	10.955561	7327
7788.398386	10.815862	7328
7789.416298	10.808277	7329
7790.488238	10.956233	7330
7791.504118	11.046641	7331
7792.580767	10.843396	7332
7793.596003	10.964906	7333
7794.670339	10.916300	7334
7795.685540	10.884493	7335
7796.762301	10.975950	7336
7797.778189	11.028080	7337
7798.851980	10.815367	7338
7799.868356	11.008061	7339
7800.943688	10.900111	7340
7801.957556	10.974967	7341
7803.035943	10.978972	7342
7804.050060	10.977503	7343
7805.124448	10.876469	7344
7806.140648	10.907713	7345
7807.218839	10.996982	7346
7808.231948	11.105479	7347
7809.307020	10.938246	7348
7810.321862	10.824406	7349
7811.399455	10.842616	7350
7812.414964	11.113347	7351
7813.488058	10.912418	7352
7814.504881	10.913435	7353
7815.581343	10.913281	7354
7816.595561	10.993053	7355
7817.671091	10.825132	7356
7818.686356	10.908159	7357
7819.761952	10.828972	7358
7820.777237	10.941038	7359
7821.852598	10.790834	7360
7822.869232	10.869225	7361
7823.944272	10.915665	7362
7824.958628	10.979937	7363
7826.034739	10.670508	7364
7827.051985	10.851819	7365
7828.124059	11.131551	7366
7829.139727	11.047156	7367
7830.217156	10.775968	7368
7831.235282	10.961223	7369
7832.305510	11.014884	7370
7833.322022	10.957744	7371
7834.398491	10.815388	7372
7835.416681	10.988476	7373
7836.488317	10.948053	7374
7837.504464	10.979309	7375
7838.579883	10.695958	7376
7839.597145	10.784753	7377
7840.670085	10.954193	7378
7841.686569	10.964436	7379
7842.763248	10.908172	7380
7843.777910	10.912721	7381
7844.851312	10.935664	7382
7845.867689	11.358316	7383
7846.942965	10.399614	7384
7847.960008	10.645331	7385
7849.033001	10.724872	7386
7850.048919	11.088173	7387
7851.125606	11.069822	7388
7852.140141	11.059235	7389
7853.214514	10.871370	7390
7854.232982	10.796583	7391
7855.308033	10.963161	7392
7856.322148	10.803042	7393
7857.398870	10.879139	7394
7858.412612	10.891406	7395
7859.488682	10.879403	7396
7860.504524	11.024052	7397
7861.578909	10.756714	7398
7862.595874	10.861639	7399
7863.671317	10.955817	7400
7864.686819	10.888535	7401
7865.760511	10.894055	7402
7866.777473	10.882770	7403
7867.854236	10.933902	7404
7868.869377	10.864699	7405
7869.943598	10.924205	7406
7870.958241	10.943131	7407
7872.034522	10.944862	7408
7873.050192	10.942753	7409
7874.125243	10.987134	7410
7875.141023	10.975838	7411
7876.216158	10.804673	7412
7877.232330	10.862335	7413
7878.307116	10.800217	7414
7879.321300	10.824363	7415
7880.398396	10.853876	7416
7881.415265	10.994584	7417
7882.485915	10.906329	7418
7883.503403	10.825048	7419
7884.581837	10.868127	7420
7885.596103	10.949775	7421
7886.669140	10.905105	7422
7887.684988	10.786883	7423
7888.761682	10.902030	7424
7889.779478	11.061651	7425
7890.852301	10.903747	7426
7891.868450	10.838968	7427
7892.944086	10.861220	7428
7893.959449	11.062541	7429
7895.034330	10.922759	7430
7896.050492	10.910263	7431
7897.126067	10.979783	7432
7898.141867	11.097564	7433
7899.216208	10.960599	7434
7900.231401	10.756931	7435
7901.308593	10.895745	7436
7902.323558	10.982653	7437
7903.398020	10.924417	7438
7904.414528	10.821964	7439
7905.488105	10.850969	7440
7906.503719	10.925242	7441
7907.580231	10.948377	7442
7908.596302	10.860809	7443
7909.669598	10.859879	7444
7910.685566	10.847051	7445
7911.762725	10.659439	7446
7912.778213	10.882009	7447
7913.849057	10.937849	7448
7914.868946	10.717051	7449
7915.943426	10.899944	7450
7916.960773	10.998700	7451
7918.034477	10.907036	7452
7919.049005	10.827356	7453
7920.125514	10.866605	7454
7921.143166	10.842769	7455
7922.216682	11.003790	7456
7923.231980	10.894174	7457
7924.308940	10.871471	7458
7925.323442	10.874715	7459
7926.397309	11.028703	7460
7927.413225	11.049484	7461
7928.489421	10.720306	7462
7929.505378	10.892479	7463
7930.580742	10.922946	7464
7931.595856	10.994335	7465
7932.670901	10.918864	7466
7933.687189	10.907235	7467
7934.761086	10.875019	7468
7935.776426	10.870513	7469
7936.852775	10.764999	7470
7937.869484	10.817117	7471
7938.941667	10.912093	7472
7939.958380	10.859920	7473
7941.035322	10.862773	7474
7942.051569	10.897409	7475
7943.123019	10.987446	7476
7944.140796	10.927323	7477
7945.216070	10.858537	7478
7946.232750	10.807645	7479
7947.306231	10.892517	7480
7948.323175	10.816356	7481
7949.395410	11.010788	7482
7950.413486	11.037386	7483
7951.489001	10.888011	7484
7952.505410	10.422777	7485
7953.579328	10.762659	7486
7954.597389	10.966892	7487
7955.670788	10.927867	7488
7956.686308	10.926423	7489
7957.760406	10.869649	7490
7958.777487	10.954525	7491
7959.853117	10.672009	7492
7960.869472	10.868682	7493
7961.941927	11.040516	7494
7962.957556	11.006020	7495
7964.036130	10.881717	7496
7965.052554	10.757703	7497
7966.125716	10.882273	7498
7967.141009	10.985760	7499
7968.215520	10.919458	7500
7969.231859	10.786067	7501
7970.307269	10.725481	7502
7971.321831	10.760777	7503
7972.397480	10.973516	7504
7973.413827	11.011629	7505
7974.489526	10.977427	7506
7975.502680	10.895875	7507
7976.579820	10.761239	7508
7977.596776	11.106193	7509
7978.668475	11.064114	7510
7979.685879	10.880930	7511
7980.761112	10.610147	7512
7981.778908	11.054221	7513
7982.854102	10.876459	7514
7983.866676	11.054474	7515
7984.939565	10.829028	7516
7985.957678	10.970151	7517
7987.036223	11.375601	7518
7988.049869	11.043509	7519
7989.123528	10.843019	7520
7990.141693	11.085723	7521
7991.213511	10.568500	7522
7992.233614	10.819252	7523
7993.305371	10.901246	7524
7994.323146	10.857530	7525
7995.399538	10.896646	7526
7996.416043	10.955690	7527
7997.488523	10.815975	7528
7998.504359	10.750363	7529
7999.580438	10.918944	7530
8000.597181	10.946902	7531
8001.669568	11.029759	7532
8002.685485	10.776296	7533
8003.762942	10.739025	7534
8004.776929	10.988243	7535
8005.853871	10.762095	7536
8006.869936	11.022567	7537
8007.940934	10.952009	7538
8008.958459	10.988106	7539
8010.035013	10.993218	7540
8011.051495	11.013089	7541
8012.123289	10.872135	7542
8013.141184	10.722798	7543
8014.215730	11.034247	7544
8015.232158	11.007341	7545
8016.305049	10.666035	7546
8017.324615	10.683810	7547
8018.399171	11.153320	7548
8019.414298	11.098736	7549
8020.487439	10.756058	7550
8021.505860	10.954905	7551
8022.580320	11.078746	7552
8023.595263	10.981956	7553
8024.670907	10.946777	7554
8025.687910	10.874715	7555
8026.760376	10.891652	7556
8027.775543	10.928008	7557
8028.851847	10.796042	7558
8029.869341	10.866244	7559
8030.943182	11.087302	7560
8031.958708	11.017764	7561
8033.034292	10.930294	7562
8034.051329	10.826474	7563
8035.125428	10.829864	7564
8036.141879	10.984945	7565
8037.215615	11.058582	7566
8038.231001	10.960996	7567
8039.307594	10.896381	7568
8040.323125	11.044334	7569
8041.396590	10.847381	7570
8042.413296	10.861753	7571
8043.489012	10.852756	7572
8044.505448	11.109850	7573
8045.578788	10.904338	7574
8046.594910	10.858308	7575
8047.671274	10.896139	7576
8048.686731	11.041995	7577
8049.761190	10.814837	7578
8050.775844	10.845792	7579
8051.852172	10.876798	7580
8052.868550	11.072465	7581
8053.942858	10.818896	7582
8054.957975	10.792506	7583
8056.033740	11.026054	7584
8057.049454	11.018654	7585
8058.126359	10.972826	7586
8059.141172	11.044592	7587
8060.215408	11.011097	7588
8061.231153	11.253520	7589
8062.305589	10.744017	7590
8063.323939	10.830145	7591
8064.397717	10.993578	7592
8065.413884	11.030744	7593
8066.488389	10.732979	7594
8067.504654	10.845892	7595
8068.577519	11.127051	7596
8069.595018	10.840162	7597
8070.670954	10.418435	7598
8071.688216	10.781953	7599
8072.761469	10.806835	7600
8073.777868	11.003138	7601
8074.851221	11.007183	7602
8075.869406	11.120289	7603
8076.942994	10.852202	7604
8077.958855	10.964433	7605
8079.032215	10.863856	7606
8080.050640	10.969989	7607
8081.124233	10.812008	7608
8082.140795	10.903078	7609
8083.215707	10.906484	7610
8084.233142	11.137920	7611
8085.306778	10.824600	7612
8086.323443	10.972844	7613
8087.396565	10.822509	7614
8088.413759	10.970690	7615
8089.488777	11.009040	7616
8090.504101	11.224693	7617
8091.578961	10.775868	7618
8092.593958	11.061163	7619
8093.670153	11.067817	7620
8094.686492	11.015022	7621
8095.760920	10.888048	7622
8096.777473	10.984208	7623
8097.850355	11.173236	7624
8098.864992	11.085775	7625
8099.946683	10.681301	7626
8100.957481	10.725846	7627
8102.032798	10.772522	7628
8103.048652	11.011175	7629
8104.125466	11.002209	7630
8105.141884	11.179675	7631
8106.215480	10.776172	7632
8107.230304	10.835601	7633
8108.307371	10.889601	7634
8109.322047	10.916678	7635
8110.396600	10.888524	7636
8111.413072	10.903922	7637
8112.487922	10.847961	7638
8113.504406	10.903391	7639
8114.581085	10.889084	7640
8115.595288	10.994053	7641
8116.668803	11.118173	7642
8117.684656	11.015157	7643
8118.761871	11.070271	7644
8119.777482	11.089840	7645
8120.852180	10.859222	7646
8121.868466	10.914694	7647
8122.939723	11.055794	7648
8123.957306	10.962626	7649
8125.033513	10.798613	7650
8126.049657	10.998649	7651
8127.124039	10.920542	7652
8128.140961	10.996698	7653
8129.216436	10.980511	7654
8130.229432	11.060242	7655
8131.304979	10.642512	7656
8132.321586	10.754374	7657
8133.397453	10.914328	7658
8134.413683	11.172736	7659
8135.487941	10.830284	7660
8136.502625	10.906647	7661
8137.577858	10.942478	7662
8138.594531	11.059953	7663
8139.670390	10.956649	7664
8140.687015	11.019418	7665
8141.759452	11.072635	7666
8142.774855	10.874484	7667
8143.851602	10.794355	7668
8144.868192	10.878950	7669
8145.941443	10.901730	7670
8146.957577	11.012995	7671
8148.032627	10.989870	7672
8149.049646	10.968453	7673
8150.124153	10.932490	7674
8151.139426	10.825447	7675
8152.215287	10.975926	7676
8153.232190	11.028463	7677
8154.305319	11.004664	7678
8155.321641	10.838910	7679
8156.396641	10.867813	7680
8157.413028	10.919998	7681
8158.488957	10.939452	7682
8159.503699	10.871917	7683
8160.578662	10.867677	7684
8161.593213	11.047672	7685
8162.669814	11.063591	7686
8163.686862	10.985240	7687
8164.759725	10.906899	7688
8165.777314	11.439039	7689
8166.850565	10.982138	7690
8167.867770	10.981774	7691
8168.943030	10.876774	7692
8169.958574	11.033586	7693
8171.031398	11.003914	7694
8172.048550	10.919429	7695
8173.124814	10.833507	7696
8174.139808	10.847943	7697
8175.214218	10.968968	7698
8176.231852	10.938726	7699
8177.305750	11.107113	7700
8178.320987	11.052112	7701
8179.395993	10.875362	7702
8180.413360	10.807152	7703
8181.489060	11.166071	7704
8182.503722	11.065521	7705
8183.576725	10.926714	7706
8184.594869	10.866901	7707
8185.669622	10.927820	7708
8186.685795	10.917668	7709
8187.760594	10.881345	7710
8188.778134	10.940614	7711
8189.849741	10.948267	7712
8190.865954	11.025981	7713
8191.943650	10.789387	7714
8192.958865	11.006185	7715
8194.030996	10.935451	7716
8195.049289	10.820603	7717
8196.124272	10.808713	7718
8197.141551	10.946647	7719
8198.213662	10.849403	7720
8199.230721	10.867780	7721
8200.306540	10.929162	7722
8201.321646	11.074549	7723
8202.396196	10.599068	7724
8203.413410	10.829044	7725
8204.488988	10.952730	7726
8205.504479	11.040070	7727
8206.579114	10.840437	7728
8207.594822	11.049511	7729
8208.668891	10.801433	7730
8209.684319	11.000268	7731
8210.760386	10.814397	7732
8211.777762	11.031619	7733
8212.849568	10.746901	7734
8213.867060	11.339456	7735
8214.943179	10.916121	7736
8215.957171	10.740288	7737
8217.032769	10.951029	7738
8218.047126	10.891940	7739
8219.122064	10.771658	7740
8220.139996	10.859900	7741
8221.214946	11.231777	7742
8222.232404	11.324467	7743
8223.307052	11.023871	7744
8224.322584	10.924176	7745
8225.396564	10.645900	7746
8226.410662	10.953654	7747
8227.489410	10.880391	7748
8228.502435	10.944669	7749
8229.579412	11.430732	7750
8230.593882	11.048154	7751
8231.668432	10.802297	7752
8232.683385	10.838835	7753
8233.762938	10.764293	7754
8234.775688	11.007261	7755
8235.850988	10.833339	7756
8236.866408	10.820467	7757
8237.942383	10.786082	7758
8238.957950	10.970262	7759
8240.033821	10.808909	7760
8241.048511	10.811819	7761
8242.124008	10.936915	7762
8243.138148	11.022363	7763
8244.215483	10.722517	7764
8245.233005	10.847545	7765
8246.305361	10.953171	7766
8247.321336	10.883714	7767
8248.396677	10.942300	7768
8249.412741	10.981083	7769
8250.485990	10.781684	7770
8251.502599	10.768309	7771
8252.579637	10.913866	7772
8253.594739	10.962948	7773
8254.669565	10.887125	7774
8255.685728	11.027047	7775
8256.759811	10.818275	7776
8257.776858	10.839812	7777
8258.851670	10.720190	7778
8259.868207	10.805261	7779
8260.940212	10.803087	7780
8261.956836	10.872048	7781
8263.032798	10.855084	7782
8264.048785	10.937166	7783
8265.124129	10.842589	7784
8266.141199	10.818287	7785
8267.214694	10.950883	7786
8268.229078	10.955740	7787
8269.306064	10.882327	7788
8270.321844	10.863638	7789
8271.396392	10.914621	7790
8272.411714	10.756777	7791
8273.487582	10.857128	7792
8274.504558	11.012121	7793
8275.577611	10.786818	7794
8276.593628	10.849069	7795
8277.670462	10.999890	7796
8278.684912	11.010384	7797
8279.760143	10.801339	7798
8280.776061	10.841008	7799
8281.851177	10.949265	7800
8282.866765	10.779805	7801
8283.943226	10.726066	7802
8284.957844	10.910184	7803
8286.032083	10.765122	7804
8287.047569	10.852934	7805
8288.124691	10.881373	7806
8289.140044	10.895370	7807
8290.214350	10.843230	7808
8291.231502	10.832302	7809
8292.305942	10.949420	7810
8293.321198	10.908004	7811
8294.397364	10.957000	7812
8295.412392	10.875937	7813
8296.488008	10.885278	7814
8297.503097	10.847523	7815
8298.577972	10.868907	7816
8299.594453	10.964840	7817
8300.670141	10.870937	7818
8301.685744	10.971824	7819
8302.759570	11.038566	7820
8303.776130	10.948441	7821
8304.851308	11.017663	7822
8305.867473	10.870993	7823
8306.942183	10.808384	7824
8307.958736	10.883798	7825
8309.032788	10.929395	7826
8310.050642	10.969604	7827
8311.120136	10.843725	7828
8312.137337	10.826584	7829
8313.216504	10.754282	7830
8314.228567	11.054723	7831
8315.306956	10.861546	7832
8316.323728	10.872619	7833
8317.394202	10.920150	7834
8318.413881	10.847178	7835
8319.486423	10.869782	7836
8320.503791	10.659370	7837
8321.580586	10.710987	7838
8322.593661	10.894004	7839
8323.670958	10.881676	7840
8324.686196	10.857580	7841
8325.759991	10.770695	7842
8326.779894	11.088445	7843
8327.850846	11.277538	7844
8328.865050	10.999261	7845
8329.943324	10.719457	7846
8330.958285	11.103096	7847
8332.033515	10.864583	7848
8333.048486	10.651390	7849
8334.126286	10.976613	7850
8335.139627	11.218814	7851
8336.214615	10.725958	7852
8337.231357	11.011242	7853
8338.305122	10.955631	7854
8339.321100	11.032948	7855
8340.396967	11.141898	7856
8341.412276	10.759959	7857
8342.487433	10.920042	7858
8343.501031	10.954823	7859
8344.578690	10.822353	7860
8345.594310	10.867839	7861
8346.669215	10.937237	7862
8347.685228	11.020394	7863
8348.758566	10.836431	7864
8349.775370	10.970215	7865
8350.851130	10.930950	7866
8351.867543	10.864458	7867
8352.941478	11.031242	7868
8353.957970	10.922430	7869
8355.033653	10.849675	7870
8356.047941	10.961642	7871
8357.123839	10.831165	7872
8358.139681	10.956968	7873
8359.216061	11.102989	7874
8360.230258	11.102021	7875
8361.304223	10.770569	7876
8362.321025	10.839631	7877
8363.396980	10.827714	7878
8364.413744	11.003655	7879
8365.486197	10.819924	7880
8366.504354	10.941173	7881
8367.576753	10.834150	7882
8368.592554	10.993704	7883
8369.669569	10.722868	7884
8370.687900	10.925750	7885
8371.759817	11.010563	7886
8372.775759	11.147526	7887
8373.851001	10.718427	7888
8374.868450	11.027872	7889
8375.940571	10.819392	7890
8376.956814	10.901895	7891
8378.032004	10.992847	7892
8379.049765	10.985994	7893
8380.123358	10.834455	7894
8381.138992	10.986300	7895
8382.214888	10.942560	7896
8383.230289	10.893737	7897
8384.306341	10.791899	7898
8385.321855	10.929146	7899
8386.395224	10.950169	7900
8387.411236	11.009230	7901
8388.489276	10.818850	7902
8389.503785	11.023295	7903
8390.576827	10.896598	7904
8391.592488	10.827540	7905
8392.667499	10.912051	7906
8393.683024	10.689764	7907
8394.760427	10.815446	7908
8395.776222	11.148791	7909
8396.849381	11.311686	7910
8397.863672	10.747900	7911
8398.943356	10.238871	7912
8399.954498	10.554165	7913
8401.035144	11.181316	7914
8402.046692	10.897683	7915
8403.124290	10.995352	7916
8404.140163	10.933875	7917
8405.214249	10.918878	7918
8406.229656	10.608400	7919
8407.307511	10.944857	7920
8408.321491	11.071541	7921
8409.396274	10.839859	7922
8410.413042	10.798339	7923
8411.487290	10.864745	7924
8412.501792	11.057006	7925
8413.579334	10.908876	7926
8414.595901	10.849591	7927
8415.668438	10.903673	7928
8416.684513	10.995288	7929
8417.759522	10.941981	7930
8418.776267	10.863925	7931
8419.850806	10.827924	7932
8420.866862	10.973233	7933
8421.941863	11.021170	7934
8422.958657	10.969154	7935
8424.031523	10.884422	7936
8425.048392	11.068478	7937
8426.123161	11.034533	7938
8427.139233	11.122206	7939
8428.212278	10.835664	7940
8429.232524	10.762265	7941
8430.303837	10.715718	7942
8431.320570	10.964718	7943
8432.396822	10.767559	7944
8433.413835	10.923070	7945
8434.486585	11.075463	7946
8435.500583	11.381196	7947
8436.576085	10.897463	7948
8437.594712	11.252901	7949
8438.668950	10.895721	7950
8439.683405	10.490391	7951
8440.757487	10.759339	7952
8441.775916	10.918289	7953
8442.851300	11.322487	7954
8443.866598	11.063146	7955
8444.941472	10.842259	7956
8445.957285	11.017470	7957
8447.035141	11.070532	7958
8448.048010	11.071309	7959
8449.122552	10.840032	7960
8450.140509	10.937494	7961
8451.216449	11.120030	7962
8452.230118	10.977773	7963
8453.307973	10.882139	7964
8454.319909	10.956887	7965
8455.397110	10.967677	7966
8456.411515	10.887906	7967
8457.487403	11.001707	7968
8458.501336	10.878048	7969
8459.577887	10.752815	7970
8460.593439	10.925603	7971
8461.668811	10.750251	7972
8462.682839	10.811093	7973
8463.761063	10.756918	7974
